"Vx";"Vy";"X";"Y";"Traj";"Time";"TrueMovMode";"TrueTrajClust";"firstEstMovMode";"firstSegment";"finalEstMovMode";"finalSegment"
0;0;0;0;"T1";0;1;2;1;"S-1-NA";2;"S-1"
-1.62747223100966;1.34639884689542;0;0;"T1";0.0325871398672462;1;2;1;"S-1-NA";2;"S-1"
-2.67357020230807;2.63833836258502;-0.0493499756173054;0.0408269640485575;"T1";0.0629102229140699;1;2;1;"S-1-NA";2;"S-1"
-12.8195529629036;7.75019012706752;-0.865225921161532;0.845951439321874;"T1";0.368073687423021;1;2;1;"S-1-NA";2;"S-1"
-13.142480741272;7.79030659615059;-0.964940267527967;0.906234753800345;"T1";0.375851988792419;1;2;1;"S-1-NA";2;"S-1"
-14.1453090848897;7.92146527443337;-1.46508630588126;1.20270016686247;"T1";0.413907668553293;1;2;1;"S-1-NA";2;"S-1"
-16.6749978035268;7.91037200942753;-2.99793208358926;2.06110379214249;"T1";0.522271916270256;1;2;1;"S-1-NA";2;"S-1"
-17.5651638497727;7.84067886671278;-3.60184531320927;2.34759128461453;"T1";0.558488606475294;1;2;4;"S-2-NA";2;"S-1"
-17.7996044793535;7.71519460494222;-4.20923244669045;2.61871471404162;"T1";0.593067682348192;1;2;4;"S-2-NA";2;"S-1"
-18.2043714722775;7.49461969257653;-4.57254171755627;2.77619022029575;"T1";0.613478769082576;1;2;4;"S-2-NA";2;"S-1"
-18.5087176520682;7.55444063799312;-5.35721544190435;3.09923521834482;"T1";0.656582356896251;1;2;4;"S-2-NA";2;"S-1"
-20.0473922723759;7.02976337993955;-7.25271368291091;3.8728938375039;"T1";0.758993462659419;1;2;4;"S-2-NA";2;"S-1"
-20.382693708757;6.82949709264019;-8.45642779259691;4.29498491315204;"T1";0.819036888424307;1;2;4;"S-2-NA";2;"S-1"
-20.6145508599468;6.38881346615025;-9.42099616873005;4.61817658813775;"T1";0.866359798237681;1;2;4;"S-2-NA";2;"S-1"
-21.0041165583193;5.66424777107889;-12.7256329475554;5.64234190208189;"T1";1.02666582679376;1;2;4;"S-2-NA";2;"S-1"
-21.3241866735167;5.19120830886157;-14.0945212589271;6.01149442249446;"T1";1.09183820895851;1;2;4;"S-2-NA";2;"S-1"
-21.3396112183833;4.87749876698386;-15.0654019902675;6.24784782703988;"T1";1.1373677640222;1;2;4;"S-2-NA";2;"S-1"
-22.110897687225;3.99428899694823;-18.1554608454739;6.95412865389923;"T1";1.28217166056857;1;2;4;"S-2-NA";2;"S-1"
-21.7180018751146;4.12677012391396;-19.287507786932;7.15863064681956;"T1";1.33337025763467;1;2;4;"S-2-NA";2;"S-1"
-21.5022094505034;4.13851864740095;-19.9837975383082;7.29093691330254;"T1";1.3654307462275;1;2;2;"S-3-NA";2;"S-1"
-21.8681047471326;4.00560228171414;-20.5324104393163;7.39652814225291;"T1";1.39094500336796;1;2;4;"S-4-NA";2;"S-1"
-22.0209749580238;3.80842641898973;-21.2106348881048;7.52075918243657;"T1";1.4219593256712;1;2;4;"S-4-NA";2;"S-1"
-22.1292580235397;3.64648552853014;-21.3734657282501;7.54892002793128;"T1";1.42935367766768;1;2;2;"S-5";2;"S-1"
-22.236856663864;3.41470832595102;-22.4600860057988;7.72797461317195;"T1";1.47845700848848;1;2;2;"S-5";2;"S-1"
-22.3819913575091;3.35549782463644;-22.6996854305569;7.76476767988015;"T1";1.48923188680783;1;2;2;"S-5";2;"S-1"
-22.5282315071372;3.13047923393092;-23.6737182879013;7.91079423675518;"T1";1.53275048360229;1;2;2;"S-5";2;"S-1"
-22.3571836688771;2.96778611250584;-24.9709142259423;8.09105006132314;"T1";1.5903313877061;1;2;2;"S-5";2;"S-1"
-22.3270555119283;2.9885315304932;-25.0959587241567;8.10764899125735;"T1";1.59592442214489;1;2;2;"S-5";2;"S-1"
-22.3017448111811;3.03024488686391;-25.4175219761248;8.150691026829;"T1";1.61032682517543;1;2;2;"S-5";2;"S-1"
-21.8024405515696;2.50893508633085;-32.9883903209927;9.1793811712725;"T1";1.94980108644813;1;2;2;"S-5";2;"S-1"
-21.7739744707932;2.45189262822949;-34.503476040701;9.35373099747585;"T1";2.01929265167564;1;2;2;"S-5";2;"S-1"
-21.7119738950868;2.58815067666989;-34.8440684608907;9.3920839424292;"T1";2.03493483131751;1;2;2;"S-5";2;"S-1"
-21.6530039817249;2.57005766663672;-35.102133538591;9.42284629083207;"T1";2.04682067269459;1;2;2;"S-5";2;"S-1"
-21.5037215334629;2.46811965151038;-35.5674719848423;9.4780786568529;"T1";2.06831138348207;1;2;2;"S-5";2;"S-1"
-21.6690014786854;2.4515016997062;-36.41461541733;9.57531072666542;"T1";2.10770658450201;1;2;2;"S-5";2;"S-1"
-21.5850155043465;2.44620703429222;-36.8576880679951;9.6254373260506;"T1";2.12815388804302;1;2;2;"S-5";2;"S-1"
-21.3221262160018;2.56908348778559;-37.7692839881101;9.72874752991718;"T1";2.17038670089096;1;2;2;"S-5";2;"S-1"
-21.2727720539191;2.5289792453702;-39.5323952364499;9.94118319179031;"T1";2.25307598011568;1;2;2;"S-5";2;"S-1"
-21.2546087373715;2.39340306115005;-39.9930367249851;9.99594581328173;"T1";2.27473002159968;1;2;2;"S-5";2;"S-1"
-21.3250121733923;2.62780463258895;-40.5544432609729;10.0591637317288;"T1";2.3011434241198;1;2;2;"S-5";2;"S-1"
-21.6084154811316;2.84975386848297;-43.7380525030634;10.4514684604059;"T1";2.45043333852664;1;2;2;"S-5";2;"S-1"
-21.6346370434761;2.86104639576874;-46.6818980307398;10.8397077178395;"T1";2.58666940499097;1;2;2;"S-5";2;"S-1"
-21.1438390864497;3.06900377454682;-49.0889528312507;11.1580257671592;"T1";2.69792871549726;1;2;2;"S-5";2;"S-1"
-21.0987448122416;2.91028278572386;-49.3272895263303;11.1926200626333;"T1";2.70920087350532;1;2;2;"S-5";2;"S-1"
-21.469147380597;2.24170714685538;-51.9503742282542;11.5544386599688;"T1";2.83352507976815;1;2;2;"S-5";2;"S-1"
-21.4155838199402;2.2650781262497;-52.1443290822474;11.5746905113654;"T1";2.84255919978023;1;2;2;"S-5";2;"S-1"
-21.634369804242;2.36434055667085;-52.8454883640019;11.6488505513378;"T1";2.87529980996624;1;2;2;"S-5";2;"S-1"
-21.4909570345821;2.42502098077412;-53.8835621914827;11.7622978148051;"T1";2.92328243376687;1;2;2;"S-5";2;"S-1"
-21.5194892373399;2.60909661481664;-54.5460513804098;11.837052521173;"T1";2.95410885009915;1;2;2;"S-5";2;"S-1"
-21.6435540158815;2.59120410720136;-54.6300211168996;11.8472332997596;"T1";2.95801088213921;1;2;2;"S-5";2;"S-1"
-21.8201983308127;2.45288398365975;-54.8958193381152;11.8790551272651;"T1";2.97029159264639;1;2;2;"S-5";2;"S-1"
-21.7163357734747;2.12670696969963;-55.8275290878333;11.9837918435798;"T1";3.01299100974575;1;2;2;"S-5";2;"S-1"
-22.0756221397221;1.84039707253676;-56.6281520176712;12.0621978132953;"T1";3.04985832190141;1;2;2;"S-5";2;"S-1"
-21.8320456154972;1.86273130981785;-57.3944905886776;12.1260858094626;"T1";3.08457256760448;1;2;2;"S-5";2;"S-1"
-21.8418921468833;1.92025761108251;-57.7130927073843;12.1532692512866;"T1";3.09916589176282;1;2;2;"S-5";2;"S-1"
-22.1163781409298;2.02107552753724;-61.4338850778986;12.4803874249636;"T1";3.26951708411798;1;2;2;"S-5";2;"S-1"
-21.4994756164335;2.1794017935545;-64.1217393609135;12.7260133804601;"T1";3.39104938320816;1;2;2;"S-5";2;"S-1"
-21.3445223571481;2.35638831713504;-68.6650351336925;13.1865672624475;"T1";3.60237061977386;1;2;2;"S-5";2;"S-1"
-21.4226380476258;1.93123116649659;-75.3064735928915;13.9197674593115;"T1";3.91352485166863;1;2;2;"S-5";2;"S-1"
-21.4966059038871;2.13139947979757;-75.8191411762799;13.9659839716239;"T1";3.93745596520603;1;2;2;"S-5";2;"S-1"
-21.4421653813741;2.15081003576353;-78.4856109868241;14.2303658183443;"T1";4.06149739865214;1;2;2;"S-5";2;"S-1"
-20.9857122081628;2.11385488363042;-80.5538943252137;14.4378301523744;"T1";4.15795609587803;1;2;2;"S-5";2;"S-1"
-20.7832971518496;2.20975986048149;-88.3162818086382;15.2197221619335;"T1";4.52784525696188;1;2;2;"S-5";2;"S-1"
-21.1261864212424;2.50067551560242;-91.0105415419449;15.5061861896993;"T1";4.65748107526451;1;2;2;"S-5";2;"S-1"
-21.2837063257627;2.52854051908001;-94.2782080297405;15.8929750505118;"T1";4.81215482577682;1;2;2;"S-5";2;"S-1"
-20.9327143304229;2.89960385394744;-96.2386369008361;16.1258773354554;"T1";4.90426420001313;1;2;2;"S-5";2;"S-1"
-21.2571829959559;2.91136073187847;-97.6253179405138;16.3179606755983;"T1";4.97050888370723;1;2;2;"S-5";2;"S-1"
-21.108738771616;3.05281031109579;-98.4853616548834;16.4357513300887;"T1";5.01096785301343;1;2;2;"S-5";2;"S-1"
-21.3694522838924;2.86287935372395;-100.138362222854;16.6748133239266;"T1";5.08927667979151;1;2;2;"S-5";2;"S-1"
-21.3182678007309;2.87739711753593;-100.340438178261;16.7018855704651;"T1";5.09873297996819;1;2;2;"S-5";2;"S-1"
-21.3347950457157;2.78890361557453;-101.381027234899;16.8423373173;"T1";5.14754506293684;1;2;2;"S-5";2;"S-1"
-20.9555067507907;3.08903472349165;-103.146464666868;17.0731168877875;"T1";5.23029427276924;1;2;2;"S-5";2;"S-1"
-21.2548710635226;2.99980500307978;-104.935007123411;17.3367645207655;"T1";5.31564379343763;1;2;2;"S-5";2;"S-1"
-21.4114225292019;2.991086409319;-108.485274860417;17.8378313533007;"T1";5.48267692793161;1;2;2;"S-5";2;"S-1"
-21.4695003016269;2.76546226899257;-109.028871147875;17.9137694870401;"T1";5.50806507235393;1;2;2;"S-5";2;"S-1"
-21.2058485022216;2.72302566062707;-110.612127384399;18.1177069482172;"T1";5.58180951047689;1;2;2;"S-5";2;"S-1"
-21.2128966306257;2.68421655755489;-111.544602301116;18.2374452895453;"T1";5.62578204553574;1;2;2;"S-5";2;"S-1"
-21.2653322776183;2.80613135636416;-113.190135030124;18.4456660843812;"T1";5.70335432421416;1;2;2;"S-5";2;"S-1"
-21.510105557335;2.83832279993311;-113.791940346535;18.5250791284269;"T1";5.73165415553376;1;2;2;"S-5";2;"S-1"
-21.4098523733111;2.86479529258045;-113.963599057001;18.5477300089828;"T1";5.73963453061879;1;2;2;"S-5";2;"S-1"
-21.5778142745703;2.83850702259025;-114.209724755673;18.5806634328403;"T1";5.75113043887541;1;2;2;"S-5";2;"S-1"
-21.6260856792077;2.79086259837545;-114.33964478502;18.5977540848861;"T1";5.7571514393203;1;2;2;"S-5";2;"S-1"
-21.5689569920916;2.7432932325743;-114.615579878568;18.6333637159394;"T1";5.7699108030647;1;2;2;"S-5";2;"S-1"
-21.8162960731911;2.6934825145248;-115.831456602901;18.7880075585104;"T1";5.82628240808845;1;2;2;"S-5";2;"S-1"
-21.8753277790401;2.74473287925069;-116.300277644877;18.8458891198335;"T1";5.84777189651504;1;2;2;"S-5";2;"S-1"
-22.0373103616633;2.26572055106677;-121.073057976772;19.4447376141151;"T1";6.06595287099481;1;2;2;"S-5";2;"S-1"
-22.0421345974126;2.28614190998089;-121.163158680862;19.4540011319207;"T1";6.0700414236635;1;2;2;"S-5";2;"S-1"
-22.0730103866456;2.09075058683234;-121.795792262727;19.5196159270201;"T1";6.0987425269559;1;2;2;"S-5";2;"S-1"
-21.6017612806543;2.08239420578234;-124.911649072363;19.8147491842931;"T1";6.23990391613916;1;2;2;"S-5";2;"S-1"
-21.4801230608603;2.1162064214978;-128.437589833442;20.1546473303474;"T1";6.40312860487029;1;2;2;"S-5";2;"S-1"
-21.6255980564561;2.18054093664178;-128.807094524095;20.1910506692351;"T1";6.42033077310771;1;2;2;"S-5";2;"S-1"
-21.852003884675;1.8993498192212;-130.214739084807;20.3329855457116;"T1";6.48542236303911;1;2;2;"S-5";2;"S-1"
-21.8197890391086;1.82241420467357;-130.766563876614;20.3809494909906;"T1";6.51067518629134;1;2;2;"S-5";2;"S-1"
-21.7709288371335;1.80391536974931;-130.825940826376;20.3859087230199;"T1";6.51339642936364;1;2;2;"S-5";2;"S-1"
-20.9038752009817;2.56903772760298;-136.243122418195;20.8347704692188;"T1";6.7622228176333;1;2;2;"S-5";2;"S-1"
-21.3072038944972;2.63419931442101;-138.515869630202;21.1140858247121;"T1";6.87094654422253;1;2;2;"S-5";2;"S-1"
-21.5713908668852;2.46137942109762;-140.03108604598;21.3014112975148;"T1";6.94205941399559;1;2;2;"S-5";2;"S-1"
-21.2609489981725;2.422474881683;-140.762071465228;21.3848195709619;"T1";6.97594621451572;1;2;2;"S-5";2;"S-1"
-21.9013037461327;2.33711026839289;-144.706592648927;21.8342587511509;"T1";7.16147514758632;1;2;2;"S-5";2;"S-1"
-21.9308236929326;2.12176184484195;-145.302112244613;21.89780724937;"T1";7.18866620445624;1;2;2;"S-5";2;"S-1"
-22.0723259998872;1.96357797216562;-145.903822036494;21.9560214275494;"T1";7.21610292093828;1;2;2;"S-5";2;"S-1"
-21.462346931423;2.09923713667854;-148.404905674999;22.1785205306859;"T1";7.32941601891071;1;2;2;"S-5";2;"S-1"
-21.4247603707193;2.17472200921296;-148.695816385803;22.2069745748558;"T1";7.34297048766166;1;2;2;"S-5";2;"S-1"
-21.1151468836769;2.43183597154702;-151.093338655115;22.4503352639106;"T1";7.45487476233393;1;2;2;"S-5";2;"S-1"
-21.0766126948768;2.37047359229106;-151.393060000379;22.4848542351907;"T1";7.46906937565655;1;2;2;"S-5";2;"S-1"
-21.1377959366257;2.59810673196861;-154.533314200082;22.8380366825432;"T1";7.61806173250079;1;2;2;"S-5";2;"S-1"
-21.0819031758497;2.25565881191785;-155.7272197177;22.9847830118179;"T1";7.67454375745729;1;2;2;"S-5";2;"S-1"
-21.1878127525115;2.04332822347501;-156.864664301153;23.1064839264048;"T1";7.72849735803902;1;2;2;"S-5";2;"S-1"
-21.0903449466054;1.71239761958813;-158.259668428767;23.2410165154509;"T1";7.79433728894219;1;2;2;"S-5";2;"S-1"
-21.0041877413023;1.69618660842506;-159.024678271739;23.3031302948785;"T1";7.83061027759686;1;2;2;"S-5";2;"S-1"
-21.112228614391;1.63902173474211;-159.160274662388;23.3140803389746;"T1";7.83706596121192;1;2;2;"S-5";2;"S-1"
-21.4151043612916;1.88351247225157;-160.610380969834;23.4266575471416;"T1";7.90575157152489;1;2;2;"S-5";2;"S-1"
-21.3221411182684;2.34318802903653;-161.989972940426;23.5479961425269;"T1";7.97017301665619;1;2;2;"S-5";2;"S-1"
-21.3956712313961;2.30777409903532;-162.40660777167;23.593782057911;"T1";7.989713025745;1;2;2;"S-5";2;"S-1"
-21.3478106210225;2.34681044900557;-162.683189901437;23.6236146847274;"T1";8.00264003919438;1;2;2;"S-5";2;"S-1"
-21.437922732545;2.38471442086967;-165.320738697131;23.9135660611651;"T1";8.1261912942864;1;2;2;"S-5";2;"S-1"
-21.3870966632829;2.65449924680078;-166.235776103257;24.0153531104631;"T1";8.1688744132407;1;2;2;"S-5";2;"S-1"
-21.3643372957105;2.68596596260969;-166.880639075448;24.0953914766294;"T1";8.19902637740597;1;2;2;"S-5";2;"S-1"
-21.2226874837674;2.80434855331662;-168.743577461188;24.3296037072864;"T1";8.28622488770634;1;2;2;"S-5";2;"S-1"
-21.3521181269717;2.75339817854888;-168.926624905133;24.3537914467048;"T1";8.29484997084364;1;2;2;"S-5";2;"S-1"
-21.3726927479997;2.21750218383399;-171.276449860403;24.656806056931;"T1";8.40490111149848;1;2;2;"S-5";2;"S-1"
-21.1321219772994;2.03333731975671;-181.467253278431;25.714142589157;"T1";8.88171531260014;1;2;2;"S-5";2;"S-1"
-21.708898120822;2.38839629240383;-184.493481307507;26.0053269007099;"T1";9.02492043096572;1;2;2;"S-5";2;"S-1"
-21.8866901454307;2.47901080462477;-185.684050067025;26.1363123609235;"T1";9.07976286252961;1;2;2;"S-5";2;"S-1"
-21.7515390948067;2.4764075579087;-185.980310713567;26.1698685240017;"T1";9.09329897258431;1;2;2;"S-5";2;"S-1"
-21.7216479490253;2.47960687817423;-186.054454906225;26.1783098227196;"T1";9.09670765977353;1;2;2;"S-5";2;"S-1"
-21.5305975791277;2.42989062417607;-186.531450502086;26.2327606435382;"T1";9.11866711685434;1;2;2;"S-5";2;"S-1"
-21.4687960582485;2.56531872677293;-186.902367121889;26.2746213867664;"T1";9.13589453557506;1;2;2;"S-5";2;"S-1"
-21.1920781058257;2.80062887147598;-191.147058093291;26.7818219400139;"T1";9.33360897470266;1;2;2;"S-5";2;"S-1"
-21.4027197605155;2.66502584570765;-192.114276590284;26.9096442344665;"T1";9.37924954341725;1;2;2;"S-5";2;"S-1"
-21.2243173043336;2.72275026954074;-192.809245633804;26.9961804543335;"T1";9.4117206055671;1;2;2;"S-5";2;"S-1"
-21.2754238418331;2.6686922130521;-193.161037047887;27.0413098289928;"T1";9.42829552805051;1;2;2;"S-5";2;"S-1"
-21.7864543700226;2.53265220454788;-196.157756069458;27.4172046067902;"T1";9.56914908019826;1;2;2;"S-5";2;"S-1"
-21.753591542542;2.58273172135318;-196.736090654491;27.484435388673;"T1";9.59569468395784;1;2;2;"S-5";2;"S-1"
-21.8327413670423;2.47457371796088;-197.175258999327;27.5365763886087;"T1";9.61588299833238;1;2;2;"S-5";2;"S-1"
-21.5090652409857;2.41963067619178;-198.940183467392;27.7366170353346;"T1";9.69672142527997;1;2;2;"S-5";2;"S-1"
-21.4189626924969;2.57742096606925;-200.431593093597;27.9043909688785;"T1";9.76606007898226;1;2;2;"S-5";2;"S-1"
-21.1778470438825;2.51940176791414;-202.166664962323;28.1131784193397;"T1";9.84706642339006;1;2;2;"S-5";2;"S-1"
-21.3222656301961;2.33085424338492;-204.111523070334;28.3445465534807;"T1";9.93890097597614;1;2;2;"S-5";2;"S-1"
-21.3015446953821;2.45219404700658;-206.609802951513;28.6176472812927;"T1";10.0560686318204;1;2;2;"S-5";2;"S-1"
-21.3968156122976;2.30620006481954;-208.693772495483;28.8575499636073;"T1";10.1539004826918;1;2;2;"S-5";2;"S-1"
-21.3803431248888;2.30118583155978;-208.837421447173;28.8730327918796;"T1";10.1606140495278;1;2;2;"S-5";2;"S-1"
-21.3104604800732;2.38768296614983;-211.693736820125;29.180460620718;"T1";10.2942094439641;1;2;2;"S-5";2;"S-1"
-21.317182191599;2.17752213978224;-212.229287406891;29.2404651905268;"T1";10.3193403221667;1;2;2;"S-5";2;"S-1"
-21.1900723807184;2.2974910703925;-213.573407274991;29.3777652682294;"T1";10.3823936777189;1;2;2;"S-5";2;"S-1"
-20.8776466628414;2.45566553432855;-215.445743025121;29.5807695142468;"T1";10.4707527789287;1;2;2;"S-5";2;"S-1"
-20.8786528568372;2.42215668655435;-218.508614817069;29.9410298834837;"T1";10.6174585758708;1;2;2;"S-5";2;"S-1"
-21.3708613639566;2.52320915620142;-220.536650860681;30.1763046925095;"T1";10.7145930058323;1;2;2;"S-5";2;"S-1"
-21.1619939621344;2.65308206582803;-222.645835845848;30.4253313824525;"T1";10.8132874360308;1;2;2;"S-5";2;"S-1"
-21.1859179321033;2.60794066377926;-223.202920833146;30.4951732031989;"T1";10.839612223208;1;2;2;"S-5";2;"S-1"
-21.0891848114504;2.73446020256622;-223.836523459159;30.5731683157238;"T1";10.8695190050639;1;2;2;"S-5";2;"S-1"
-21.1031912042746;2.81374821514454;-225.210142740711;30.7512741691488;"T1";10.9346528304741;1;2;2;"S-5";2;"S-1"
-21.2898433555216;2.79875729137198;-228.80802397004;31.2309898571381;"T1";11.1051427433267;1;2;2;"S-5";2;"S-1"
-21.5259886881077;2.8471694172687;-229.30553298161;31.2963922628957;"T1";11.1285111168399;1;2;2;"S-5";2;"S-1"
-20.9718613997233;2.49387671960835;-237.265660382793;32.349251280086;"T1";11.4983026054688;1;2;2;"S-5";2;"S-1"
-21.0354085786034;2.86013471422194;-238.951538413042;32.5497280947856;"T1";11.5786902257241;1;2;2;"S-5";2;"S-1"
-21.2752456051168;2.87930012674781;-239.406120727051;32.611536576038;"T1";11.6003005648963;1;2;2;"S-5";2;"S-1"
-21.6193675245727;2.66437145547076;-244.545825770701;33.3071221245343;"T1";11.8418820318766;1;2;2;"S-5";2;"S-1"
-21.5625354930542;2.10161834819781;-251.974055652181;34.2225773818814;"T1";12.1854734839872;1;2;2;"S-5";2;"S-1"
-21.4542055686412;2.18385123731338;-253.221708096605;34.3441813217437;"T1";12.2433355310932;1;2;2;"S-5";2;"S-1"
-21.7775786054018;2.22047411656632;-255.134755211699;34.5389128533294;"T1";12.3325043939985;1;2;2;"S-5";2;"S-1"
-21.2949579685435;2.07297600294259;-256.938269863081;34.7228018739963;"T1";12.4153195996769;1;2;2;"S-5";2;"S-1"
-21.2762440515506;2.04543423169921;-259.470194445952;34.9692742506642;"T1";12.5342174433172;1;2;2;"S-5";2;"S-1"
-21.3508222295188;2.07999520289534;-259.53363801379;34.9753735248182;"T1";12.537199340295;1;2;2;"S-5";2;"S-1"
-20.9370631509435;2.22275020743539;-260.268995757235;35.0470120107901;"T1";12.5716409995221;1;2;2;"S-5";2;"S-1"
-20.9717265036003;2.3834994166607;-260.538905073762;35.0756665066462;"T1";12.5845324597321;1;2;2;"S-5";2;"S-1"
-20.9084666130708;2.47843048319486;-265.442989251783;35.633030335302;"T1";12.8183751134202;1;2;2;"S-5";2;"S-1"
-21.032084516681;2.39682435907155;-266.030424274703;35.7026632210915;"T1";12.8464706707746;1;2;2;"S-5";2;"S-1"
-20.9092367409493;2.45074714759844;-266.278353305232;35.7309173078047;"T1";12.858258804772;1;2;2;"S-5";2;"S-1"
-20.8666023086871;2.46307432053397;-267.557916083134;35.8808933622618;"T1";12.9194548586383;1;2;2;"S-5";2;"S-1"
-21.2242971503087;3.0381464209799;-273.485637019169;36.5805960259177;"T1";13.2035318179987;1;2;2;"S-5";2;"S-1"
-21.2291099665224;3.0582085727845;-273.835737307916;36.630711039466;"T1";13.2200270774774;1;2;2;"S-5";2;"S-1"
-21.3173190106662;2.83724213066123;-274.382685394999;36.7095029121081;"T1";13.2457911386155;1;2;2;"S-5";2;"S-1"
-21.3159183612232;2.79283281475541;-274.652853574174;36.7454611177312;"T1";13.2584647857584;1;2;2;"S-5";2;"S-1"
-21.405976835593;2.81975048488666;-274.860759805703;36.7727011988746;"T1";13.2682183524594;1;2;2;"S-5";2;"S-1"
-21.5428096200814;2.59038897609418;-276.417025544778;36.9777038066076;"T1";13.3409207453951;1;2;2;"S-5";2;"S-1"
-21.4508775308703;2.79143508926254;-276.667386247594;37.0078081252206;"T1";13.3525422890671;1;2;2;"S-5";2;"S-1"
-21.6261869188312;2.76522333597459;-277.702566532341;37.1425176990549;"T1";13.4008004679345;1;2;2;"S-5";2;"S-1"
-21.6835511781132;2.74769891704106;-277.837204543785;37.1597331320183;"T1";13.4070261614397;1;2;2;"S-5";2;"S-1"
-21.8001240060455;2.58677678619458;-280.537341925841;37.501889474381;"T1";13.5315508465283;1;2;2;"S-5";2;"S-1"
-21.8613487077438;2.57898054302174;-280.797283355827;37.5327338152972;"T1";13.5434746975079;1;2;2;"S-5";2;"S-1"
-21.9658730582586;2.54046382163421;-283.830090126543;37.8905136465869;"T1";13.6822038679384;1;2;2;"S-5";2;"S-1"
-21.5954007056679;2.4284242826101;-285.100966458643;38.0374968935039;"T1";13.740060722921;1;2;2;"S-5";2;"S-1"
-21.50761600403;2.58697238712029;-285.780128378549;38.113869326718;"T1";13.7715101009235;1;2;2;"S-5";2;"S-1"
-21.7151569535703;2.35213253772645;-287.013752030964;38.2622516636677;"T1";13.8288676273078;1;2;2;"S-5";2;"S-1"
-21.777098100056;2.22905708211716;-288.832688351349;38.459274384359;"T1";13.912631070707;1;2;2;"S-5";2;"S-1"
-21.9372497417548;2.28908495658058;-289.375102700391;38.5147947544569;"T1";13.9375386293977;1;2;2;"S-5";2;"S-1"
-21.6898437408302;2.60713622421408;-290.934348141063;38.6774972501606;"T1";14.0086161554791;1;2;2;"S-5";2;"S-1"
-21.7325353258882;3.032872335857;-293.31594596348;38.9637671757776;"T1";14.1184185980819;1;2;2;"S-5";2;"S-1"
-21.8047165745377;3.15020669344405;-299.586093519637;39.8387942621091;"T1";14.4069329136983;1;2;2;"S-5";2;"S-1"
-21.5426769374241;2.64413235130409;-303.804487177418;40.4482409334703;"T1";14.6003953530453;1;2;2;"S-5";2;"S-1"
-21.1214648500031;2.35084982345188;-306.445108057314;40.772348801603;"T1";14.7229716181755;1;2;2;"S-5";2;"S-1"
-21.0615297299934;2.3509772841847;-306.947687427846;40.8282866180792;"T1";14.7467663395219;1;2;2;"S-5";2;"S-1"
-21.1667174846752;2.41005019861874;-307.583385383312;40.8992459202791;"T1";14.7769492352381;1;2;2;"S-5";2;"S-1"
-20.9742636919805;2.45905747228441;-308.048109502139;40.9521595785113;"T1";14.7989046527073;1;2;2;"S-5";2;"S-1"
-20.8398679348791;2.97655256972887;-310.228517040749;41.2077941757103;"T1";14.9028609856032;1;2;2;"S-5";2;"S-1"
-20.8604127039236;2.9948644824337;-310.36422006438;41.2271766010198;"T1";14.9093726882711;1;2;2;"S-5";2;"S-1"
-20.9774755230454;2.77518231359436;-311.037394836552;41.323822206467;"T1";14.9416431318969;1;2;2;"S-5";2;"S-1"
-21.1455697740516;2.75055281632836;-311.369923567912;41.3678135748763;"T1";14.957494835835;1;2;2;"S-5";2;"S-1"
-21.4042832079819;2.6666640355118;-311.656069123154;41.40503453753;"T1";14.9710270110518;1;2;2;"S-5";2;"S-1"
-21.3929292878265;2.54761267239195;-311.998984796921;41.4477568695773;"T1";14.9870479013771;1;2;2;"S-5";2;"S-1"
-21.677956795898;2.60202215693555;-316.567890061435;41.9918525749495;"T1";15.2006187126972;1;2;2;"S-5";2;"S-1"
-21.7151799543366;2.5580589661578;-316.660951790654;42.0030228472989;"T1";15.2049116324633;1;2;2;"S-5";2;"S-1"
-21.9018292441454;2.69057131590329;-320.084580238655;42.4063279760898;"T1";15.3625722392462;1;2;2;"S-5";2;"S-1"
-21.8514230465506;2.67579584293275;-320.828314399928;42.4976933948716;"T1";15.3965298668481;1;2;2;"S-5";2;"S-1"
-21.8203178002548;2.69705551580955;-321.209226270139;42.5443376064025;"T1";15.4139617690817;1;2;2;"S-5";2;"S-1"
-22.0077484375969;2.64659576447272;-322.344979919565;42.6847201009576;"T1";15.4660120490007;1;2;2;"S-5";2;"S-1"
-21.9367935112242;2.43947263280433;-324.385460890498;42.930103144592;"T1";15.5587285291404;1;2;2;"S-5";2;"S-1"
-21.7683375529421;2.39743144937899;-326.780637840591;43.1964578703858;"T1";15.6679139006883;1;2;2;"S-5";2;"S-1"
-21.0149897782227;2.77489809422444;-330.021405904656;43.5533762275196;"T1";15.816789213568;1;2;2;"S-5";2;"S-1"
-21.0875903609034;2.9823557176068;-332.074137113138;43.8244265577118;"T1";15.9144685952924;1;2;2;"S-5";2;"S-1"
-21.3821125486798;3.10740502121106;-335.117602585482;44.2548549043101;"T1";16.0587935475633;1;2;2;"S-5";2;"S-1"
-21.2969470269999;2.8471745100021;-337.247914697133;44.5644474451509;"T1";16.1584241199307;1;2;2;"S-5";2;"S-1"
-21.3214079396909;2.97721686859347;-338.75927805897;44.7665005954788;"T1";16.2293903180398;1;2;2;"S-5";2;"S-1"
-21.0936573113569;3.0342095968216;-339.205183827568;44.8287646907876;"T1";16.2503038416617;1;2;2;"S-5";2;"S-1"
-20.7374103334865;3.39451240545106;-339.768230624025;44.9097559559841;"T1";16.2769965478219;1;2;2;"S-5";2;"S-1"
-20.6472044029983;3.40112529253842;-339.874830415718;44.927205305228;"T1";16.2821370060556;1;2;2;"S-5";2;"S-1"
-21.3455666811978;3.12726560097828;-340.964372218886;45.1066808464055;"T1";16.3349064649083;1;2;2;"S-5";2;"S-1"
-21.4991453584746;2.95570274849683;-341.67652563288;45.2110159951259;"T1";16.368269524537;1;2;2;"S-5";2;"S-1"
-20.3854663122063;3.21530580949099;-346.294849027066;45.845943147905;"T1";16.5830838028342;1;2;2;"S-5";2;"S-1"
-20.23758372212;3.39684494800165;-347.103249985869;45.9734485117476;"T1";16.6227395529859;1;2;2;"S-5";2;"S-1"
-20.3692973674401;3.50970487105976;-347.49801309548;46.0397088466251;"T1";16.6422459878959;1;2;2;"S-5";2;"S-1"
-20.941918766666;3.42421612975274;-352.953006532365;46.9796242836514;"T1";16.9100506813265;1;2;2;"S-5";2;"S-1"
-21.6689178014618;3.48191496944345;-356.679282440163;47.5889081897516;"T1";17.0879845158197;1;2;2;"S-5";2;"S-1"
-21.7265000826484;3.22708497678449;-357.812902903272;47.7710663434875;"T1";17.1403000247665;1;2;2;"S-5";2;"S-1"
-21.9820386930237;3.22992609136954;-359.356730199366;48.0003744168092;"T1";17.211357364431;1;2;2;"S-5";2;"S-1"
-21.9293961578374;3.15331276564886;-360.013241706983;48.0968387929003;"T1";17.2412231797352;1;2;2;"S-5";2;"S-1"
-22.1007116604475;3.07003341690081;-361.533684439984;48.3154691393496;"T1";17.3105567228049;1;2;2;"S-5";2;"S-1"
-21.9840828557579;2.96441714321974;-361.904316196681;48.3669539917791;"T1";17.3273268505;1;2;2;"S-5";2;"S-1"
-22.0621940418118;2.91442197188512;-362.299583035029;48.4202532719644;"T1";17.3453065333888;1;2;2;"S-5";2;"S-1"
-22.1960281342495;2.79704450894877;-363.58801804321;48.5904558950612;"T1";17.4037066637538;1;2;2;"S-5";2;"S-1"
-22.4246111605485;2.63622936038654;-364.51494570618;48.7072631866281;"T1";17.4454676336609;1;2;2;"S-5";2;"S-1"
-22.3958251357931;2.66858285771532;-364.839120076484;48.7453730109974;"T1";17.4599238205701;1;2;2;"S-5";2;"S-1"
-22.4340226804815;2.65380566449518;-365.019947274853;48.7669195429449;"T1";17.4679979681969;1;2;2;"S-5";2;"S-1"
-22.463904727833;2.65555840411661;-365.382156078053;48.8097665966076;"T1";17.4841434811242;1;2;2;"S-5";2;"S-1"
-22.4329406746885;2.40170543803907;-366.922714412956;48.9918828708195;"T1";17.5527227576822;1;2;2;"S-5";2;"S-1"
-22.4067622992886;2.42942449528616;-367.585810550918;49.0628749722822;"T1";17.5822817953303;1;2;2;"S-5";2;"S-1"
-22.3891617931879;2.18495336065575;-367.987653981672;49.1064443314295;"T1";17.60021582013;1;2;2;"S-5";2;"S-1"
-22.2358977377697;2.06215133479931;-368.879044455404;49.1934349311325;"T1";17.6400293014012;1;2;2;"S-5";2;"S-1"
-22.3009262311599;2.11691695522925;-369.163693811692;49.2198332379129;"T1";17.6528306445107;1;2;2;"S-5";2;"S-1"
-21.7720483160159;2.09784162070128;-371.418164053143;49.4338389805317;"T1";17.7539237658493;1;2;2;"S-5";2;"S-1"
-21.5023874212972;2.00210457683209;-372.869464867511;49.573678797546;"T1";17.8205826669;1;2;2;"S-5";2;"S-1"
-21.3963863521434;2.06708141744774;-374.161642781003;49.6939945217489;"T1";17.8806772921234;1;2;2;"S-5";2;"S-1"
-21.3817663882227;2.09187762365757;-374.345275987472;49.7117351244128;"T1";17.8892597323284;1;2;2;"S-5";2;"S-1"
-21.4746377124612;2.08121317368586;-374.507724883419;49.7276282552352;"T1";17.8968572756276;1;2;2;"S-5";2;"S-1"
-21.7034131971775;1.9626826050566;-376.394029673932;49.9104393662848;"T1";17.9846960003488;1;2;2;"S-5";2;"S-1"
-21.6699530846384;2.00835076882797;-378.115242954271;50.0660920893943;"T1";18.0640021106228;1;2;2;"S-5";2;"S-1"
-21.7121771659127;2.00893637545581;-378.58398224031;50.1095344033587;"T1";18.0856329505332;1;2;2;"S-5";2;"S-1"
-21.5134691923512;2.06916648432811;-379.140773652309;50.1610519694028;"T1";18.1112771504559;1;2;2;"S-5";2;"S-1"
-21.5183339087647;2.01126795490379;-381.029435457972;50.3427035511894;"T1";18.1990668876097;1;2;2;"S-5";2;"S-1"
-21.7988026149478;1.97757925925033;-382.510385819519;50.481124491101;"T1";18.2678896118887;1;2;2;"S-5";2;"S-1"
-21.4987522393373;2.04316784424172;-383.91903593188;50.6089167049649;"T1";18.3325101388618;1;2;2;"S-5";2;"S-1"
-21.8768661022158;1.90976101643849;-385.27619517037;50.7378964748012;"T1";18.3956374879926;1;2;2;"S-5";2;"S-1"
-21.7567209498325;1.92129909651196;-385.776636495228;50.7815829575344;"T1";18.4185128542595;1;2;2;"S-5";2;"S-1"
-21.4293757105628;2.35196551122841;-387.498420020248;50.9336307380173;"T1";18.4976508608088;1;2;2;"S-5";2;"S-1"
-21.341851851329;2.36337064106171;-389.00204744053;51.0986602695355;"T1";18.567817506846;1;2;2;"S-5";2;"S-1"
-21.7968662968758;2.11311910402248;-392.993126860827;51.5406275361899;"T1";18.7548246816732;1;2;2;"S-5";2;"S-1"
-21.8123959304746;1.83258131766541;-395.384467091107;51.7724584175652;"T1";18.8645349582657;1;2;2;"S-5";2;"S-1"
-21.5422449513815;1.99093959578363;-396.738927398225;51.8862541996633;"T1";18.9266308560036;1;2;2;"S-5";2;"S-1"
-21.4195164490481;1.87990809297706;-397.144033527713;51.9236942081449;"T1";18.9454360515811;1;2;2;"S-5";2;"S-1"
-21.4205446948529;1.96618202587788;-397.727529038058;51.9749053517169;"T1";18.9726773533039;1;2;2;"S-5";2;"S-1"
-21.1058587416314;2.16347398407613;-400.129805808935;52.1954092406407;"T1";19.0848256112076;1;2;2;"S-5";2;"S-1"
-21.1857805697804;2.03609461545717;-400.39345783039;52.2224351151265;"T1";19.0973174991086;1;2;2;"S-5";2;"S-1"
-21.0612518093108;2.39031596339194;-402.632018710045;52.4375757250477;"T1";19.2029808647931;1;2;2;"S-5";2;"S-1"
-20.997697510089;2.45478222577746;-402.686306890495;52.4437370826692;"T1";19.2055584979244;1;2;2;"S-5";2;"S-1"
-21.3587287937221;2.68209260792698;-404.837575269842;52.6952358661887;"T1";19.3080110824667;1;2;2;"S-5";2;"S-1"
-21.4266834912101;2.50736687563866;-407.666056180885;53.0504184155078;"T1";19.4404384819791;1;2;2;"S-5";2;"S-1"
-21.736632607916;2.60972702551288;-410.932426793797;53.4326516006732;"T1";19.592882541474;1;2;2;"S-5";2;"S-1"
-21.8671444085336;2.53218379779261;-411.399396732418;53.4887165897129;"T1";19.6143656270579;1;2;2;"S-5";2;"S-1"
-22.3846521039103;2.07610543519045;-414.039620976699;53.7944507509277;"T1";19.7351049515419;1;2;2;"S-5";2;"S-1"
-22.0849462412186;2.43097529155251;-416.246262059599;53.9991097076297;"T1";19.8336832574569;1;2;2;"S-5";2;"S-1"
-21.5657461173775;2.56941637095137;-418.17587295708;54.2115094283649;"T1";19.9210554827005;1;2;2;"S-5";2;"S-1"
-21.3043684284817;2.87747219706408;-420.925677159101;54.5391304573397;"T1";20.0485634384677;1;2;2;"S-5";2;"S-1"
-21.538631301773;2.46340985256899;-422.7795701346;54.7895263097789;"T1";20.1355828205124;1;2;2;"S-5";2;"S-1"
-21.6521563783523;2.48009737020257;-423.8131710355;54.9077410007325;"T1";20.1835710555315;1;2;2;"S-5";2;"S-1"
-21.6548883173986;2.29931786645029;-424.408282186277;54.9759066639686;"T1";20.2110561309382;1;2;2;"S-5";2;"S-1"
-21.6329818254352;2.18451219755664;-424.62865146977;54.9993054930609;"T1";20.2212325530127;1;2;2;"S-5";2;"S-1"
-21.8181143763462;2.05004967999418;-424.902774916686;55.0269866522397;"T1";20.2339041046798;1;2;2;"S-5";2;"S-1"
-21.7246110526499;2.12564909838758;-425.947240134357;55.1251255449194;"T1";20.2817755751312;1;2;2;"S-5";2;"S-1"
-21.3600516484864;2.13922146143737;-426.978304348534;55.2260102379494;"T1";20.3292362275533;1;2;2;"S-5";2;"S-1"
-21.3199575691942;1.96120100295687;-429.564095053928;55.484978664749;"T1";20.4502935521305;1;2;2;"S-5";2;"S-1"
-21.4649998402223;1.99497473601335;-431.064420931032;55.6229921014731;"T1";20.5206654500216;1;2;2;"S-5";2;"S-1"
-21.5867486681549;1.83703497494849;-435.336702347645;56.0200614494688;"T1";20.7197002251633;1;2;2;"S-5";2;"S-1"
-21.6350860883382;1.63096826300734;-437.983491346716;56.2453035198401;"T1";20.8423119736835;1;2;2;"S-5";2;"S-1"
-21.2245505835891;2.01430874205539;-439.943970230209;56.3930948818074;"T1";20.9329276927747;1;2;2;"S-5";2;"S-1"
-21.3124784978945;1.94500859660301;-440.133382625733;56.4110710006728;"T1";20.9418519050814;1;2;2;"S-5";2;"S-1"
-21.3544587212016;1.87505117195423;-440.746231953331;56.4670005449874;"T1";20.970607327763;1;2;2;"S-5";2;"S-1"
-21.4351925391531;2.05159687253592;-441.318260854758;56.5172281567483;"T1";20.9973946562968;1;2;2;"S-5";2;"S-1"
-21.2802881279504;2.07144843726217;-442.56991020543;56.6370255361587;"T1";21.0557869169861;1;2;2;"S-5";2;"S-1"
-21.2484065217458;2.11838674265891;-442.863658702038;56.6656193625482;"T1";21.0695907007903;1;2;2;"S-5";2;"S-1"
-20.7551216495468;2.13244740911671;-448.28010923648;57.2056192440775;"T1";21.3245016057044;1;2;2;"S-5";2;"S-1"
-20.7560848552161;2.15234360594237;-448.493907705372;57.2275855808092;"T1";21.3348026038148;1;2;2;"S-5";2;"S-1"
-21.1274216899059;2.56365378572787;-451.967742832594;57.5878118410278;"T1";21.5021672658622;1;2;2;"S-5";2;"S-1"
-21.2840371122543;2.52716118521399;-452.072487434824;57.6005218110366;"T1";21.5071250218898;1;2;2;"S-5";2;"S-1"
-21.1358030469277;2.64038156448436;-453.298514544462;57.7460941997312;"T1";21.5647281496786;1;2;2;"S-5";2;"S-1"
-21.70578705035;2.23030043546817;-455.721426548931;58.0487754924536;"T1";21.6793635860085;1;2;2;"S-5";2;"S-1"
-21.5751412299872;2.29587891087191;-456.155789945404;58.0934069481136;"T1";21.69937499566;1;2;2;"S-5";2;"S-1"
-18.4631383740471;0.556511673123683;-458.001812769657;58.2898480664365;"T1";21.7849374865182;3;2;1;"S-6-NA";3;"S-2"
-16.8039807613488;-0.592679135489196;-459.073880805695;58.3221620947642;"T1";21.8430028064176;3;2;1;"S-6-NA";3;"S-2"
-12.4162088089788;-1.97700564045306;-461.677787391841;58.2303218858107;"T1";21.9979605288245;3;2;1;"S-6-NA";3;"S-2"
-11.3691406293676;-2.03264994442945;-462.197138378613;58.1476267696107;"T1";22.0397889963351;3;2;1;"S-6-NA";3;"S-2"
-11.149967279924;-2.11398918910024;-462.345782619755;58.1210511718283;"T1";22.0528633566573;3;2;1;"S-6-NA";3;"S-2"
-10.8169186456197;-2.15001112754323;-462.532024057123;58.0857405403911;"T1";22.0695666735992;3;2;1;"S-6-NA";3;"S-2"
-10.4434288617903;-2.08493621731346;-462.759509492075;58.0405246861794;"T1";22.0905971946195;3;2;1;"S-6-NA";3;"S-2"
-6.92351286371514;-2.14460997951107;-464.937435203563;57.6057214951399;"T1";22.2991422750056;3;2;1;"S-6-NA";3;"S-2"
-6.00664967706492;-1.44881209617675;-465.543255332685;57.4180641714262;"T1";22.3866441170685;3;2;1;"S-6-NA";3;"S-2"
-5.05859002671358;-0.776715072622598;-466.87241794294;57.0974683366339;"T1";22.6079259766266;3;2;1;"S-6-NA";3;"S-2"
-4.18231324925072;-0.110160627527479;-467.501096112878;57.0009387092396;"T1";22.7322053047828;3;2;1;"S-6-NA";3;"S-2"
-3.96073724750731;0.077044245696308;-467.553033146175;56.9995707064528;"T1";22.7446235599928;3;2;1;"S-6-NA";3;"S-2"
-2.94648383415487;1.07874421115629;-468.091121380879;57.0100375967236;"T1";22.8804791346192;3;2;1;"S-6-NA";3;"S-2"
-3.02600477175891;1.12592773865729;-468.125172256966;57.0225040440317;"T1";22.8920355788432;3;2;1;"S-6-NA";3;"S-2"
-2.9593054474941;1.84424962228831;-468.559056560078;57.1839454194061;"T1";23.0354207800701;3;2;1;"S-6-NA";3;"S-2"
-2.92663697986643;2.05854499662394;-468.758379908616;57.3081644352453;"T1";23.102775553707;3;2;1;"S-6-NA";3;"S-2"
-3.27478491308641;2.04235142626686;-468.964844033548;57.4533876707487;"T1";23.173322097864;3;2;1;"S-6-NA";3;"S-2"
-3.04064716062271;2.30021079576875;-469.301484955138;57.6633370520352;"T1";23.2761199702509;3;2;1;"S-6-NA";3;"S-2"
-3.01642219344116;2.16668266150915;-469.553794928264;57.8542063286748;"T1";23.3590990072116;3;2;1;"S-6-NA";3;"S-2"
-2.96021382389988;2.96151013865752;-470.544831727624;58.566063659111;"T1";23.687646118924;3;2;1;"S-6-NA";3;"S-2"
-3.0480241575361;2.96769998464084;-470.731796189953;58.753109995523;"T1";23.7508052261546;3;2;1;"S-6-NA";3;"S-2"
-2.92007085021466;3.05576070057169;-470.786307128416;58.8061844145162;"T1";23.7686892505735;3;2;1;"S-6-NA";3;"S-2"
-2.99726963184765;3.17700004523449;-470.858726286778;58.881968746282;"T1";23.7934897304513;3;2;1;"S-6-NA";3;"S-2"
-3.34837236713734;3.19858511541418;-471.158343945023;59.1995528914258;"T1";23.8934532622807;3;2;1;"S-6-NA";3;"S-2"
-3.81097476259487;2.95970007909247;-471.936005294834;59.9424260684812;"T1";24.1257038200274;3;2;3;"S-7-NA";3;"S-2"
-4.5211652442459;3.04811805812799;-472.593977803965;60.4534242798654;"T1";24.2983558448032;3;2;1;"S-8-NA";3;"S-2"
-4.03551096223425;2.84661076618336;-473.313349620523;60.9384165564356;"T1";24.457467882894;3;2;3;"S-9-NA";3;"S-2"
-4.68150277771082;2.87421626604484;-473.884470896603;61.3412800323378;"T1";24.5989917893894;3;2;1;"S-10-NA";3;"S-2"
-5.19283699209908;2.3341424071178;-474.863025514645;61.942065236136;"T1";24.8080175369978;3;2;1;"S-10-NA";3;"S-2"
-5.1968525826399;2.32853633850845;-474.87428111987;61.9471245487069;"T1";24.8101850622334;3;2;1;"S-10-NA";3;"S-2"
-4.82208311930404;2.44701432620766;-475.642412090399;62.2912984210978;"T1";24.9579920200631;3;2;1;"S-10-NA";3;"S-2"
-4.94297473820903;2.58266738470398;-475.699462539668;62.3202492423972;"T1";24.9698230996728;3;2;1;"S-10-NA";3;"S-2"
-4.87002423382985;2.45690567116056;-476.319134453269;62.644023189309;"T1";25.0951872672886;3;2;1;"S-10-NA";3;"S-2"
-4.81294288867839;2.47292096201576;-476.396083292992;62.6828435383721;"T1";25.1109877717681;3;2;1;"S-10-NA";3;"S-2"
-4.87703386807108;2.433391342616;-476.44681276967;62.7089086692434;"T1";25.1215279917233;3;2;1;"S-10-NA";3;"S-2"
-4.510865712519;2.52450311604307;-476.567685098178;62.7692178009227;"T1";25.1463119755499;3;2;3;"S-11-NA";3;"S-2"
-4.68736220125778;2.2993316136162;-476.761170362525;62.8775017055836;"T1";25.1892051310278;3;2;3;"S-11-NA";3;"S-2"
-5.32983335327861;2.11494896288985;-477.191380777952;63.0885364765752;"T1";25.2809860510752;3;2;1;"S-12-NA";3;"S-2"
-5.26187986409351;2.10231911975858;-477.647332817009;63.2694643270751;"T1";25.3665331983939;3;2;1;"S-12-NA";3;"S-2"
-5.07389584568587;2.29516605558001;-477.781160592621;63.3229335621568;"T1";25.3919666516595;3;2;1;"S-12-NA";3;"S-2"
-4.47965106356933;2.07743734845855;-478.167223213257;63.4975681721607;"T1";25.4680546582676;3;2;3;"S-13-NA";3;"S-2"
-4.55866329079132;1.98521199841443;-478.357876528256;63.58598361157;"T1";25.5106145166792;3;2;3;"S-13-NA";3;"S-2"
-4.57338070561493;2.07295074183508;-478.61986522089;63.7000747525229;"T1";25.5680850241333;3;2;3;"S-13-NA";3;"S-2"
-4.37240656881669;2.45459903792179;-479.122452920685;63.9278798735458;"T1";25.6779791554436;3;2;3;"S-13-NA";3;"S-2"
-4.24063565630396;2.39638343622116;-479.280395374312;64.0165462380797;"T1";25.7141017005779;3;2;3;"S-13-NA";3;"S-2"
-4.31435261398139;2.35551485689148;-479.535915216991;64.1609405148458;"T1";25.7743567810394;3;2;3;"S-13-NA";3;"S-2"
-4.27096311995886;2.42239964101838;-479.830130791101;64.3215739210492;"T1";25.8425513864495;3;2;3;"S-13-NA";3;"S-2"
-4.34280018086891;2.7100377092284;-480.421787939071;64.6571492989187;"T1";25.9810815332457;3;2;3;"S-13-NA";3;"S-2"
-4.47652003534566;2.51052444519487;-480.630589946095;64.7874480207645;"T1";26.0291615733877;3;2;3;"S-13-NA";3;"S-2"
-4.38534769357437;2.58179705235584;-480.861414834592;64.9168993625556;"T1";26.0807250393555;3;2;3;"S-13-NA";3;"S-2"
-4.26368420538705;2.71076627270381;-480.897207202077;64.9379714953319;"T1";26.0888868477196;3;2;3;"S-13-NA";3;"S-2"
-4.29214642489457;2.51639950821791;-481.335039828952;65.2163368387413;"T1";26.1915756505914;3;2;3;"S-13-NA";3;"S-2"
-4.51869706553564;2.63847285174049;-481.496360456311;65.3109158924751;"T1";26.2291607214138;3;2;1;"S-14-NA";3;"S-2"
-4.6115559257659;2.48475331948226;-481.902250592359;65.5479156490903;"T1";26.3189853169024;3;2;1;"S-14-NA";3;"S-2"
-4.9179138435377;2.37001077743703;-482.067882783172;65.6371599611104;"T1";26.3549020863138;3;2;1;"S-14-NA";3;"S-2"
-4.7837066505259;2.23488619514733;-482.401801713971;65.7980801174942;"T1";26.4228005777113;3;2;1;"S-14-NA";3;"S-2"
-4.76539204707231;1.79483998192689;-483.214402896154;66.1777169340661;"T1";26.5926691005006;3;2;1;"S-14-NA";3;"S-2"
-4.60071857807554;1.97287060038633;-483.51951951416;66.2926362313115;"T1";26.6566967009567;3;2;3;"S-15-NA";3;"S-2"
-4.45926684267419;1.97274458588981;-483.655111756965;66.3507806157008;"T1";26.6861686715856;3;2;3;"S-15-NA";3;"S-2"
-4.2627337155176;2.09935093305973;-484.400485857988;66.6805282567669;"T1";26.8533203867264;3;2;3;"S-15-NA";3;"S-2"
-4.16657088936587;2.11908763737033;-484.460983541703;66.7103227213596;"T1";26.8675126135349;3;2;3;"S-15-NA";3;"S-2"
-4.28652476279685;2.24376262886215;-484.505945646412;66.7331901206592;"T1";26.8783037667163;3;2;3;"S-15-NA";3;"S-2"
-4.60845444155662;1.86001055400085;-485.555860384792;67.2827633959415;"T1";27.1232375525869;3;2;3;"S-15-NA";3;"S-2"
-4.75602931245354;1.80992559335889;-485.624255519805;67.3103682414661;"T1";27.1380787831731;3;2;3;"S-15-NA";3;"S-2"
-4.81280468905887;1.75646992159088;-485.775643244867;67.3679794335152;"T1";27.1699094795622;3;2;1;"S-16-NA";3;"S-2"
-4.87778752163101;1.71232323108593;-485.951718832027;67.4322395672113;"T1";27.2064942982979;3;2;1;"S-16-NA";3;"S-2"
-4.49889045682207;1.69232865203116;-486.232029641759;67.5306412932603;"T1";27.2639610921033;3;2;1;"S-16-NA";3;"S-2"
-4.2016932513954;1.88943065880345;-486.329007499204;67.567121044955;"T1";27.2855170420371;3;2;3;"S-17-NA";3;"S-2"
-4.09362757068108;2.25601478949413;-486.669114070322;67.7200612393678;"T1";27.3664621636271;3;2;3;"S-17-NA";3;"S-2"
-3.71571592229794;2.56667413777489;-486.932014696406;67.8649468427533;"T1";27.4306840845384;3;2;3;"S-17-NA";3;"S-2"
-3.80382650462535;2.58426399841321;-487.23812804322;68.0763982095763;"T1";27.5130674941465;3;2;3;"S-17-NA";3;"S-2"
-3.86837492436036;2.49469051494019;-487.285288323031;68.1084382127473;"T1";27.5254656095058;3;2;3;"S-17-NA";3;"S-2"
-4.07919722810158;2.5180168605329;-487.752368789881;68.4096554507727;"T1";27.6462089386769;3;2;3;"S-17-NA";3;"S-2"
-3.95217010142696;2.43068459211102;-487.968279161521;68.5429331340405;"T1";27.6991385617293;3;2;3;"S-17-NA";3;"S-2"
-4.08739168030383;2.77443486182627;-488.737508077981;69.0160283771758;"T1";27.8937731287442;3;2;3;"S-17-NA";3;"S-2"
-3.9850810172892;2.8556168026732;-488.800958583943;69.0590972361233;"T1";27.9092965996824;3;2;3;"S-17-NA";3;"S-2"
-4.058274847431;2.76939146719708;-488.979353648195;69.1869310093343;"T1";27.9540623305365;3;2;3;"S-17-NA";3;"S-2"
-4.80175359605048;2.40597111704574;-490.243106042691;70.0493233384744;"T1";28.2654637121595;3;2;1;"S-18-NA";3;"S-2"
-4.68960698145449;2.3445962192826;-490.288040345322;70.0718381618889;"T1";28.2748216064647;3;2;3;"S-19-NA";3;"S-2"
-4.70912644696017;2.06923762435187;-490.907357725485;70.3814694793552;"T1";28.4068832872435;3;2;3;"S-19-NA";3;"S-2"
-4.19455440303879;2.20530869417872;-491.190274602991;70.5057860068666;"T1";28.4669617074542;3;2;3;"S-19-NA";3;"S-2"
-4.15462020072219;2.36629431967908;-491.553629155558;70.6968215441018;"T1";28.5535870119929;3;2;3;"S-19-NA";3;"S-2"
-3.67674412128704;2.26955847818982;-491.721854732593;70.7926356518012;"T1";28.5940782167017;3;2;1;"S-20-NA";3;"S-2"
-3.67932482159252;2.41200634234649;-491.857338819995;70.8762664536952;"T1";28.6309271468781;3;2;3;"S-21-NA";3;"S-2"
-4.03927601508477;2.62071345483777;-491.990639203329;70.9636524241191;"T1";28.6671567242593;3;2;3;"S-21-NA";3;"S-2"
-3.84123966456805;2.79326464535193;-492.231249751301;71.1197624047423;"T1";28.7267244653776;3;2;3;"S-21-NA";3;"S-2"
-4.08072269166894;2.71656367118572;-492.438243927529;71.2702839979622;"T1";28.7806118023582;3;2;3;"S-21-NA";3;"S-2"
-3.93000337129919;2.83699443465314;-492.824458530272;71.5273895741966;"T1";28.875255479943;3;2;3;"S-21-NA";3;"S-2"
-4.33451094404772;3.06234047006373;-493.489341426084;72.0073558482433;"T1";29.0444367332384;3;2;1;"S-22-NA";3;"S-2"
-4.63927121388475;2.82397358562613;-493.636446916236;72.1112861651066;"T1";29.0783749311231;3;2;1;"S-22-NA";3;"S-2"
-4.4940000460264;2.70862266872874;-494.629992379471;72.7160678247551;"T1";29.292534745764;3;2;1;"S-22-NA";3;"S-2"
-4.25562395403208;2.02915549596429;-495.769603190963;73.4029337895801;"T1";29.5461197034456;3;2;3;"S-23-NA";3;"S-2"
-4.20962816728992;2.35065922225211;-496.886166685608;73.9353306780798;"T1";29.8084933310747;3;2;3;"S-23-NA";3;"S-2"
-4.21881257651709;2.38040674654861;-497.05249006692;74.0282057669519;"T1";29.8480035620742;3;2;3;"S-23-NA";3;"S-2"
-4.39295423432649;2.38218411783378;-497.086915692336;74.0476299507739;"T1";29.8561635892838;3;2;3;"S-23-NA";3;"S-2"
-4.52911745502622;2.43045680717604;-497.226616075989;74.1233858128752;"T1";29.8879645997658;3;2;3;"S-23-NA";3;"S-2"
-4.35051871742958;2.30442966078422;-497.530501660933;74.2864596999763;"T1";29.9550605821423;3;2;3;"S-23-NA";3;"S-2"
-4.16077235777669;2.47409110650723;-497.635084470363;74.3418562500688;"T1";29.9790997407399;3;2;3;"S-23-NA";3;"S-2"
-4.32232316628105;2.2994040831874;-498.105172110796;74.6213811917066;"T1";30.0920806010254;3;2;3;"S-23-NA";3;"S-2"
-4.57539744125553;2.05107668187521;-498.363332601792;74.7587182820346;"T1";30.1518078544177;3;2;3;"S-23-NA";3;"S-2"
-4.66822718865223;1.66601310136045;-498.75194941935;74.9329289168287;"T1";30.236744042486;3;2;1;"S-24-NA";3;"S-2"
-4.81782302449797;1.46792249091667;-498.985690204008;75.0163471383132;"T1";30.2868146100082;3;2;1;"S-24-NA";3;"S-2"
-4.9915061442702;1.29563589474125;-499.161927456105;75.0700441348145;"T1";30.3233948769048;3;2;1;"S-24-NA";3;"S-2"
-4.92203854676328;1.35241357318859;-500.07668887808;75.3074870426622;"T1";30.506658484228;3;2;1;"S-24-NA";3;"S-2"
-4.83464230226109;1.35913937951058;-500.227878493866;75.3490289539194;"T1";30.5373753537424;3;2;1;"S-24-NA";3;"S-2"
-4.9030913837044;1.36317263444349;-500.276863980465;75.3628000045369;"T1";30.5475075379945;3;2;1;"S-24-NA";3;"S-2"
-5.03524230245187;1.31702268997158;-500.336547214899;75.3793933220072;"T1";30.5596801103093;3;2;1;"S-24-NA";3;"S-2"
-4.87034518463033;1.38506378607756;-500.370026438327;75.3881501790258;"T1";30.5663290899247;3;2;1;"S-24-NA";3;"S-2"
-4.87028411671422;1.36543806103389;-500.661721853719;75.4711046188258;"T1";30.6262212339789;3;2;1;"S-24-NA";3;"S-2"
-4.89397130434363;1.41147762557338;-500.687737249896;75.4783983231073;"T1";30.6315628928132;3;2;1;"S-24-NA";3;"S-2"
-4.81821751163076;1.47180070461107;-500.707224006975;75.484018528029;"T1";30.6355446809903;3;2;1;"S-24-NA";3;"S-2"
-4.86413711517727;1.15311180544571;-501.034364171696;75.5839486627273;"T1";30.7034411933273;3;2;1;"S-24-NA";3;"S-2"
-4.8961410033239;1.16691137748039;-501.171947422556;75.6165646986328;"T1";30.7317264261656;3;2;1;"S-24-NA";3;"S-2"
-4.37894084491856;1.19656766926676;-501.564149884719;75.7100394402841;"T1";30.811830831226;3;2;1;"S-24-NA";3;"S-2"
-4.34553824930781;1.19232927933282;-501.575687793508;75.7131922320474;"T1";30.8144656941295;3;2;1;"S-24-NA";3;"S-2"
-4.4932583387215;1.31909562289466;-501.656712918778;75.735423915139;"T1";30.8331112843007;3;2;1;"S-24-NA";3;"S-2"
-4.17034973837414;1.47980180761557;-501.935693450182;75.8173248364987;"T1";30.8951999759302;3;2;1;"S-24-NA";3;"S-2"
-4.19389278944023;1.45426682721571;-502.054292060214;75.8594082224293;"T1";30.9236385044642;3;2;1;"S-24-NA";3;"S-2"
-4.19620509131865;1.8527272634755;-503.515988389545;76.3662634497641;"T1";31.272168236319;3;2;3;"S-25-NA";3;"S-2"
-4.18714595076991;1.83089138054664;-503.529930497034;76.3724192314987;"T1";31.2754907878116;3;2;1;"S-26-NA";3;"S-2"
-3.73364960699458;2.28494712857301;-504.101413783444;76.6223087351166;"T1";31.41197594814;3;2;1;"S-26-NA";3;"S-2"
-3.71321607381964;2.24480243733242;-504.110422292278;76.6278218304953;"T1";31.4143887371756;3;2;1;"S-26-NA";3;"S-2"
-3.46844758057435;2.44348230049213;-504.18410797364;76.672368065842;"T1";31.4342329045758;3;2;1;"S-26-NA";3;"S-2"
-3.54026615652671;2.46688843054829;-504.332349623323;76.7768026403251;"T1";31.476972962264;3;2;1;"S-26-NA";3;"S-2"
-4.63762953188783;2.56970771669612;-505.401651801107;77.5219017527955;"T1";31.7790130153298;3;2;1;"S-26-NA";3;"S-2"
-4.49324601697778;2.32755356535911;-505.710379368204;77.6929675108666;"T1";31.8455831380561;3;2;3;"S-27-NA";3;"S-2"
-4.40399733699068;2.09694466602019;-506.172359662863;77.9322786631822;"T1";31.9483997416683;3;2;3;"S-27-NA";3;"S-2"
-4.69010352764895;2.05027697196104;-506.408946252035;78.0449283648632;"T1";32.0021206163801;3;2;3;"S-27-NA";3;"S-2"
-4.85898326562185;1.77597891005698;-506.628804254828;78.1410392071016;"T1";32.0489976205863;3;2;1;"S-28-NA";3;"S-2"
-5.24724421882347;1.82980339592779;-506.894915089544;78.2383038413588;"T1";32.1037643938325;3;2;1;"S-28-NA";3;"S-2"
-5.16944715951889;1.6765679081085;-507.204731057125;78.3463419440182;"T1";32.1628079516813;3;2;1;"S-28-NA";3;"S-2"
-4.99794933041183;1.95753421930703;-507.653625976945;78.4919286563804;"T1";32.249644107651;3;2;1;"S-28-NA";3;"S-2"
-4.49019124785694;2.10762758889945;-508.448588162892;78.803289492429;"T1";32.4087017797865;3;2;3;"S-29-NA";3;"S-2"
-4.48959817297168;2.01416461574124;-508.525243786122;78.8392704779697;"T1";32.425773574505;3;2;3;"S-29-NA";3;"S-2"
-4.95280835321193;1.91006698164136;-508.818275347905;78.9707329786878;"T1";32.4910425697453;3;2;1;"S-30-NA";3;"S-2"
-4.94351576823258;1.69567808293827;-508.974991757894;79.0311711824006;"T1";32.5226844986901;3;2;1;"S-30-NA";3;"S-2"
-5.11728707410755;1.60872239713784;-509.37092722351;79.1669812258552;"T1";32.6027763774619;3;2;1;"S-30-NA";3;"S-2"
-5.18832747745706;1.55505136333508;-509.382551298118;79.1706354881425;"T1";32.6050479081459;3;2;1;"S-30-NA";3;"S-2"
-5.00575329520888;1.52758950249586;-510.017860130893;79.3610509680515;"T1";32.7274975483306;3;2;1;"S-30-NA";3;"S-2"
-4.79111003765296;1.43267418713891;-510.638712355859;79.5505144284996;"T1";32.8515252796933;3;2;1;"S-30-NA";3;"S-2"
-4.6789639641002;1.45230338442096;-510.897985500755;79.6280442575353;"T1";32.9056407441385;3;2;1;"S-30-NA";3;"S-2"
-4.82278399992342;1.25768199429325;-511.145666682815;79.7049220069096;"T1";32.958575792145;3;2;1;"S-30-NA";3;"S-2"
-4.52846397893584;1.35488847883076;-511.172615134026;79.7119496038045;"T1";32.9641635296866;3;2;1;"S-30-NA";3;"S-2"
-4.472262199502;1.50570230709617;-511.285331200421;79.7456735553358;"T1";32.9890541033819;3;2;1;"S-30-NA";3;"S-2"
-4.46783240892825;1.51980085376717;-511.307898959194;79.7532715728346;"T1";32.9941002652049;3;2;1;"S-30-NA";3;"S-2"
-4.21037280033299;1.64868713614024;-511.391786038091;79.781807033089;"T1";33.0128760542721;3;2;1;"S-30-NA";3;"S-2"
-4.49872509904381;1.97659192369291;-511.92056509872;79.988865000747;"T1";33.1384656601585;3;2;3;"S-31-NA";3;"S-2"
-4.13998146678886;2.14335654968257;-512.011058873881;80.028624990786;"T1";33.1585810869001;3;2;3;"S-31-NA";3;"S-2"
-4.16207251060892;1.93262737358514;-512.345139463263;80.2015856248172;"T1";33.2392772426829;3;2;3;"S-31-NA";3;"S-2"
-4.20238576129455;1.8723320402108;-512.498538586263;80.2728153651543;"T1";33.2761336700059;3;2;3;"S-31-NA";3;"S-2"
-4.62956437035931;1.97624046825164;-512.80795404457;80.4106724085652;"T1";33.349762193393;3;2;3;"S-31-NA";3;"S-2"
-4.64568098758832;1.86662125556103;-512.933907826551;80.4644387980496;"T1";33.3769685938023;3;2;3;"S-31-NA";3;"S-2"
-4.36544089313317;1.6450301770646;-513.4942276229;80.6895736802277;"T1";33.4975795005448;3;2;1;"S-32-NA";3;"S-2"
-4.67714178309409;1.53041274628129;-513.69503663793;80.765244591285;"T1";33.5435792105272;3;2;1;"S-32-NA";3;"S-2"
-4.75322162788848;1.45863879712984;-514.083599057926;80.8923865313556;"T1";33.6266561062075;3;2;1;"S-32-NA";3;"S-2"
-4.72285340486591;1.42502090240737;-514.224341749313;80.9355767644526;"T1";33.6562660639174;3;2;1;"S-32-NA";3;"S-2"
-4.11409939133537;1.85256618664283;-514.953221471617;81.1555007702566;"T1";33.8105964357965;3;2;1;"S-32-NA";3;"S-2"
-3.70256814177525;1.88349323253358;-515.090469878156;81.2173033017318;"T1";33.8439569342881;3;2;1;"S-32-NA";3;"S-2"
-3.73537180730827;2.05275040025918;-515.121422117995;81.2330486795442;"T1";33.8523166021332;3;2;1;"S-32-NA";3;"S-2"
-3.86774174983678;2.27852822184815;-515.361747594502;81.3651180540378;"T1";33.9166543679312;3;2;3;"S-33-NA";3;"S-2"
-3.99082323673854;2.17930031730264;-515.408258601312;81.392518187888;"T1";33.9286797330715;3;2;3;"S-33-NA";3;"S-2"
-3.87452571207631;2.11827999893916;-515.570581624587;81.4811592013191;"T1";33.9693538029678;3;2;3;"S-33-NA";3;"S-2"
-3.56856901525407;2.012386851259;-515.665233039203;81.5329070056578;"T1";33.9937829645351;3;2;1;"S-34-NA";3;"S-2"
-3.5587933685213;1.9878002205475;-515.686385550374;81.5448353262726;"T1";33.9997104136273;3;2;1;"S-34-NA";3;"S-2"
-3.67719153528439;2.05135585188689;-516.02235141856;81.7324924779312;"T1";34.0941148460843;3;2;1;"S-34-NA";3;"S-2"
-3.61612877147072;2.19636101996773;-516.113414613952;81.7832929371853;"T1";34.1188791790046;3;2;1;"S-34-NA";3;"S-2"
-3.51401403412879;2.19234017671693;-516.154985887915;81.8085424599354;"T1";34.1303752502427;3;2;1;"S-34-NA";3;"S-2"
-3.57997361141094;2.53316507836519;-516.660580922533;82.1239755506338;"T1";34.2742548789829;3;2;1;"S-34-NA";3;"S-2"
-3.57737803520055;2.57963393915553;-516.938977585617;82.3209671437028;"T1";34.3520198832266;3;2;1;"S-34-NA";3;"S-2"
-4.04678008490635;1.92436396704349;-518.892302502153;83.7295024450638;"T1";34.8980412702076;3;2;1;"S-34-NA";3;"S-2"
-3.610423634016;2.28797480468375;-519.139952065303;83.8472671581894;"T1";34.9592379643582;3;2;1;"S-34-NA";3;"S-2"
-3.77892978035496;2.18938894728358;-519.23849392781;83.9097144833445;"T1";34.9865316762589;3;2;1;"S-34-NA";3;"S-2"
-3.51925014039186;2.36417643187234;-520.238197616893;84.4889102701557;"T1";35.2510784519836;3;2;1;"S-34-NA";3;"S-2"
-3.57880816929101;2.33410266558474;-520.251451525208;84.4978140355658;"T1";35.2548445691355;3;2;1;"S-34-NA";3;"S-2"
-3.78728917311348;2.29860063904138;-520.271071917535;84.510610477248;"T1";35.2603269508108;3;2;3;"S-35-NA";3;"S-2"
-3.83590804733438;2.07710768891245;-520.427180139722;84.6053564664972;"T1";35.3015459375456;3;2;1;"S-36-NA";3;"S-2"
-4.14690471383628;2.09437996145955;-521.212767050209;85.0307442995593;"T1";35.5063440976664;3;2;3;"S-37-NA";3;"S-2"
-4.21328048441738;2.05645566152901;-521.276063974003;85.0627121931969;"T1";35.5216077528894;3;2;3;"S-37-NA";3;"S-2"
-4.515792892885;2.0066083953509;-521.833268184536;85.3346774130811;"T1";35.653857246507;3;2;3;"S-37-NA";3;"S-2"
-4.36227279595287;2.09824027179781;-522.064689560172;85.4375103122483;"T1";35.7051043654792;3;2;3;"S-37-NA";3;"S-2"
-4.31341199144322;2.21723372998253;-522.281565691656;85.541827088011;"T1";35.7548206811771;3;2;3;"S-37-NA";3;"S-2"
-4.54912157631418;1.96480832158946;-522.46029310268;85.6336987768226;"T1";35.7962559559382;3;2;3;"S-37-NA";3;"S-2"
-4.70620990754462;1.60940111336741;-523.62230107458;86.1355809302543;"T1";36.0516916378401;3;2;1;"S-38-NA";3;"S-2"
-4.74396492517324;1.57630533713522;-523.817528639546;86.2023436685488;"T1";36.0931746079586;3;2;1;"S-38-NA";3;"S-2"
-4.5029385658759;1.64108966369702;-524.474497013231;86.4206384430892;"T1";36.2316596903838;3;2;1;"S-38-NA";3;"S-2"
-4.79274880736112;2.01380449793647;-525.006684608027;86.6145934678339;"T1";36.3498464226723;3;2;3;"S-39-NA";3;"S-2"
-4.87443696589503;1.96000331277394;-525.530720778549;86.8347815977977;"T1";36.4591858000495;3;2;1;"S-40-NA";3;"S-2"
-5.08685884075492;1.70375760386436;-526.049970016084;87.0435708862515;"T1";36.5657107671723;3;2;1;"S-40-NA";3;"S-2"
-4.90801956905563;1.54765771569494;-526.395745098162;87.159382420198;"T1";36.633684951812;3;2;1;"S-40-NA";3;"S-2"
-5.08541317366356;1.50590783540322;-526.573942761435;87.2155739215977;"T1";36.669992399402;3;2;1;"S-40-NA";3;"S-2"
-5.20648856220036;1.55643641808176;-526.682832706092;87.2478187393254;"T1";36.6914046113379;3;2;1;"S-40-NA";3;"S-2"
-5.05262171899524;1.51936030372541;-527.120175984111;87.3785588719466;"T1";36.7754042730667;3;2;1;"S-40-NA";3;"S-2"
-5.06531260749258;1.53855265711392;-527.147333944414;87.3867254692318;"T1";36.7807792965323;3;2;1;"S-40-NA";3;"S-2"
-4.90331676853888;1.56193605016635;-527.607665747373;87.526547978419;"T1";36.8716585449874;3;2;1;"S-40-NA";3;"S-2"
-4.56425573355167;2.20805393524372;-528.040807385265;87.6645238773844;"T1";36.9599950034171;3;2;3;"S-41-NA";3;"S-2"
-4.40585650912973;2.25351802220066;-528.207040917102;87.7449428165432;"T1";36.9964157347567;3;2;3;"S-41-NA";3;"S-2"
-4.36234719606597;2.37164292598052;-528.549361802438;87.9200339215038;"T1";37.0741125196218;3;2;3;"S-41-NA";3;"S-2"
-4.05254644176117;2.18116071360213;-528.708240357282;88.0064101734959;"T1";37.1105329482816;3;2;3;"S-41-NA";3;"S-2"
-3.94423634840903;2.06678702181574;-528.853750433358;88.0847265767582;"T1";37.1464387862943;3;2;3;"S-41-NA";3;"S-2"
-4.26515012988547;1.96363833945051;-529.020475537572;88.1720908346679;"T1";37.1887093526311;3;2;3;"S-41-NA";3;"S-2"
-4.65157188419811;2.09678486739981;-529.445624073839;88.3678255545144;"T1";37.2883889707737;3;2;3;"S-41-NA";3;"S-2"
-4.66154604944276;2.03740408720074;-529.465239181625;88.3766674389785;"T1";37.2926058480516;3;2;3;"S-41-NA";3;"S-2"
-4.50742765742955;2.13730767925646;-529.513945328382;88.3979552480922;"T1";37.3030543443747;3;2;3;"S-41-NA";3;"S-2"
-3.99246250472164;3.12863156186863;-530.431994434916;88.8332708104162;"T1";37.5067290733568;3;2;1;"S-42-NA";3;"S-2"
-3.97904758653155;3.073174394406;-530.481815540795;88.8723123503474;"T1";37.5192078645341;3;2;1;"S-42-NA";3;"S-2"
-4.62754739927663;2.4077786082303;-531.119439193855;89.3647740867903;"T1";37.6794531592168;3;2;3;"S-43-NA";3;"S-2"
-4.49211847036783;2.51789917878411;-531.180548011776;89.3965698723045;"T1";37.6926586031914;3;2;3;"S-43-NA";3;"S-2"
-4.60296422474037;2.64397967735897;-531.510400559622;89.5814571286889;"T1";37.7660877769813;3;2;1;"S-44-NA";3;"S-2"
-4.67890888243125;2.56541993160775;-531.73525702057;89.7106164886237;"T1";37.8149381373078;3;2;1;"S-44-NA";3;"S-2"
-4.40816067137029;2.79928464012071;-531.999361214532;89.8554233613875;"T1";37.8713838174008;3;2;1;"S-44-NA";3;"S-2"
-4.31171280223575;2.87386425505379;-532.052580435235;89.8892188053784;"T1";37.8834567032754;3;2;1;"S-44-NA";3;"S-2"
-4.23988129378804;2.83044274302693;-532.16101491492;89.9614930939213;"T1";37.9086055210792;3;2;3;"S-45-NA";3;"S-2"
-4.26814296236212;2.82665529532376;-532.180887572489;89.9747596019915;"T1";37.913292599842;3;2;3;"S-45-NA";3;"S-2"
-4.11724929627943;3.02823028228525;-532.710629263237;90.3255906703298;"T1";38.0374078638852;3;2;1;"S-46-NA";3;"S-2"
-4.40376269533755;2.94581337490747;-532.776565140211;90.3740864025461;"T1";38.0534224095754;3;2;1;"S-46-NA";3;"S-2"
-4.57599577779717;2.91726210226131;-532.88087379602;90.4438616957808;"T1";38.0771086667664;3;2;1;"S-46-NA";3;"S-2"
-4.58757469487767;3.01090467176503;-532.921264910732;90.4696116033282;"T1";38.0859354045242;3;2;1;"S-46-NA";3;"S-2"
-4.96639425799526;2.43085748634096;-533.896945656342;91.1099677632812;"T1";38.2986143929884;3;2;1;"S-46-NA";3;"S-2"
-5.36067215444741;2.25076314646496;-534.262415563915;91.2888511170195;"T1";38.3722029742785;3;2;1;"S-46-NA";3;"S-2"
-5.52275060612169;2.13939380416371;-534.364396731572;91.3316695262004;"T1";38.3912269258872;3;2;1;"S-46-NA";3;"S-2"
-5.46629809379929;2.15965027419046;-534.517350120651;91.3909203517874;"T1";38.4189220727421;3;2;1;"S-46-NA";3;"S-2"
-5.45838191339753;2.14741073276947;-534.696680045035;91.4617708457999;"T1";38.4517285390757;3;2;1;"S-46-NA";3;"S-2"
-5.00339674583019;1.85386820531045;-535.338134718149;91.7141289019939;"T1";38.5692459065467;3;2;1;"S-46-NA";3;"S-2"
-4.77638994807671;1.8725470656119;-535.583412180774;91.8050095801688;"T1";38.6182680958882;3;2;3;"S-47-NA";3;"S-2"
-4.75593599572226;1.88651481702893;-535.674217994757;91.840609303467;"T1";38.6372794862837;3;2;3;"S-47-NA";3;"S-2"
-4.47074822880613;1.82201566828254;-535.866559366136;91.9169044528047;"T1";38.6777218664065;3;2;3;"S-47-NA";3;"S-2"
-4.505861423934;1.71113326856891;-535.917800047879;91.9377871597278;"T1";38.689183187671;3;2;3;"S-47-NA";3;"S-2"
-4.50922492352289;1.50904118684336;-536.215669340576;92.0509051650246;"T1";38.7552902568132;3;2;1;"S-48-NA";3;"S-2"
-4.56049644551373;1.73058840951995;-536.393439878874;92.110397221564;"T1";38.79471400287;3;2;3;"S-49-NA";3;"S-2"
-4.34515261895939;1.69766587491151;-536.564554512442;92.1753307227933;"T1";38.8322350569069;3;2;1;"S-50-NA";3;"S-2"
-4.1817331166133;1.81910965460292;-536.603500831766;92.1905471819301;"T1";38.8411982217804;3;2;1;"S-50-NA";3;"S-2"
-4.04576215232574;1.89651207505661;-536.619918129429;92.1976889252812;"T1";38.8451241771691;3;2;1;"S-50-NA";3;"S-2"
-4.25842326942137;1.88530126670292;-536.956040724487;92.3552514651011;"T1";38.9282043441199;3;2;3;"S-51-NA";3;"S-2"
-3.76574149464548;2.31481595466441;-537.447127768661;92.5726669186307;"T1";39.043525676243;3;2;3;"S-51-NA";3;"S-2"
-3.65443438263286;2.57487188207258;-537.557672456117;92.6406191682976;"T1";39.0728810336441;3;2;3;"S-51-NA";3;"S-2"
-4.18934594962534;2.55242726379621;-538.106598716401;93.0273862148357;"T1";39.2230893019587;3;2;3;"S-51-NA";3;"S-2"
-4.34766782198001;2.27865095259287;-538.808981174265;93.4553241690227;"T1";39.3907485180534;3;2;3;"S-51-NA";3;"S-2"
-4.33421932541031;2.34922455063406;-538.825518279819;93.4639914115228;"T1";39.3945521907881;3;2;3;"S-51-NA";3;"S-2"
-4.17489630984923;2.51643393389405;-539.082632283682;93.6033518095177;"T1";39.4538740627468;3;2;3;"S-51-NA";3;"S-2"
-4.09393258204003;2.45229916430344;-539.569233276278;93.8966523274603;"T1";39.5704280934297;3;2;3;"S-51-NA";3;"S-2"
-4.05700627667192;2.93479554996104;-540.29150813903;94.3293008889179;"T1";39.7468537790701;3;2;3;"S-51-NA";3;"S-2"
-4.62082553822436;2.4463262991426;-541.203793447751;94.9892384590725;"T1";39.9717204039916;3;2;3;"S-51-NA";3;"S-2"
-4.8493212089972;2.30803732718381;-541.311104196611;95.0460501921593;"T1";39.9949436890893;3;2;1;"S-52-NA";3;"S-2"
-4.64717200117188;2.53885917357516;-543.019861626801;95.8593343121434;"T1";40.3473141253926;3;2;1;"S-52-NA";3;"S-2"
-5.02904881856956;2.4940715233099;-543.331186381089;96.0294183348968;"T1";40.4143064282835;3;2;1;"S-52-NA";3;"S-2"
-5.0490195574211;2.46227862882901;-543.362966581797;96.0451791867894;"T1";40.4206257546321;3;2;1;"S-52-NA";3;"S-2"
-5.23521640320653;2.46413001907718;-543.536514343473;96.1298140232753;"T1";40.4549983213656;3;2;1;"S-52-NA";3;"S-2"
-4.93198688270491;2.61303590779071;-543.654156829218;96.1851864010945;"T1";40.477469691541;3;2;1;"S-52-NA";3;"S-2"
-4.84920173956973;2.50295748400871;-544.368102677284;96.563444936971;"T1";40.6222279532813;3;2;1;"S-52-NA";3;"S-2"
-4.55160775773648;2.14222805175933;-545.154960634996;96.9695884879879;"T1";40.7844934146851;3;2;3;"S-53-NA";3;"S-2"
-4.40140856252927;2.19868158113984;-545.206810306611;96.9939916938266;"T1";40.7958849216811;3;2;3;"S-53-NA";3;"S-2"
-4.62971375894732;2.00037152933682;-545.363053609518;97.0720415425052;"T1";40.8313833991997;3;2;3;"S-53-NA";3;"S-2"
-4.35641854883053;1.91341906611192;-546.066788825769;97.376106105473;"T1";40.9833874437027;3;2;3;"S-53-NA";3;"S-2"
-4.47085767074933;1.86320472860166;-546.132440958924;97.4049417285659;"T1";40.9984576515853;3;2;3;"S-53-NA";3;"S-2"
-4.38898186048454;1.85800948344317;-546.671607442538;97.6296363209138;"T1";41.1190534126945;3;2;3;"S-53-NA";3;"S-2"
-4.26232582681622;1.9771323972321;-547.061293956112;97.7946042476006;"T1";41.2078408640809;3;2;3;"S-53-NA";3;"S-2"
-4.30252905366776;2.00294737484238;-547.099938362011;97.8125299318348;"T1";41.2169073708355;3;2;3;"S-53-NA";3;"S-2"
-4.05526902271685;2.18580814174556;-547.67512245646;98.0802941834313;"T1";41.3505924865603;3;2;3;"S-53-NA";3;"S-2"
-4.34533778680617;2.50402922437104;-549.070011594691;98.83214566803;"T1";41.6945620556362;3;2;3;"S-53-NA";3;"S-2"
-4.31729472779381;2.46126297882222;-549.097003176983;98.8476997432684;"T1";41.700773674529;3;2;3;"S-53-NA";3;"S-2"
-4.36313086076426;2.44929337228501;-549.106981279996;98.8533881979819;"T1";41.7030848679133;3;2;3;"S-53-NA";3;"S-2"
-4.56965448301654;2.47963009591818;-549.735754367229;99.206357156369;"T1";41.8471953948028;3;2;3;"S-53-NA";3;"S-2"
-4.72192166092381;2.26948268447933;-549.96264045067;99.3294722765465;"T1";41.8968459940515;3;2;3;"S-53-NA";3;"S-2"
-4.65715780236818;2.16553160926931;-550.074695033535;99.3833287260581;"T1";41.920576710254;3;2;3;"S-53-NA";3;"S-2"
-4.55075429607874;2.04488067740758;-550.315256577549;99.4951874282199;"T1";41.9722308637574;3;2;3;"S-53-NA";3;"S-2"
-4.3540931815674;2.11571684856217;-550.578112902015;99.6133018734007;"T1";42.0299919089302;3;2;3;"S-53-NA";3;"S-2"
-4.38423417125317;2.11754863707014;-550.586042632843;99.6171550442946;"T1";42.0318131218664;3;2;3;"S-53-NA";3;"S-2"
-4.4555802516047;2.15489520140561;-550.930115357029;99.7833393081122;"T1";42.110292671714;3;2;3;"S-53-NA";3;"S-2"
-4.00646249439044;1.90403828369553;-551.173569545179;99.9010834025248;"T1";42.164932959713;3;2;1;"S-54-NA";3;"S-2"
-3.65872834135735;1.57976366469349;-551.667817518058;100.135970678599;"T1";42.2882956452668;3;2;1;"S-54-NA";3;"S-2"
-3.659134942818;1.81282776150455;-552.022960800805;100.289314245406;"T1";42.3853630549274;3;2;1;"S-54-NA";3;"S-2"
-3.72594685994215;1.87303137723028;-552.090033723603;100.322543863443;"T1";42.403693322558;3;2;1;"S-54-NA";3;"S-2"
-3.77223334822147;1.87972413739846;-552.12988669395;100.342577929075;"T1";42.4143893877044;3;2;1;"S-54-NA";3;"S-2"
-3.75747188023589;1.90038994218139;-552.140733462459;100.347982932079;"T1";42.417264811229;3;2;1;"S-54-NA";3;"S-2"
-4.19834768597299;1.68256281485854;-552.896769375638;100.730357861587;"T1";42.6184734795243;3;2;1;"S-54-NA";3;"S-2"
-3.96143889317191;1.84086722547361;-553.02309255891;100.780984133332;"T1";42.6485622650944;3;2;1;"S-54-NA";3;"S-2"
-4.00799518502557;2.09509520744878;-553.330200628345;100.923696212187;"T1";42.7260866388679;3;2;3;"S-55-NA";3;"S-2"
-3.82787784547853;2.25429374476387;-553.71671335063;101.125737610615;"T1";42.8225220646709;3;2;3;"S-55-NA";3;"S-2"
-3.66800212590321;2.45922690466402;-553.948634738236;101.262319537851;"T1";42.8831095225178;3;2;3;"S-55-NA";3;"S-2"
-3.53784481196393;2.81050576905007;-554.55698435519;101.670190006325;"T1";43.0489626480266;3;2;1;"S-56-NA";3;"S-2"
-4.20225250010902;2.72471886893385;-554.896499903902;101.939905174472;"T1";43.1449294206686;3;2;3;"S-57-NA";3;"S-2"
-4.1936968186605;2.74166705618584;-554.994111096568;102.003195768854;"T1";43.1681577232666;3;2;3;"S-57-NA";3;"S-2"
-4.3282665030331;2.62379532299873;-555.021528416034;102.021120088327;"T1";43.174695468042;3;2;3;"S-57-NA";3;"S-2"
-4.33853976515698;2.70771086864025;-555.176162431712;102.114859234663;"T1";43.2104220148176;3;2;3;"S-57-NA";3;"S-2"
-4.70895201416746;2.46067592801139;-555.704205834198;102.444414554522;"T1";43.3321319520473;3;2;1;"S-58-NA";3;"S-2"
-4.85353122300483;2.38334937060062;-556.056990322889;102.62876306699;"T1";43.4070497867651;3;2;1;"S-58-NA";3;"S-2"
-4.44661396656405;2.45131421464818;-556.363980487875;102.779512033646;"T1";43.4703006758355;3;2;3;"S-59-NA";3;"S-2"
-4.21372558473999;2.73632959837705;-556.778500777021;103.00802736794;"T1";43.5635222354904;3;2;3;"S-59-NA";3;"S-2"
-4.42915287482703;2.57411814453719;-556.897625668524;103.085385268916;"T1";43.5917929164134;3;2;3;"S-59-NA";3;"S-2"
-4.27154184483615;2.37983555637023;-557.0847534915;103.19413950208;"T1";43.6340420390479;3;2;3;"S-59-NA";3;"S-2"
-4.52435873351292;2.05823522933257;-557.409984550337;103.375337876338;"T1";43.7101810704917;3;2;3;"S-59-NA";3;"S-2"
-4.48286755207471;2.05181472628243;-557.555631772109;103.44159615968;"T1";43.742372863926;3;2;3;"S-59-NA";3;"S-2"
-3.91080308371432;2.30438499247599;-557.830989702759;103.5676278683;"T1";43.8037973712198;3;2;3;"S-59-NA";3;"S-2"
-3.81751906233698;2.25642412002939;-557.92034936542;103.620281776246;"T1";43.8266468117945;3;2;3;"S-59-NA";3;"S-2"
-3.67789226628643;2.18557626873788;-558.011009511702;103.673868343191;"T1";43.8503952580504;3;2;1;"S-60-NA";3;"S-2"
-3.82103425157055;2.22124067161085;-558.134710001816;103.747376982393;"T1";43.8840287853964;3;2;3;"S-61-NA";3;"S-2"
-4.09754831448732;2.10457936699733;-558.390094129044;103.895836685429;"T1";43.9508651732467;3;2;3;"S-61-NA";3;"S-2"
-4.43751819072196;2.13335399950693;-558.573695457212;103.990137847334;"T1";43.9956727786921;3;2;3;"S-61-NA";3;"S-2"
-4.60569090087354;2.09993011577547;-558.740860829919;104.07050324554;"T1";44.0333436941728;3;2;3;"S-61-NA";3;"S-2"
-4.55526928028525;1.99925473055051;-558.817113314881;104.10526999238;"T1";44.0498998388648;3;2;3;"S-61-NA";3;"S-2"
-4.42361863064036;1.90358297980518;-559.37999313509;104.352311401799;"T1";44.1734665888362;3;2;3;"S-61-NA";3;"S-2"
-3.74590342725606;2.13236598745165;-559.700816176036;104.490368800338;"T1";44.2459916113876;3;2;1;"S-62-NA";3;"S-2"
-3.7258021860148;2.1499265543874;-559.718633729703;104.500511492524;"T1";44.2507481551729;3;2;1;"S-62-NA";3;"S-2"
-3.73719828010623;2.2992027699948;-559.959609346317;104.639563393631;"T1";44.3154256674461;3;2;3;"S-63-NA";3;"S-2"
-3.66644809010317;2.4048299628775;-559.983314719082;104.654147436179;"T1";44.3217687541619;3;2;3;"S-63-NA";3;"S-2"
-3.46875849110679;2.62202387329197;-560.218437544974;104.808364924813;"T1";44.3858969840221;3;2;1;"S-64-NA";3;"S-2"
-3.50622507350893;2.70124799276649;-560.25763485477;104.837994050714;"T1";44.3971970817074;3;2;1;"S-64-NA";3;"S-2"
-3.72264187742696;2.8571017934461;-560.427374748016;104.968764191338;"T1";44.4456080906093;3;2;3;"S-65-NA";3;"S-2"
-3.89880187121134;2.89149863874321;-560.47152886716;105.002652171206;"T1";44.4574690540321;3;2;3;"S-65-NA";3;"S-2"
-4.30993976519946;2.81803319186126;-560.588248400854;105.089215783294;"T1";44.4874063367024;3;2;3;"S-65-NA";3;"S-2"
-4.66795479439616;2.67732709097035;-560.873100409446;105.275464886231;"T1";44.5534982136451;3;2;1;"S-66-NA";3;"S-2"
-4.1933889801098;2.92770361437695;-561.201477227116;105.463806930814;"T1";44.623845256865;3;2;1;"S-66-NA";3;"S-2"
-4.06497461630167;2.63308978878587;-561.779786437346;105.867565793406;"T1";44.7617550031282;3;2;3;"S-67-NA";3;"S-2"
-4.04925743077218;2.68765404227923;-561.868365748047;105.924943095978;"T1";44.7835458675399;3;2;3;"S-67-NA";3;"S-2"
-4.67342620418939;2.1332643316037;-562.15971613977;106.118323998877;"T1";44.855497428216;3;2;3;"S-67-NA";3;"S-2"
-4.65533345452671;2.17290823590457;-562.281467980275;106.173899683034;"T1";44.8815493728034;3;2;3;"S-67-NA";3;"S-2"
-4.64664505133158;2.2129712503981;-562.359501447244;106.210322329169;"T1";44.8983115376905;3;2;3;"S-67-NA";3;"S-2"
-4.82992990047219;2.02071776014578;-563.113445578709;106.569389283693;"T1";45.060567127075;3;2;1;"S-68-NA";3;"S-2"
-4.89382941122515;2.00155667152272;-563.136624751857;106.579086850286;"T1";45.0653661973774;3;2;1;"S-68-NA";3;"S-2"
-4.90375708059546;1.87880986468981;-563.581216815122;106.760923227396;"T1";45.1562136760913;3;2;1;"S-68-NA";3;"S-2"
-5.49761422538707;1.70626176776867;-563.817707296172;106.851531436856;"T1";45.2044400619343;3;2;1;"S-68-NA";3;"S-2"
-5.08577077286209;1.61199819754184;-564.240170870133;106.982648938917;"T1";45.2812849543989;3;2;1;"S-68-NA";3;"S-2"
-5.00601183269377;1.94971758165629;-565.432655780008;107.360621838437;"T1";45.5157597200014;3;2;1;"S-68-NA";3;"S-2"
-4.81570721004681;2.02858963865638;-565.525917266763;107.396944876915;"T1";45.5343896173872;3;2;1;"S-68-NA";3;"S-2"
-4.41722202115375;1.72222010666495;-565.940609717908;107.571631744893;"T1";45.6205020891502;3;2;1;"S-68-NA";3;"S-2"
-4.1120621443549;1.9341168407048;-566.547954190685;107.808427825705;"T1";45.7579967565835;3;2;3;"S-69-NA";3;"S-2"
-3.95532674229934;2.06842562919924;-567.015557618848;108.028366054611;"T1";45.8717118250206;3;2;3;"S-69-NA";3;"S-2"
-3.97246600359797;2.32622369755471;-567.437204093571;108.248864747033;"T1";45.9783140104264;3;2;3;"S-69-NA";3;"S-2"
-3.60192294711707;2.70841612567099;-567.640209381021;108.367741965861;"T1";46.0294171003625;3;2;3;"S-69-NA";3;"S-2"
-3.93948147059033;2.72024253681979;-567.916227089767;108.575289663109;"T1";46.1060477537103;3;2;3;"S-69-NA";3;"S-2"
-3.99253875430821;2.76341314018652;-567.959975525132;108.605498297338;"T1";46.1171528790146;3;2;3;"S-69-NA";3;"S-2"
-3.8686875758681;2.56320734567838;-568.230636529067;108.792834781925;"T1";46.1849445826374;3;2;3;"S-69-NA";3;"S-2"
-4.14251634903125;2.4749062714211;-568.421546320218;108.91932247819;"T1";46.234292013105;3;2;3;"S-69-NA";3;"S-2"
-3.80849359770953;2.43490407637011;-568.629616662894;109.043632089209;"T1";46.2845200207084;3;2;3;"S-69-NA";3;"S-2"
-3.81771525474935;2.40530246679966;-568.893603896865;109.212408424422;"T1";46.3538354146294;3;2;3;"S-69-NA";3;"S-2"
-3.86887139176413;2.43551401976927;-568.920791658632;109.229537724561;"T1";46.3609568891115;3;2;3;"S-69-NA";3;"S-2"
-3.97092424508539;2.53619368066072;-569.240192484174;109.430605454595;"T1";46.4435134781525;3;2;3;"S-69-NA";3;"S-2"
-4.31507934513665;2.2688607429256;-570.021809508002;109.929817233562;"T1";46.640348515939;3;2;3;"S-69-NA";3;"S-2"
-4.20096429636445;2.29584725316975;-570.143685255732;109.993899276422;"T1";46.6685926658101;3;2;3;"S-69-NA";3;"S-2"
-4.25295200072924;2.30507464995583;-570.160297481774;110.00297793809;"T1";46.6725470498204;3;2;3;"S-69-NA";3;"S-2"
-4.25950740716491;2.27974814847197;-570.171366777209;110.008977430277;"T1";46.6751497820951;3;2;3;"S-69-NA";3;"S-2"
-4.13105241663595;2.55169355371724;-570.720497231964;110.302879756962;"T1";46.8040685518645;3;2;3;"S-69-NA";3;"S-2"
-4.07919528012164;2.46311187613836;-570.822838270377;110.366094391312;"T1";46.8288421514444;3;2;3;"S-69-NA";3;"S-2"
-3.93476562256496;2.36174996790375;-570.855108939735;110.385580163256;"T1";46.8367531895638;3;2;3;"S-69-NA";3;"S-2"
-4.19569050406261;2.40378123314755;-570.90165633471;110.413519135773;"T1";46.8485829653218;3;2;3;"S-69-NA";3;"S-2"
-4.05871525159199;2.50288802107334;-570.916902144311;110.422253714972;"T1";46.8522166484036;3;2;3;"S-69-NA";3;"S-2"
-4.02621029462045;2.52366597188925;-570.926763290983;110.428334788502;"T1";46.8546462710947;3;2;3;"S-69-NA";3;"S-2"
-4.21772129008086;2.68333426675617;-571.197942899381;110.598312683322;"T1";46.9219998340122;3;2;3;"S-69-NA";3;"S-2"
-4.30658419729019;2.58525125107733;-571.230287568722;110.618890515194;"T1";46.9296685885638;3;2;3;"S-69-NA";3;"S-2"
-4.56032907525578;2.54316933884791;-571.341803028838;110.685833472668;"T1";46.955562767107;3;2;3;"S-69-NA";3;"S-2"
-4.97481034461816;2.59942793363036;-571.533414491459;110.792689883394;"T1";46.9975797925144;3;2;1;"S-70-NA";3;"S-2"
-4.72226671454005;2.42790374514072;-572.037911765065;111.056298787977;"T1";47.0989901456051;3;2;1;"S-70-NA";3;"S-2"
-4.94547075651219;2.28108465350744;-572.177479338081;111.128055987159;"T1";47.1285453531891;3;2;1;"S-70-NA";3;"S-2"
-4.9481492135158;2.27479010724766;-572.188370625725;111.133079563341;"T1";47.1307476283982;3;2;1;"S-70-NA";3;"S-2"
-5.20098606442153;2.28322652863657;-572.675610927561;111.357076328726;"T1";47.2292168298736;3;2;1;"S-70-NA";3;"S-2"
-4.8874537080317;2.10134631048834;-573.719267326027;111.815240212698;"T1";47.4298819317482;3;2;1;"S-70-NA";3;"S-2"
-4.87358638770965;2.06051413489097;-574.382652101923;112.10046054102;"T1";47.5656141177751;3;2;1;"S-70-NA";3;"S-2"
-4.47160714380783;1.72030673601363;-575.461797503936;112.556714760717;"T1";47.7870414848439;3;2;3;"S-71-NA";3;"S-2"
-4.29807945587854;1.71845671570545;-575.549436882131;112.590431187004;"T1";47.806640563067;3;2;1;"S-72-NA";3;"S-2"
-4.33780653374763;1.93173423792178;-575.702240424351;112.651525049043;"T1";47.8421921492554;3;2;3;"S-73-NA";3;"S-2"
-4.19416581416992;1.97185221785247;-575.848963075473;112.71686433203;"T1";47.8760163066909;3;2;3;"S-73-NA";3;"S-2"
-4.39025151588071;1.93966673274095;-576.064194118988;112.818053419279;"T1";47.9273330769502;3;2;3;"S-73-NA";3;"S-2"
-4.40095661565836;1.8748324351657;-576.551160078629;113.033200926996;"T1";48.0382529087365;3;2;3;"S-73-NA";3;"S-2"
-4.61369906060749;2.19809960656034;-577.167278049116;113.295670670698;"T1";48.1782492832281;3;2;3;"S-73-NA";3;"S-2"
-4.77054235580539;2.29207686610004;-577.369463858839;113.391997835293;"T1";48.2220722129568;3;2;1;"S-74-NA";3;"S-2"
-4.30402287391837;2.22700544813762;-578.432093210365;113.902553653105;"T1";48.4448203351349;3;2;3;"S-75-NA";3;"S-2"
-4.22197225805231;2.23075882489524;-578.589225814217;113.983857859683;"T1";48.4813286457211;3;2;3;"S-75-NA";3;"S-2"
-3.64461145210731;2.46900032909184;-578.856321314108;114.124982814338;"T1";48.5445918515325;3;2;3;"S-75-NA";3;"S-2"
-3.75400660953832;2.8676236351428;-579.398204743516;114.492075543733;"T1";48.6932725645602;3;2;3;"S-75-NA";3;"S-2"
-3.70337347249448;2.80525550349819;-579.658707603121;114.691069374838;"T1";48.762665851973;3;2;3;"S-75-NA";3;"S-2"
-4.03627268956209;2.75273096259575;-579.761110022156;114.768637827413;"T1";48.7903169705532;3;2;3;"S-75-NA";3;"S-2"
-4.01414673344596;2.93054459221076;-579.826973754189;114.813556778243;"T1";48.8066349294968;3;2;3;"S-75-NA";3;"S-2"
-4.10647206858709;2.86400196659128;-579.883401123926;114.85475181525;"T1";48.8206920563243;3;2;3;"S-75-NA";3;"S-2"
-3.65407146551664;2.93575785713863;-580.246524203076;115.10800696844;"T1";48.9091190742329;3;2;3;"S-75-NA";3;"S-2"
-3.82225484674005;3.07982094662503;-580.359378188248;115.198676233342;"T1";48.9400035236031;3;2;1;"S-76-NA";3;"S-2"
-3.98203220583053;3.13444388013489;-580.718273564461;115.487859854432;"T1";49.0338997682557;3;2;1;"S-76-NA";3;"S-2"
-4.43874215962573;3.06716950467682;-581.078167647241;115.771149327484;"T1";49.1242792690173;3;2;1;"S-76-NA";3;"S-2"
-4.45149489225453;2.96200193965455;-581.233401718889;115.878416024563;"T1";49.1592518053949;3;2;1;"S-76-NA";3;"S-2"
-4.58280084412272;2.9468242252473;-581.586886840933;116.113623217309;"T1";49.2386599886231;3;2;1;"S-76-NA";3;"S-2"
-4.61560851566651;2.68769416390735;-581.755294690646;116.221912525123;"T1";49.2754077888094;3;2;1;"S-76-NA";3;"S-2"
-4.58472130185629;2.68129230825293;-581.911089482564;116.312632687281;"T1";49.3091616895981;3;2;1;"S-76-NA";3;"S-2"
-4.28015862573185;2.62455163610505;-582.505928402977;116.660513598016;"T1";49.4389054365456;3;2;3;"S-77-NA";3;"S-2"
-4.12954080242445;2.54344119875226;-582.584308570025;116.708575554044;"T1";49.4572178809904;3;2;3;"S-77-NA";3;"S-2"
-4.66453520514018;2.002562086227;-583.881051175347;117.507257229406;"T1";49.7712340555154;3;2;3;"S-77-NA";3;"S-2"
-4.5016734424394;1.83611830154546;-584.948137977133;117.965375236451;"T1";50;3;2;3;"S-77-NA";3;"S-2"
