"Vx";"Vy";"X";"Y";"Traj";"Time";"TrueMovMode";"TrueTrajClust";"firstEstMovMode";"firstSegment";"finalEstMovMode";"finalSegment"
0;0;0;0;"T10";0;1;2;1;"S-1-NA";2;"S-1"
-0.217899251110681;0.314826118108865;0;0;"T10";0.00683210091665387;1;2;1;"S-1-NA";2;"S-1"
-0.710386603454098;0.972039469724045;-0.00342296202270358;0.00494557847513873;"T10";0.0225410214625299;1;2;1;"S-1-NA";2;"S-1"
-1.67903883979194;2.12822529927772;-0.0235163049967209;0.0324397940958718;"T10";0.0508261029608548;1;2;1;"S-1-NA";2;"S-1"
-3.03538467651653;3.5494128545184;-0.0874852399147379;0.113522079051974;"T10";0.0889246468432248;1;2;1;"S-1-NA";2;"S-1"
-11.278076850163;7.86930377776865;-0.800225844635194;0.946961966886971;"T10";0.323735282290727;1;2;1;"S-1-NA";2;"S-1"
-12.489334374716;8.12022238537542;-1.21721037476478;1.23791387134863;"T10";0.36070829955861;1;2;1;"S-1-NA";2;"S-1"
-13.7551706003146;8.22024296401301;-1.92147374557769;1.6958065834256;"T10";0.417097483295947;1;2;1;"S-1-NA";2;"S-1"
-15.612263131854;8.53862428760255;-2.87729724381182;2.26701733860284;"T10";0.486585788894445;1;2;1;"S-1-NA";2;"S-1"
-15.8313608235676;8.5302456967093;-3.09001040532092;2.38335394860069;"T10";0.500210537575185;1;2;1;"S-1-NA";2;"S-1"
-18.5924932740804;7.36341190100697;-4.45423661598416;3.11842561379351;"T10";0.586382928304374;1;2;4;"S-2-NA";2;"S-1"
-19.5277495408;7.0843600379166;-5.34239985635785;3.47017573561938;"T10";0.634152919519693;1;2;4;"S-2-NA";2;"S-1"
-20.0594233741553;6.44291208182129;-6.65736169290136;3.94722318375111;"T10";0.701491034124047;1;2;4;"S-2-NA";2;"S-1"
-20.9562770428814;5.57009578128936;-11.3038484126303;5.43963424992038;"T10";0.93312714016065;1;2;4;"S-2-NA";2;"S-1"
-21.6001108598718;5.30906044622087;-12.4163278032516;5.73532688405532;"T10";0.986212876159698;1;2;4;"S-2-NA";2;"S-1"
-21.7699666352922;5.43745775050671;-13.140659969792;5.91335945436258;"T10";1.01974660065025;1;2;4;"S-2-NA";2;"S-1"
-21.7029709165571;5.48441460479686;-13.5232714406637;6.00892385014587;"T10";1.0373217985034;1;2;4;"S-2-NA";2;"S-1"
-22.0554743789887;4.81595567875657;-16.0078308051654;6.63678045639339;"T10";1.1518019484356;1;2;4;"S-2-NA";2;"S-1"
-22.2180540979832;4.62811197715887;-17.5168585957535;6.9662864480853;"T10";1.22022159630433;1;2;4;"S-2-NA";2;"S-1"
-22.3329830524397;4.50099035354005;-17.8526669950436;7.03623671771428;"T10";1.23533580917865;1;2;4;"S-2-NA";2;"S-1"
-22.3083698637309;4.41407222362074;-18.4623204764365;7.15910630626445;"T10";1.26263415440917;1;2;4;"S-2-NA";2;"S-1"
-22.4112507606531;3.83689827193095;-20.5998063285846;7.58204249505739;"T10";1.35844957549125;1;2;4;"S-2-NA";2;"S-1"
-22.1091534342909;3.80003856546785;-21.0894353573135;7.66586899783854;"T10";1.38029704103246;1;2;4;"S-2-NA";2;"S-1"
-22.2113864153184;3.64698235151066;-21.6294641642729;7.75868712852855;"T10";1.40472261700779;1;2;4;"S-2-NA";2;"S-1"
-22.2582975620055;3.58003099742887;-23.4637451016934;8.05986554582317;"T10";1.48730552755296;1;2;4;"S-2-NA";2;"S-1"
-22.4955797264557;3.46072382027409;-25.637778292928;8.40953767112286;"T10";1.58497845986858;1;2;4;"S-2-NA";2;"S-1"
-22.3926760167273;3.28031520711516;-26.7623725742076;8.58254544708123;"T10";1.6349702491425;1;2;2;"S-3";2;"S-1"
-22.449043600957;3.25915248399619;-27.0124297635628;8.61917645984082;"T10";1.64613716769964;1;2;2;"S-3";2;"S-1"
-22.513185601448;2.70357422300073;-31.5602235285178;9.27942522630158;"T10";1.84872013051063;1;2;2;"S-3";2;"S-1"
-22.1757564966943;2.41558858024837;-34.0650260841868;9.58022315615019;"T10";1.95997948758304;1;2;2;"S-3";2;"S-1"
-21.8961823198995;2.0857052846458;-35.6013938128447;9.74757854449788;"T10";2.02926089987159;1;2;2;"S-3";2;"S-1"
-21.6230387952807;2.18776544789999;-36.5399508634467;9.83698012929393;"T10";2.07212485838681;1;2;2;"S-3";2;"S-1"
-21.6995062287164;2.26875191364829;-37.6276249312755;9.94702829443397;"T10";2.12242648703977;1;2;2;"S-3";2;"S-1"
-21.5618384205897;2.35365862452178;-37.8083589434448;9.96592460625086;"T10";2.13075543288141;1;2;2;"S-3";2;"S-1"
-21.2219976906555;2.23975129960996;-38.7962681535596;10.0737633251613;"T10";2.17657291796058;1;2;2;"S-3";2;"S-1"
-20.9753460185881;2.2239906305633;-39.7501614726526;10.1744364018561;"T10";2.22152124624699;1;2;2;"S-3";2;"S-1"
-20.9266373227561;2.2826147280976;-40.5319134435159;10.2573246201045;"T10";2.25879128556699;1;2;2;"S-3";2;"S-1"
-20.9947187525911;2.2251167370966;-42.9855075110787;10.5249552895242;"T10";2.37603869754821;1;2;2;"S-3";2;"S-1"
-20.7278862365605;2.36137493928541;-44.5946627933816;10.695500958339;"T10";2.45268441503868;1;2;2;"S-3";2;"S-1"
-20.8589445036225;2.47829786944952;-45.0771916310444;10.7504719038438;"T10";2.47596362605691;1;2;2;"S-3";2;"S-1"
-20.67294017579;2.70541988035056;-48.5261516062195;11.1602505557218;"T10";2.64131043804809;1;2;2;"S-3";2;"S-1"
-21.0229233392852;2.98621354938307;-49.7764961668233;11.3238802572921;"T10";2.70179262151942;1;2;2;"S-3";2;"S-1"
-21.1959483816285;2.94998674577573;-50.5471064672312;11.4333420520784;"T10";2.73844833718613;1;2;2;"S-3";2;"S-1"
-21.0584274887719;2.93305131601057;-51.2692566936023;11.5338486940978;"T10";2.77251853840426;1;2;2;"S-3";2;"S-1"
-21.7588551820713;2.82842602775887;-55.152395325559;12.0746984266234;"T10";2.95691685751081;1;2;2;"S-3";2;"S-1"
-21.7205720479095;2.79033455833066;-55.8129128215254;12.1605588665109;"T10";2.98727311892435;1;2;2;"S-3";2;"S-1"
-21.8943925408474;2.73965581298681;-56.436732653636;12.2406979177233;"T10";3.01599334925413;1;2;2;"S-3";2;"S-1"
-21.8449286938848;2.70977779172365;-56.6023717488375;12.2614244169482;"T10";3.02355871535838;1;2;2;"S-3";2;"S-1"
-21.6906283196797;2.69752372649523;-57.1465564624599;12.3289283979514;"T10";3.04846997605637;1;2;2;"S-3";2;"S-1"
-21.6676178167411;1.86834574538985;-63.036964903377;13.0614805533773;"T10";3.3200346515514;1;2;2;"S-3";2;"S-1"
-21.4022853105198;1.92771313817882;-63.551248845391;13.1058260011838;"T10";3.34376979153603;1;2;2;"S-3";2;"S-1"
-21.7023331596755;1.88933725716449;-64.5864010540788;13.1990626104407;"T10";3.3921362250112;1;2;2;"S-3";2;"S-1"
-21.4016759327267;2.1424912497162;-65.7768348848981;13.3026980570173;"T10";3.44698902918026;1;2;2;"S-3";2;"S-1"
-21.3466799305493;2.13179059908592;-65.8659567263883;13.3116199174431;"T10";3.4511532750912;1;2;2;"S-3";2;"S-1"
-21.4691918470925;2.31970322247577;-67.1060723402589;13.4354643192906;"T10";3.50924734957516;1;2;2;"S-3";2;"S-1"
-21.3177724053041;2.31234892919969;-69.6878138044466;13.7144163188223;"T10";3.62950066337362;1;2;2;"S-3";2;"S-1"
-21.1742254440154;2.21084304350704;-71.1378679143969;13.8717043789759;"T10";3.69752156548202;1;2;2;"S-3";2;"S-1"
-21.2847575063516;2.22093277284389;-71.462177433616;13.9055661816852;"T10";3.71283780550584;1;2;2;"S-3";2;"S-1"
-21.4124728337849;2.15838193474671;-73.4036153377282;14.1081432167488;"T10";3.80405039759353;1;2;2;"S-3";2;"S-1"
-21.4670275692824;2.10811674681484;-74.2827035008804;14.1967554954485;"T10";3.84510535513982;1;2;2;"S-3";2;"S-1"
-21.2470461145222;2.42522794491827;-77.8984387301242;14.5518298980046;"T10";4.01353739434853;1;2;2;"S-3";2;"S-1"
-21.0748536627291;2.4870422915815;-78.0966872998917;14.5744588304618;"T10";4.02286803582683;1;2;2;"S-3";2;"S-1"
-20.7130671870926;2.54528208667156;-79.273660105991;14.7133533248984;"T10";4.07871529459953;1;2;2;"S-3";2;"S-1"
-20.7032083855737;2.5791844117437;-79.5967606134273;14.7530568572793;"T10";4.09431416774169;1;2;2;"S-3";2;"S-1"
-20.5508952232228;2.6503586004951;-80.2863410504397;14.8389640790327;"T10";4.12762206979096;1;2;2;"S-3";2;"S-1"
-20.5592115919081;2.76298250747137;-80.7209998612078;14.8950201147863;"T10";4.14877242874354;1;2;2;"S-3";2;"S-1"
-20.932852527412;3.15734126589908;-81.6695564522231;15.0224980220302;"T10";4.19491021893919;1;2;2;"S-3";2;"S-1"
-20.9089468078378;3.50412678618853;-84.0987952009517;15.3889046422478;"T10";4.31095932144672;1;2;2;"S-3";2;"S-1"
-21.4488893397238;3.51168361922617;-84.9643241151265;15.5339584835653;"T10";4.35235446784645;1;2;2;"S-3";2;"S-1"
-21.73823395571;3.48874826788205;-86.4040007601758;15.7696671401454;"T10";4.41947573563084;1;2;2;"S-3";2;"S-1"
-21.6859063016261;3.39028735606235;-86.6699988008608;15.8123569099579;"T10";4.43171215010807;1;2;2;"S-3";2;"S-1"
-21.8742321030842;2.93924273325684;-90.1433722884603;16.3553701487917;"T10";4.59187946980819;1;2;2;"S-3";2;"S-1"
-21.3400840215535;3.06132810803217;-93.8615494689695;16.854981984639;"T10";4.76185925072059;1;2;2;"S-3";2;"S-1"
-21.3652839211718;2.92536327593879;-95.4008865391252;17.0758065997551;"T10";4.83399285003543;1;2;2;"S-3";2;"S-1"
-21.3145249092745;2.60011380251886;-96.9167396059774;17.283359230923;"T10";4.90494220284745;1;2;2;"S-3";2;"S-1"
-21.1414260489484;2.54243040936932;-97.8828639071638;17.4012146905758;"T10";4.9502692418173;1;2;2;"S-3";2;"S-1"
-21.0841243949317;2.60067450222591;-101.415222664961;17.8260098913268;"T10";5.11735157342628;1;2;2;"S-3";2;"S-1"
-21.0062783862197;2.47966199818375;-101.926278241334;17.8890473303874;"T10";5.14159045414999;1;2;2;"S-3";2;"S-1"
-21.2690344418568;2.68933801857771;-102.795919600381;17.9917031454933;"T10";5.1829895703122;1;2;2;"S-3";2;"S-1"
-21.4745294270393;2.76607584769667;-104.200069853659;18.1692492710712;"T10";5.24900809396058;1;2;2;"S-3";2;"S-1"
-20.9331144287073;2.75404536219897;-106.74741393053;18.4973657474181;"T10";5.36762974224985;1;2;2;"S-3";2;"S-1"
-21.1859267771673;2.90587965659384;-107.352288797708;18.5769455360986;"T10";5.39652534062043;1;2;2;"S-3";2;"S-1"
-21.1888213752843;2.63641001638872;-108.393269086142;18.7197272739424;"T10";5.44566080207005;1;2;2;"S-3";2;"S-1"
-21.4099237874963;2.3782106497027;-111.771539355766;19.1400671040424;"T10";5.60509724309668;1;2;2;"S-3";2;"S-1"
-21.7030087838849;2.51966222722546;-112.388273730412;19.2085738522391;"T10";5.63390324823558;1;2;2;"S-3";2;"S-1"
-21.6839049997085;2.51880760192462;-112.85800949808;19.2631089391644;"T10";5.65554705681279;1;2;2;"S-3";2;"S-1"
-21.7161658259737;2.45533523175693;-113.012798417934;19.2810892571942;"T10";5.66268548136577;1;2;2;"S-3";2;"S-1"
-21.9497350903692;2.46302863794723;-113.331352473881;19.3171065266816;"T10";5.67735446384177;1;2;2;"S-3";2;"S-1"
-22.0254954513242;2.57879435722912;-113.626483602208;19.350223847598;"T10";5.69080023560673;1;2;2;"S-3";2;"S-1"
-22.1271352983586;2.56390834457127;-113.921296975457;19.3847412578896;"T10";5.70418533170596;1;2;2;"S-3";2;"S-1"
-21.6634166306195;2.50671166351948;-115.948816927021;19.619673401274;"T10";5.79581580823287;1;2;2;"S-3";2;"S-1"
-22.2081004544719;1.93787409876924;-119.16607441966;19.9919478683562;"T10";5.94432689249516;1;2;2;"S-3";2;"S-1"
-22.1773216926346;1.94492262162218;-120.773245521755;20.132189275199;"T10";6.01669558091089;1;2;2;"S-3";2;"S-1"
-21.9027284952431;2.14323819868472;-121.704866133803;20.2138912060387;"T10";6.05870338622481;1;2;2;"S-3";2;"S-1"
-21.8759069186646;2.11737934988795;-122.992589108135;20.33989820414;"T10";6.1174961971119;1;2;2;"S-3";2;"S-1"
-21.7446118327312;2.17677571480325;-123.377442466707;20.3771483422579;"T10";6.13508876413107;1;2;2;"S-3";2;"S-1"
-21.4976859055998;2.385652356803;-127.954071083497;20.8352983476632;"T10";6.34556061122566;1;2;2;"S-3";2;"S-1"
-21.1743387927621;2.52745753758531;-128.453295948814;20.890698588496;"T10";6.36878287186846;1;2;2;"S-3";2;"S-1"
-20.7471883565835;2.74978139798546;-129.460102505695;21.0108752252252;"T10";6.41633130144328;1;2;2;"S-3";2;"S-1"
-21.6819422374985;3.41401678466663;-135.226372379011;21.775122474582;"T10";6.69426148524508;1;2;2;"S-3";2;"S-1"
-21.5675760219575;3.06049509063312;-137.447618708092;22.1248776841152;"T10";6.79670831887051;1;2;2;"S-3";2;"S-1"
-21.6257690320882;3.02020447480498;-137.719637375308;22.1634778399569;"T10";6.80932070827112;1;2;2;"S-3";2;"S-1"
-21.5537678738048;2.9786390973485;-138.332297811254;22.2490405678041;"T10";6.83765081921592;1;2;2;"S-3";2;"S-1"
-21.6603908300844;2.97035885865517;-139.6541367271;22.4317130869753;"T10";6.89897832926363;1;2;2;"S-3";2;"S-1"
-22.015257792899;2.94174707351246;-141.339038233463;22.6627690339638;"T10";6.97676554555073;1;2;2;"S-3";2;"S-1"
-22.1353719631875;2.78242374807787;-146.121916318272;23.3018720479422;"T10";7.1940184221603;1;2;2;"S-3";2;"S-1"
-21.5261027990696;2.64449214592025;-149.195851771876;23.6882667749154;"T10";7.33288825722411;1;2;2;"S-3";2;"S-1"
-21.2107841125439;2.88455753244047;-149.976724739964;23.7841973969302;"T10";7.36916388850659;1;2;2;"S-3";2;"S-1"
-21.7283374496189;2.29854201403884;-153.816502964662;24.3063874839248;"T10";7.55019341595471;1;2;2;"S-3";2;"S-1"
-21.7384259387022;2.53043304472018;-157.058304281965;24.6493229039157;"T10";7.699390349444;1;2;2;"S-3";2;"S-1"
-21.980117514941;2.51680870557947;-158.157372543011;24.7772585076248;"T10";7.74994912790135;1;2;2;"S-3";2;"S-1"
-21.8650342323366;2.5956051474447;-158.366873828517;24.8012472173681;"T10";7.75948052760214;1;2;2;"S-3";2;"S-1"
-21.74888970677;2.43611952410702;-160.843931764524;25.0952995504631;"T10";7.87276907358319;1;2;2;"S-3";2;"S-1"
-21.6735901455004;2.42379459516134;-160.922465856247;25.1040962493629;"T10";7.87638002075255;1;2;2;"S-3";2;"S-1"
-20.8927929978715;2.66556465675144;-162.373379946611;25.2663544496268;"T10";7.94332389486954;1;2;2;"S-3";2;"S-1"
-20.8618847047374;2.69502853367995;-162.642404067431;25.3006773469218;"T10";7.95620030257851;1;2;2;"S-3";2;"S-1"
-20.789893654159;2.88644148702409;-163.134675921824;25.3642711550888;"T10";7.97979701310396;1;2;2;"S-3";2;"S-1"
-20.9144373927565;2.93845979936952;-163.879249003272;25.4676467022737;"T10";8.01561119733378;1;2;2;"S-3";2;"S-1"
-20.7004147509996;3.27708949075828;-165.438983656559;25.6867880298791;"T10";8.09018813306466;1;2;2;"S-3";2;"S-1"
-20.6705483293699;3.43633805276707;-166.036302648661;25.7813497966452;"T10";8.11904354486614;1;2;2;"S-3";2;"S-1"
-20.8194339493592;3.37801920061595;-167.344194990187;25.9987780017656;"T10";8.18231677403674;1;2;2;"S-3";2;"S-1"
-21.3574525301245;3.5666036960357;-169.974992869994;26.4256333030453;"T10";8.30867937766016;1;2;2;"S-3";2;"S-1"
-21.7848194377056;3.17968168752682;-172.717339994813;26.8835936041344;"T10";8.4370817290619;1;2;2;"S-3";2;"S-1"
-21.8241668530036;3.14564469679852;-172.842625724347;26.9018801334787;"T10";8.44283278565854;1;2;2;"S-3";2;"S-1"
-21.82885939728;3.09343690266463;-173.125420045573;26.9426409314896;"T10";8.45579063752666;1;2;2;"S-3";2;"S-1"
-21.7293151528629;3.12449672883027;-173.38576306824;26.979534966996;"T10";8.46771718934178;1;2;2;"S-3";2;"S-1"
-21.7898190300471;2.87130632850397;-176.455151618756;27.4208877854411;"T10";8.60897284001112;1;2;2;"S-3";2;"S-1"
-21.869505153511;2.80503419814646;-176.78850084577;27.4648141596715;"T10";8.62427123356611;1;2;2;"S-3";2;"S-1"
-21.9037340435;2.7713767135229;-176.831483788725;27.4703272530899;"T10";8.62623666180298;1;2;2;"S-3";2;"S-1"
-22.0501101149403;2.62536234406703;-180.762141852466;27.9676549783554;"T10";8.8056881679222;1;2;2;"S-3";2;"S-1"
-22.1708546608728;2.70267592992992;-181.352601578851;28.0379571547735;"T10";8.83246625307947;1;2;2;"S-3";2;"S-1"
-21.7841310281571;2.13606157139903;-187.652647600468;28.8059466166378;"T10";9.11662516882643;1;2;2;"S-3";2;"S-1"
-21.6242607836548;2.29798479999212;-188.077723140418;28.8476277617179;"T10";9.13613825105131;1;2;2;"S-3";2;"S-1"
-21.5817978989352;2.19425547591736;-188.454095384138;28.887624398082;"T10";9.1535433428362;1;2;2;"S-3";2;"S-1"
-21.7689728652743;2.37246492140521;-192.21950862609;29.2704599090035;"T10";9.32801505550742;1;2;2;"S-3";2;"S-1"
-21.7491068982015;2.22778821529766;-192.868826024525;29.3412249726645;"T10";9.35784270986915;1;2;2;"S-3";2;"S-1"
-22.2201881083113;2.34464264542106;-194.291280604202;29.4869287739394;"T10";9.42324560601264;1;2;2;"S-3";2;"S-1"
-22.1813149356024;2.34322859254404;-194.685058704962;29.5284796790611;"T10";9.44096724269912;1;2;2;"S-3";2;"S-1"
-22.2219850470352;2.08013155121197;-195.767977337954;29.6428789340914;"T10";9.489788452629;1;2;2;"S-3";2;"S-1"
-22.0747477602511;2.01287545896809;-196.215878956026;29.6848056245117;"T10";9.50994424056262;1;2;2;"S-3";2;"S-1"
-21.6991620124493;2.17546356956537;-197.135901571337;29.7686974525936;"T10";9.5516218454577;1;2;2;"S-3";2;"S-1"
-21.9214008906288;2.2957351986333;-201.029354767915;30.1590381295333;"T10";9.73105058073997;1;2;2;"S-3";2;"S-1"
-22.0749334917597;2.38456190922069;-201.484563396673;30.2067101956105;"T10";9.7518160706386;1;2;2;"S-3";2;"S-1"
-22.090464804492;2.3304845921954;-201.616541922789;30.2209666809733;"T10";9.75779473083094;1;2;2;"S-3";2;"S-1"
-22.1360151288518;2.176449974404;-202.0684908147;30.268646072891;"T10";9.77825373411179;1;2;2;"S-3";2;"S-1"
-22.0626331853804;2.10744990656857;-203.220377154381;30.3819014614477;"T10";9.83029048657045;1;2;2;"S-3";2;"S-1"
-21.8563818009826;2.13025079966251;-204.443819837947;30.4987662140594;"T10";9.88574364455417;1;2;2;"S-3";2;"S-1"
-21.5201532884917;2.32745426653229;-205.812450425931;30.6321609557437;"T10";9.9483629106544;1;2;2;"S-3";2;"S-1"
-21.5068357879675;2.25774127814112;-205.910990179431;30.6428182576055;"T10";9.95294186286628;1;2;2;"S-3";2;"S-1"
-21.0403506793029;1.99913992209461;-209.655404869913;31.0358988433563;"T10";10.1270453305915;1;2;2;"S-3";2;"S-1"
-20.6304828267311;2.20618756335329;-210.29038568877;31.0962312743166;"T10";10.1572245243005;1;2;2;"S-3";2;"S-1"
-20.696100543193;2.36544005968262;-210.589092377049;31.1281744424096;"T10";10.1717034238391;1;2;2;"S-3";2;"S-1"
-20.6325847825023;2.05511729974712;-211.24181332722;31.2027765289285;"T10";10.203241778072;1;2;2;"S-3";2;"S-1"
-20.4189017528375;2.32480729377973;-212.833094690124;31.3612767794857;"T10";10.2803664514795;1;2;2;"S-3";2;"S-1"
-21.3209867360236;2.45010274661449;-214.555858630872;31.5574231845858;"T10";10.3647374897264;1;2;2;"S-3";2;"S-1"
-21.3217394385556;2.34903502942386;-215.060910237611;31.615461226829;"T10";10.3884254931472;1;2;2;"S-3";2;"S-1"
-21.1668485051957;2.14101206625347;-216.997830021997;31.8288534050713;"T10";10.4792679776438;1;2;2;"S-3";2;"S-1"
-21.6678571531911;1.94196471463656;-218.727130851065;32.003770986227;"T10";10.5609665275551;1;2;2;"S-3";2;"S-1"
-21.9891060847141;1.89989343569521;-219.243277264345;32.0500302039747;"T10";10.5847873608582;1;2;2;"S-3";2;"S-1"
-22.1466121865975;1.7752862100604;-221.319129449374;32.2293871057339;"T10";10.679191024974;1;2;2;"S-3";2;"S-1"
-22.2163326877732;1.87269803100543;-224.369559748622;32.4739114961634;"T10";10.8169290353544;1;2;2;"S-3";2;"S-1"
-21.9395263292646;1.89057754910085;-227.426904988398;32.7316265966302;"T10";10.9545460436493;1;2;2;"S-3";2;"S-1"
-21.5918919357232;2.28457857966036;-232.304195373338;33.1519135054644;"T10";11.1768521368504;1;2;2;"S-3";2;"S-1"
-21.7376675226028;2.14496888004522;-232.973413132873;33.2227215922737;"T10";11.2078460748307;1;2;2;"S-3";2;"S-1"
-21.6133792032825;2.40382193181426;-233.795580998753;33.3038491780485;"T10";11.2456683418714;1;2;2;"S-3";2;"S-1"
-22.0802861534391;2.28315486151373;-234.677136559157;33.4018950490935;"T10";11.2864558352157;1;2;2;"S-3";2;"S-1"
-21.9236040716607;2.27753331178206;-237.314317544385;33.6745859257096;"T10";11.4058918319643;1;2;2;"S-3";2;"S-1"
-21.8031240285539;1.91914868240275;-239.217890180955;33.8723385432544;"T10";11.4927193732001;1;2;2;"S-3";2;"S-1"
-21.6358652374927;2.10315383224685;-240.163776043723;33.9555970526706;"T10";11.5361024159938;1;2;2;"S-3";2;"S-1"
-21.1043169136084;2.52674251433939;-245.868685341179;34.5101531898928;"T10";11.7997807683423;1;2;2;"S-3";2;"S-1"
-21.1638632591068;2.46568627374296;-246.389881422018;34.5725540864086;"T10";11.8244769517332;1;2;2;"S-3";2;"S-1"
-20.5546919283218;2.87438101561747;-248.214684998557;34.7851519980406;"T10";11.9106995640323;1;2;2;"S-3";2;"S-1"
-20.8386306714147;2.88528527550633;-248.73629024053;34.8580936023419;"T10";11.9360760203563;1;2;2;"S-3";2;"S-1"
-20.80845615864;2.94380569865281;-248.941772347984;34.8865443440613;"T10";11.9459366542287;1;2;2;"S-3";2;"S-1"
-20.3477836127768;2.63755583855078;-250.323375212551;35.0820019193365;"T10";12.0123328757472;1;2;2;"S-3";2;"S-1"
-20.3635310893429;2.60735860515299;-250.535656561979;35.1095186220523;"T10";12.022765527945;1;2;2;"S-3";2;"S-1"
-20.7517279052837;2.82293115623488;-254.057618428648;35.5604727095232;"T10";12.1957199065946;1;2;2;"S-3";2;"S-1"
-20.5677309407413;2.728544329368;-258.456631229297;36.1588860247087;"T10";12.4077028711326;1;2;2;"S-3";2;"S-1"
-20.6738936751021;2.42097084929443;-260.105298263855;36.3776005295377;"T10";12.4878608155996;1;2;2;"S-3";2;"S-1"
-20.913486546767;2.29374013422779;-260.926431861895;36.47375757356;"T10";12.5275791971944;1;2;2;"S-3";2;"S-1"
-20.7645464996688;2.84610807386304;-264.529820894537;36.8689684832725;"T10";12.6998789724894;1;2;2;"S-3";2;"S-1"
-21.3615092974255;2.6186562085909;-267.528239647498;37.2799489889995;"T10";12.8442798508331;1;2;2;"S-3";2;"S-1"
-21.4287565979314;2.47492957088165;-268.331210721468;37.3783832877606;"T10";12.8818694734946;1;2;2;"S-3";2;"S-1"
-21.8684112505284;2.47555500034583;-269.26721520996;37.4864877956661;"T10";12.9255493055098;1;2;2;"S-3";2;"S-1"
-21.7260315680978;2.55715545318593;-269.565908159536;37.5203005320565;"T10";12.9392079543322;1;2;2;"S-3";2;"S-1"
-21.3573381178067;2.5960925808482;-273.405154801447;37.9721801335252;"T10";13.1159197771922;1;2;2;"S-3";2;"S-1"
-21.2275002952506;2.59511266945622;-279.421161717143;38.703456233291;"T10";13.3976031444035;1;2;2;"S-3";2;"S-1"
-21.4151893859373;2.65303847094057;-285.219902851674;39.4123662027086;"T10";13.6707743164152;1;2;2;"S-3";2;"S-1"
-21.226118058981;2.6380716332367;-286.345047519485;39.5517556816098;"T10";13.7233138782904;1;2;2;"S-3";2;"S-1"
-21.3345285066878;2.67404952136746;-288.906448635064;39.8700974342362;"T10";13.8439860194921;1;2;2;"S-3";2;"S-1"
-21.3010392955749;2.75845006372002;-290.05227825885;40.0137146299991;"T10";13.8976937741973;1;2;2;"S-3";2;"S-1"
-21.1768093989727;2.82612849777233;-290.542578106249;40.0772076655516;"T10";13.9207114232704;1;2;2;"S-3";2;"S-1"
-21.2832445469941;2.78989152993572;-290.786874308399;40.1098099544888;"T10";13.9322474482469;1;2;2;"S-3";2;"S-1"
-21.3616108515666;2.63244269731896;-291.51253069397;40.2049318518705;"T10";13.9663426438347;1;2;2;"S-3";2;"S-1"
-21.3801468143293;2.51461785693496;-292.121251962193;40.2799460382243;"T10";13.9948386815377;1;2;2;"S-3";2;"S-1"
-21.0943259186863;2.61293230884277;-296.998838815471;40.8536215656432;"T10";14.222974947188;1;2;2;"S-3";2;"S-1"
-21.1648840236627;2.59762218578616;-297.457787065214;40.9104710101082;"T10";14.2447318998165;1;2;2;"S-3";2;"S-1"
-21.2297258858167;2.51518844467532;-297.506008873398;40.9163894001469;"T10";14.2470102873631;1;2;2;"S-3";2;"S-1"
-21.7174025104307;2.45650389719408;-298.2861266707;41.0088137338295;"T10";14.2837567720562;1;2;2;"S-3";2;"S-1"
-21.628126006911;2.55754681837213;-299.956994175443;41.1978092886673;"T10";14.3606935744174;1;2;2;"S-3";2;"S-1"
-21.4926695486592;2.57960052743865;-301.877786054211;41.4249447860621;"T10";14.4495034823194;1;2;2;"S-3";2;"S-1"
-21.858416989206;2.41898353237798;-304.001740358463;41.679866755206;"T10";14.5483257481828;1;2;2;"S-3";2;"S-1"
-21.854118589246;2.35124178738053;-304.193116455072;41.7010455819444;"T10";14.557081006933;1;2;2;"S-3";2;"S-1"
-21.4887377711098;2.33373482174173;-305.166511142745;41.805771208646;"T10";14.6016215672716;1;2;2;"S-3";2;"S-1"
-21.5915154882614;2.20157580294963;-305.576305993356;41.850276033584;"T10";14.6206917823292;1;2;2;"S-3";2;"S-1"
-22.1497774784179;1.83257010751385;-314.033564665449;42.7126192100918;"T10";15.0123853934929;1;2;2;"S-3";2;"S-1"
-22.0689009607545;1.95258790935938;-314.282314491295;42.7331996197839;"T10";15.0236157467589;1;2;2;"S-3";2;"S-1"
-22.1006957266521;1.88188949418368;-315.412574538247;42.8332015231879;"T10";15.0748308049515;1;2;2;"S-3";2;"S-1"
-21.6902739260206;1.7993745654921;-317.052093816464;42.9728077212619;"T10";15.1490148622543;1;2;2;"S-3";2;"S-1"
-21.8546356959872;1.70898716513426;-317.379885337616;43.0000005417841;"T10";15.1641272357665;1;2;2;"S-3";2;"S-1"
-21.5265172741287;1.55743877255743;-319.446619427483;43.1616148593349;"T10";15.2586945449002;1;2;2;"S-3";2;"S-1"
-21.1884667419869;1.69267743849673;-320.808311824254;43.260133003632;"T10";15.3219510568306;1;2;2;"S-3";2;"S-1"
-21.1832696602204;1.85125148878985;-321.837775749564;43.3423735159511;"T10";15.3705371078104;1;2;2;"S-3";2;"S-1"
-21.1981156159553;1.87617804187179;-322.150261195516;43.3696822910517;"T10";15.3852886287495;1;2;2;"S-3";2;"S-1"
-21.5525876795496;1.71108804515819;-322.830570170881;43.4298942827396;"T10";15.417381527368;1;2;2;"S-3";2;"S-1"
-21.3753915637157;1.71111917661919;-324.309184036833;43.5472833659928;"T10";15.4859864618629;1;2;2;"S-3";2;"S-1"
-21.3937027334944;1.83551942270345;-324.941453275268;43.5978970829601;"T10";15.5155657674186;1;2;2;"S-3";2;"S-1"
-21.5790795435626;1.81825611809175;-327.41297150853;43.8099463844406;"T10";15.6310912687331;1;2;2;"S-3";2;"S-1"
-21.4214804057553;1.8663067160646;-328.026789457455;43.8616667666179;"T10";15.6595363165252;1;2;2;"S-3";2;"S-1"
-21.8908645327194;2.14171941515316;-330.795475036391;44.1028833582243;"T10";15.7887844135985;1;2;2;"S-3";2;"S-1"
-22.1317616847298;1.80137321738395;-333.091291966205;44.3274974060099;"T10";15.8936599851586;1;2;2;"S-3";2;"S-1"
-21.9029578962869;1.9231967777796;-333.538571834496;44.363902911676;"T10";15.9138698480092;1;2;2;"S-3";2;"S-1"
-21.9219017544382;1.96073953057706;-335.234315316704;44.5127982534086;"T10";15.9912906005047;1;2;2;"S-3";2;"S-1"
-21.9198762410311;2.05318968588683;-336.352891805883;44.6128460122607;"T10";16.0423161229119;1;2;2;"S-3";2;"S-1"
-22.0429792052567;2.12179424312038;-337.298730439834;44.7014407701137;"T10";16.0854659392498;1;2;2;"S-3";2;"S-1"
-21.8511346823697;2.01211118407235;-338.043521161715;44.7731321985409;"T10";16.1192540545017;1;2;2;"S-3";2;"S-1"
-21.8864393841352;1.90193091405887;-339.719264116726;44.9274391116793;"T10";16.1959431134164;1;2;2;"S-3";2;"S-1"
-22.0752336718316;1.93663230244267;-340.927593315889;45.0324428821836;"T10";16.2511521484703;1;2;2;"S-3";2;"S-1"
-21.978362955852;2.04777676703976;-342.451903662505;45.1661686990918;"T10";16.320202848874;1;2;2;"S-3";2;"S-1"
-21.8335214499152;2.02815960994212;-343.121937453124;45.228597353688;"T10";16.3506889133714;1;2;2;"S-3";2;"S-1"
-21.6389420474717;2.04448894336091;-345.151723895466;45.4171482884792;"T10";16.4436554303393;1;2;2;"S-3";2;"S-1"
-21.8520155540362;1.89436476897865;-345.801228614117;45.4785147459072;"T10";16.4736709790304;1;2;2;"S-3";2;"S-1"
-21.7281075258663;1.90406243521043;-346.108257875841;45.5051313028568;"T10";16.4877213654108;1;2;2;"S-3";2;"S-1"
-21.5678812474502;2.00724203700871;-351.052902272581;45.9384369480952;"T10";16.7152903974056;1;2;2;"S-3";2;"S-1"
-21.6415924675501;1.92924228787306;-351.374815771262;45.9683962333592;"T10";16.7302159941755;1;2;2;"S-3";2;"S-1"
-21.199135225609;2.32891630150524;-353.728275244015;46.1781956529;"T10";16.8389630503953;1;2;2;"S-3";2;"S-1"
-21.5301570792501;2.44374064211548;-356.914511761042;46.5282324862889;"T10";16.9892633566633;1;2;2;"S-3";2;"S-1"
-21.5827374977392;2.67269823532377;-359.416181669484;46.8121799004167;"T10";17.1054571168497;1;2;2;"S-3";2;"S-1"
-21.5226510895403;2.60675493794414;-360.073261181317;46.8935493398554;"T10";17.1359017957002;1;2;2;"S-3";2;"S-1"
-21.4237492557999;2.53014529249026;-360.586451031214;46.9557052596701;"T10";17.1597459702753;1;2;2;"S-3";2;"S-1"
-21.4215203765326;2.52897063726532;-360.682827960107;46.9670873772459;"T10";17.164244572632;1;2;2;"S-3";2;"S-1"
-21.7442572876326;2.61160697172909;-365.802739742217;47.571531241862;"T10";17.4032524344511;1;2;2;"S-3";2;"S-1"
-22.0242448179136;2.243875183259;-367.912920550465;47.8249757645942;"T10";17.500297864899;1;2;2;"S-3";2;"S-1"
-21.8798556771243;1.57932401937401;-372.604932423508;48.3030075467742;"T10";17.7133363555185;1;2;2;"S-3";2;"S-1"
-21.9616163527638;1.64952545939854;-374.431921925434;48.4348826581148;"T10";17.7968373405747;1;2;2;"S-3";2;"S-1"
-21.7577092956466;1.51911453308449;-375.341539372927;48.5032035464252;"T10";17.8382558515295;1;2;2;"S-3";2;"S-1"
-21.8914630850133;1.54773182325157;-375.946879422197;48.5454681457821;"T10";17.8660777164623;1;2;2;"S-3";2;"S-1"
-21.8069360790109;1.58088276464968;-376.136892397411;48.5589021098541;"T10";17.8747574915178;1;2;2;"S-3";2;"S-1"
-21.7845238187996;1.55670281096308;-376.33159503975;48.5730169791045;"T10";17.8836859646253;1;2;2;"S-3";2;"S-1"
-21.6450416722616;1.58549090951437;-376.435519675445;48.5804433416846;"T10";17.8884565364569;1;2;2;"S-3";2;"S-1"
-21.7087831632149;1.58240661043394;-376.570876802505;48.5903581987564;"T10";17.8947100299411;1;2;2;"S-3";2;"S-1"
-21.9442302977414;1.68028988337213;-379.291244847037;48.7886525178859;"T10";18.0200218921527;1;2;2;"S-3";2;"S-1"
-21.7180927125099;1.7220780435166;-380.472332933521;48.8790895182347;"T10";18.0738441529684;1;2;2;"S-3";2;"S-1"
-21.7346956246035;1.52380799468626;-383.51070611498;49.1200091889011;"T10";18.2137447060086;1;2;2;"S-3";2;"S-1"
-21.8271774194316;1.58548383849372;-383.691865802905;49.1327101986388;"T10";18.2220797520131;1;2;2;"S-3";2;"S-1"
-21.6253301307968;1.73366157242313;-384.166222513259;49.1671665501632;"T10";18.2438121410087;1;2;2;"S-3";2;"S-1"
-21.514610453473;1.62115017902888;-385.203536322928;49.2503260247002;"T10";18.2917796773836;1;2;2;"S-3";2;"S-1"
-21.278282884442;1.76958649269813;-386.922874606671;49.379880104823;"T10";18.3716945932247;1;2;2;"S-3";2;"S-1"
-21.4260316305945;1.80211944585076;-387.883254056529;49.4597490731774;"T10";18.4168288484216;1;2;2;"S-3";2;"S-1"
-20.2920288532058;2.5092900123096;-398.530588991681;50.3552844510737;"T10";18.9137633773498;1;2;2;"S-3";2;"S-1"
-20.1355009489366;2.85788492204937;-399.782724898888;50.5101222028204;"T10";18.9754691789858;1;2;2;"S-3";2;"S-1"
-20.8512189441158;3.46338981880901;-405.728264859903;51.3539884195645;"T10";19.270745664835;1;2;2;"S-3";2;"S-1"
-20.7499522024985;3.61090375872516;-411.185009723037;52.2603543568974;"T10";19.5324447471648;1;2;2;"S-3";2;"S-1"
-20.6127057496989;3.61095883398034;-412.340995222143;52.4615187905799;"T10";19.5881550200284;1;2;2;"S-3";2;"S-1"
-21.5362787377929;3.33744520598882;-418.675392241605;53.5711861556078;"T10";19.8954604798928;1;2;2;"S-3";2;"S-1"
-21.5027046152527;2.49685174950492;-426.220391864369;54.7404235678258;"T10";20.2457995386794;1;2;2;"S-3";2;"S-1"
-21.4914005067868;2.4669369058344;-427.257052156484;54.8607985211316;"T10";20.294010231737;1;2;2;"S-3";2;"S-1"
-21.2353514486035;2.38258718738372;-427.914623465185;54.9362792665181;"T10";20.3246071818285;1;2;2;"S-3";2;"S-1"
-21.5967686951649;2.29600519316842;-434.932403343713;55.7236678088236;"T10";20.655083458405;1;2;2;"S-3";2;"S-1"
-21.6414025690512;2.16124250218163;-436.434444901904;55.8833535130435;"T10";20.7246328238398;1;2;2;"S-3";2;"S-1"
-21.6362468785308;2.24179698109239;-436.753418930234;55.9152082056827;"T10";20.7393718883395;1;2;2;"S-3";2;"S-1"
-21.6314514187451;2.10195069458588;-437.297476701712;55.9715796769682;"T10";20.764517551288;1;2;2;"S-3";2;"S-1"
-21.8235203604192;2.06215233882963;-438.109144296312;56.0504502636531;"T10";20.8020401187241;1;2;2;"S-3";2;"S-1"
-21.7761635530668;1.98183597437219;-438.979171093;56.1326610052752;"T10";20.8419065922499;1;2;2;"S-3";2;"S-1"
-21.5699800150407;2.00569977502706;-439.3493671712;56.1663523349514;"T10";20.8589066518471;1;2;2;"S-3";2;"S-1"
-21.1581990072602;2.08814814354042;-441.429064808701;56.3597344836947;"T10";20.9553229506128;1;2;2;"S-3";2;"S-1"
-21.0465363952647;2.1002611315105;-444.00521264456;56.6139800515282;"T10";21.0770794306882;1;2;2;"S-3";2;"S-1"
-20.8878141132266;2.11825120308426;-444.897515158286;56.7030240753016;"T10";21.1194760748185;1;2;2;"S-3";2;"S-1"
-21.0330031063255;2.22633627599659;-445.721471047569;56.7865821510438;"T10";21.1589228012599;1;2;2;"S-3";2;"S-1"
-21.0412004501568;2.1595450865321;-446.237627077726;56.8412170925309;"T10";21.1834630928934;1;2;2;"S-3";2;"S-1"
-20.9569751224251;2.36461331671409;-449.246187697915;57.1499980634767;"T10";21.3264473597519;1;2;2;"S-3";2;"S-1"
-20.8760174202934;2.46055623083521;-450.618289366193;57.3048147704557;"T10";21.3919196743518;1;2;2;"S-3";2;"S-1"
-20.8834118383433;2.56413766198406;-451.06052430813;57.3569388858925;"T10";21.4131035492755;1;2;2;"S-3";2;"S-1"
-21.028532866313;2.39130803148175;-452.489677500481;57.5324152665538;"T10";21.4815384009853;1;2;2;"S-3";2;"S-1"
-20.9721553909115;2.55500244292512;-452.832552910095;57.5714061332025;"T10";21.4978436473757;1;2;2;"S-3";2;"S-1"
-21.4092007299719;2.1970734084532;-457.027128723131;58.0824242545915;"T10";21.6978505486622;1;2;2;"S-3";2;"S-1"
-21.0200171617805;2.31060165430071;-459.909968590438;58.3782695265928;"T10";21.8325047986582;1;2;2;"S-3";2;"S-1"
-20.7696353022266;2.44649756314064;-460.644630880678;58.4590264493924;"T10";21.8674554023892;1;2;2;"S-3";2;"S-1"
-20.8080674631149;2.71215158138015;-461.89544804819;58.6063627462375;"T10";21.9276787596755;1;2;2;"S-3";2;"S-1"
-20.7803954567128;2.76884444322684;-470.550102019893;59.73442201927;"T10";22.3436065716669;1;2;2;"S-3";2;"S-1"
-21.5969471771605;2.7769938276875;-473.989765551365;60.1927334732327;"T10";22.5091310217977;1;2;2;"S-3";2;"S-1"
-21.5272530923812;2.68060351962987;-475.171096632509;60.3446322158597;"T10";22.563830006402;1;2;2;"S-3";2;"S-1"
-21.3539185397227;2.79093545960142;-475.713303098611;60.4121485197356;"T10";22.5890169851482;1;2;2;"S-3";2;"S-1"
-21.2535454685814;2.88220541287852;-476.062939758486;60.4578456759838;"T10";22.6053904043511;1;2;2;"S-3";2;"S-1"
-21.2897862599535;2.66139478776009;-481.327225736791;61.1717384974918;"T10";22.8530801832676;1;2;2;"S-3";2;"S-1"
-21.2928456111059;2.81899535998749;-482.10598528086;61.2690897139951;"T10";22.8896592045203;1;2;2;"S-3";2;"S-1"
-21.2248007370328;2.87652736131422;-482.77414722196;61.3575487882814;"T10";22.9210388497449;1;2;2;"S-3";2;"S-1"
-21.1650935531668;3.0359736472817;-484.387144536761;61.5761530035689;"T10";22.9970347252674;1;2;2;"S-3";2;"S-1"
-21.4480436915205;2.87185612834472;-485.785350830504;61.77671519105;"T10";23.0630966252647;1;2;2;"S-3";2;"S-1"
-21.6873391070235;2.94916369241509;-487.99315809875;62.0723367836163;"T10";23.166034091264;1;2;2;"S-3";2;"S-1"
-21.4016573308932;2.7909251570899;-489.654855936381;62.2983035980015;"T10";23.2426547328942;1;2;2;"S-3";2;"S-1"
-21.3543264876205;2.89712168383336;-489.817316182553;62.3194895454754;"T10";23.2502457452938;1;2;2;"S-3";2;"S-1"
-21.1095516313463;3.02297209037476;-490.932472711138;62.4707817982048;"T10";23.3024673187174;1;2;2;"S-3";2;"S-1"
-21.1975704489084;2.95365051297829;-491.105259761719;62.4955255938386;"T10";23.3106525731273;1;2;2;"S-3";2;"S-1"
-21.5115693002477;3.12045009026062;-493.211918238993;62.7890655024365;"T10";23.4100346453488;1;2;2;"S-3";2;"S-1"
-21.4064669704275;2.99959816335687;-493.65169043714;62.8528584864;"T10";23.4304781653918;1;2;2;"S-3";2;"S-1"
-21.7726619143823;3.02707641549507;-494.55383809325;62.9792726422756;"T10";23.4726218623109;1;2;2;"S-3";2;"S-1"
-21.8351323780146;2.93765602687732;-495.475260613066;63.1073789982834;"T10";23.5149420215748;1;2;2;"S-3";2;"S-1"
-21.8658803932236;2.60711922320212;-497.330092465952;63.3569244499501;"T10";23.5998891526833;1;2;2;"S-3";2;"S-1"
-21.7662646379847;2.66928905783361;-497.482926969834;63.375147259454;"T10";23.6068787868135;1;2;2;"S-3";2;"S-1"
-21.7972007284996;2.72270666558941;-497.936364791342;63.4307542565888;"T10";23.6277109244838;1;2;2;"S-3";2;"S-1"
-21.9183993895261;2.61712556217217;-500.173003753875;63.7101347095037;"T10";23.7303222180344;1;2;2;"S-3";2;"S-1"
-21.8897118915074;2.55125522234213;-501.504755428375;63.8691500321036;"T10";23.7910817493685;1;2;2;"S-3";2;"S-1"
-21.3819348928501;2.60691418957252;-504.315404114667;64.1967323307931;"T10";23.9194821915589;1;2;2;"S-3";2;"S-1"
-21.4898965789695;2.46201190774929;-505.539870724463;64.3460209426859;"T10";23.9767485996708;1;2;2;"S-3";2;"S-1"
-21.3145405472566;2.41777243089746;-509.874130919863;64.8425798801914;"T10";24.178436875809;1;2;2;"S-3";2;"S-1"
-21.6963614060986;2.38312203644433;-512.800489251563;65.1745255058373;"T10";24.3157308665104;1;2;2;"S-3";2;"S-1"
-22.0091550559827;2.02689428682664;-516.516995904009;65.5827455173064;"T10";24.4870271766558;1;2;2;"S-3";2;"S-1"
-21.916428550294;2.00695718226874;-516.645419148649;65.5945724293434;"T10";24.4928621686995;1;2;2;"S-3";2;"S-1"
-21.781420729131;1.91178437772744;-517.514475432479;65.6741546818362;"T10";24.5325153577141;1;2;2;"S-3";2;"S-1"
-21.2342309610019;1.75971575846682;-520.115465146682;65.9024470216279;"T10";24.6519285836257;1;2;2;"S-3";2;"S-1"
-21.3465691042124;1.89750375101386;-522.451816648525;66.0960643258129;"T10";24.7619561851025;1;2;2;"S-3";2;"S-1"
-20.931404716488;1.97442911688895;-525.569368884387;66.373184598989;"T10";24.9080008361489;1;2;2;"S-3";2;"S-1"
-21.1231922183318;2.0787796114571;-526.496991231724;66.4606858726429;"T10";24.9523180886172;1;2;2;"S-3";2;"S-1"
-21.3740393488053;1.98742249596774;-528.135155459223;66.6219012022742;"T10";25.0298709608614;1;2;2;"S-3";2;"S-1"
-21.0942208358674;1.91547648139087;-528.914245125815;66.694343303858;"T10";25.0663212384097;1;2;2;"S-3";2;"S-1"
-21.1968320934355;2.06190959843164;-530.435042469669;66.8324404427749;"T10";25.1384166884236;1;2;2;"S-3";2;"S-1"
-20.8085970777233;2.37261146605482;-533.133534733622;67.0949347190805;"T10";25.2657230827026;1;2;2;"S-3";2;"S-1"
-20.9814499255838;2.24340822584657;-534.339029302832;67.232386092015;"T10";25.3236556076445;1;2;2;"S-3";2;"S-1"
-21.0392101222403;2.30004275206655;-535.745734363109;67.3827957974814;"T10";25.3907007863745;1;2;2;"S-3";2;"S-1"
-20.9610746993318;2.37508340093409;-535.927474599349;67.4026639536857;"T10";25.399338954594;1;2;2;"S-3";2;"S-1"
-21.2745049216415;2.3115794617655;-538.147749297916;67.6542415878347;"T10";25.5052626598626;1;2;2;"S-3";2;"S-1"
-21.028972348243;2.20551482843098;-539.145176763616;67.7626169814247;"T10";25.5521463579498;1;2;2;"S-3";2;"S-1"
-21.398524925953;2.21859268408602;-540.120961070031;67.8649570635508;"T10";25.5985482595861;1;2;2;"S-3";2;"S-1"
-21.3116279754659;2.32754556258308;-541.828329242925;68.0419764866434;"T10";25.6783373188227;1;2;2;"S-3";2;"S-1"
-21.2079653601176;2.22869844617158;-542.242191308433;68.0871763566487;"T10";25.6977568613365;1;2;2;"S-3";2;"S-1"
-20.6075094565254;2.4518814743828;-543.057399608353;68.1728448043517;"T10";25.7361956406385;1;2;2;"S-3";2;"S-1"
-20.5840322389583;2.48312103268347;-544.170012073949;68.3052234354675;"T10";25.7901862729341;1;2;2;"S-3";2;"S-1"
-20.1536536859016;2.98985697468053;-547.056292305852;68.653405126346;"T10";25.9304056526162;1;2;2;"S-3";2;"S-1"
-20.3559170422163;3.10420071412914;-548.228498261257;68.8273055121594;"T10";25.9885690989904;1;2;2;"S-3";2;"S-1"
-20.563034663998;3.01518812612281;-549.089511291985;68.9586067578522;"T10";26.0308670229279;1;2;2;"S-3";2;"S-1"
-20.5918590176698;3.07055594704426;-549.269746107209;68.9850348548553;"T10";26.0396320139989;1;2;2;"S-3";2;"S-1"
-20.3282010735609;3.26499905034802;-550.387983659823;69.1517808958241;"T10";26.0939368512481;1;2;2;"S-3";2;"S-1"
-20.5522151610744;3.10952332294951;-552.34097353465;69.4654589268303;"T10";26.1900097830221;1;2;2;"S-3";2;"S-1"
-20.4256367354486;3.10570042985481;-552.441149478694;69.4806154163843;"T10";26.1948839994147;1;2;2;"S-3";2;"S-1"
-20.2917868576908;3.08646780451433;-552.714107496798;69.5221184473615;"T10";26.2082475004718;1;2;2;"S-3";2;"S-1"
-20.5767468624666;3.02529076384648;-555.437894314353;69.9364181035575;"T10";26.3424784992822;1;2;2;"S-3";2;"S-1"
-20.6809201967145;3.0119539138709;-555.499000771078;69.9454022641916;"T10";26.3454481842928;1;2;2;"S-3";2;"S-1"
-20.6309167394673;3.09446411276746;-555.907840397095;70.0049453647894;"T10";26.3652171124704;1;2;2;"S-3";2;"S-1"
-20.8055866543263;2.89388802020454;-556.359186567472;70.0726434968843;"T10";26.3870942872018;1;2;2;"S-3";2;"S-1"
-21.5216611224068;2.92710510668705;-558.575481867291;70.3809121616397;"T10";26.4936183346435;1;2;2;"S-3";2;"S-1"
-21.4764242998818;2.92006901357895;-559.347846800395;70.4859595056647;"T10";26.5295061282814;1;2;2;"S-3";2;"S-1"
-21.4358609932488;2.98845879706846;-562.008103731593;70.8476646817442;"T10";26.6533748363145;1;2;2;"S-3";2;"S-1"
-21.3867594664562;3.13546616460572;-564.546840704772;71.2016001193425;"T10";26.7718089395203;1;2;2;"S-3";2;"S-1"
-21.4101438871341;3.17535608520895;-564.761523079133;71.2330742340629;"T10";26.7818470369093;1;2;2;"S-3";2;"S-1"
-21.1345335144216;3.49700908891321;-566.827739328862;71.5395164689457;"T10";26.8783534527756;1;2;2;"S-3";2;"S-1"
-21.2908436540907;3.81261158100327;-568.747316773598;71.8571378522866;"T10";26.9691800349392;1;2;2;"S-3";2;"S-1"
-21.3956983966325;3.64133657386842;-569.091851844319;71.918834721703;"T10";26.9853623467498;1;2;2;"S-3";2;"S-1"
-21.0916954985304;3.25435543188974;-572.503125776254;72.4993998568796;"T10";27.144799719099;1;2;2;"S-3";2;"S-1"
-20.8876498667261;3.3584396504543;-575.356945493024;72.9397316309444;"T10";27.2801050916314;1;2;2;"S-3";2;"S-1"
-20.7409920006637;3.26367438697355;-576.103541681178;73.059773773415;"T10";27.3158485186286;1;2;2;"S-3";2;"S-1"
-20.7915931553189;3.2393430509065;-577.706397707061;73.311989297027;"T10";27.3931281408295;1;2;2;"S-3";2;"S-1"
-20.7760360475156;3.34294277313491;-581.196908956791;73.8558131048737;"T10";27.5610090349801;1;2;2;"S-3";2;"S-1"
-20.8029350690617;3.36065805061434;-581.28565329747;73.870092404912;"T10";27.565280511044;1;2;2;"S-3";2;"S-1"
-20.5662029118313;3.35452931471121;-582.317270710915;74.0367474155697;"T10";27.6148705044761;1;2;2;"S-3";2;"S-1"
-20.4047696108384;3.26221061191297;-585.523368875178;74.5596903391599;"T10";27.7707620989531;1;2;2;"S-3";2;"S-1"
-20.21877829675;3.42965334380927;-585.937437062491;74.6258894514494;"T10";27.7910548145883;1;2;2;"S-3";2;"S-1"
-20.3340796197813;3.46664581038056;-586.361457729399;74.6978148604311;"T10";27.8120264410973;1;2;2;"S-3";2;"S-1"
-20.2364915168928;3.53828238063356;-586.672030374978;74.750762688941;"T10";27.8272999450564;1;2;2;"S-3";2;"S-1"
-20.3813826624886;3.27310634077699;-588.635822263616;75.0941250861728;"T10";27.9243420576677;1;2;2;"S-3";2;"S-1"
-20.2368197602327;3.43233133046327;-589.918595445768;75.3001294140345;"T10";27.9872805345803;1;2;2;"S-3";2;"S-1"
-20.342697602575;3.44538235807506;-590.078892539219;75.3273171215179;"T10";27.9952015960589;1;2;2;"S-3";2;"S-1"
-20.4426162776825;3.46453591905211;-591.900529144758;75.6358423105643;"T10";28.0847490415908;1;2;2;"S-3";2;"S-1"
-21.1680860419107;3.41265566564301;-593.335006305088;75.8789519781096;"T10";28.1549199600704;1;2;2;"S-3";2;"S-1"
-14.9299865321465;-1.57447270907139;-598.238143092127;76.6694210598481;"T10";28.3865486853756;3;2;1;"S-4-NA";3;"S-2"
-8.06131306366829;-3.0082296867258;-602.571427743484;76.2124455354891;"T10";28.6767890444025;3;2;1;"S-4-NA";3;"S-2"
-6.77950657387086;-2.48742478543471;-603.160275954537;75.9927058162309;"T10";28.7498352350667;3;2;1;"S-4-NA";3;"S-2"
-5.35914600810878;-2.30215769501544;-603.897098307052;75.7223631058673;"T10";28.8585190079175;3;2;1;"S-4-NA";3;"S-2"
-4.68364748632229;-2.04930268873741;-604.096181927886;75.6368416647715;"T10";28.8956673932262;3;2;1;"S-4-NA";3;"S-2"
-4.13009826623131;-1.22147234269618;-604.377651111009;75.5136864624524;"T10";28.9557635434903;3;2;1;"S-4-NA";3;"S-2"
-3.86812523029249;-0.794565897680297;-604.562307191171;75.4590746153996;"T10";29.00047339499;3;2;1;"S-4-NA";3;"S-2"
-3.64374360543293;-0.600028306998013;-604.651518591253;75.4407493720403;"T10";29.0235366090201;3;2;1;"S-4-NA";3;"S-2"
-3.73837943812716;-0.564859496993965;-604.673663431357;75.4371027019243;"T10";29.0296141058207;3;2;1;"S-4-NA";3;"S-2"
-3.71221456286056;-0.562074498100431;-604.762487654992;75.4236815906878;"T10";29.0533741936088;3;2;1;"S-4-NA";3;"S-2"
-3.44451637675424;0.183426165466003;-605.126628900834;75.3685461709731;"T10";29.1514669195749;3;2;1;"S-4-NA";3;"S-2"
-3.71017421527816;0.328296547594534;-605.353055247333;75.3806037465384;"T10";29.2172022280283;3;2;1;"S-4-NA";3;"S-2"
-3.6737874801033;0.683427110487475;-605.567296763907;75.3995610100418;"T10";29.2749465559609;3;2;1;"S-4-NA";3;"S-2"
-3.75534766831211;0.739496878787488;-605.65041861345;75.4150239963358;"T10";29.2975722113624;3;2;1;"S-4-NA";3;"S-2"
-3.70917645618598;1.04168898707371;-605.893402168601;75.462871917887;"T10";29.3622755561955;3;2;1;"S-4-NA";3;"S-2"
-3.80215772106762;1.15962430089598;-606.169511609742;75.5404147815014;"T10";29.4367151102051;3;2;1;"S-4-NA";3;"S-2"
-4.0935810473637;2.00863350149272;-606.906881577886;75.7653060660139;"T10";29.630649718456;3;2;3;"S-5-NA";3;"S-2"
-4.3429669281013;1.92347854188856;-607.53784270541;76.0749053250052;"T10";29.7847839887254;3;2;3;"S-5-NA";3;"S-2"
-4.14943013662529;2.1085406001386;-607.618039056937;76.1104238918867;"T10";29.8032497870736;3;2;3;"S-5-NA";3;"S-2"
-4.05869954613373;2.19446550975895;-607.67497459909;76.1393557929593;"T10";29.8169710789807;3;2;3;"S-5-NA";3;"S-2"
-4.67126855971095;2.19011006479278;-607.963148571821;76.2951662531278;"T10";29.887972632423;3;2;3;"S-5-NA";3;"S-2"
-4.54081207379255;2.2358455244537;-607.993420362761;76.3093590902914;"T10";29.894453054294;3;2;3;"S-5-NA";3;"S-2"
-4.28435848966638;2.18434039061304;-608.584811243886;76.6005534038368;"T10";30.0246920669451;3;2;3;"S-5-NA";3;"S-2"
-4.32621987407368;2.07992836173067;-608.721263165528;76.6701221489683;"T10";30.0565409241244;3;2;3;"S-5-NA";3;"S-2"
-4.32005836344689;2.07551043793851;-608.764927294852;76.691114669833;"T10";30.066633829847;3;2;3;"S-5-NA";3;"S-2"
-4.27788115306004;1.9569969415139;-609.115800278826;76.8596865916363;"T10";30.147853330709;3;2;3;"S-5-NA";3;"S-2"
-4.23552422452317;1.99536569179695;-609.143569118228;76.8723899678718;"T10";30.1543445908464;3;2;3;"S-5-NA";3;"S-2"
-4.27845446739799;1.98950788256369;-609.167652275394;76.8837356013786;"T10";30.1600305829197;3;2;3;"S-5-NA";3;"S-2"
-4.44926316786955;2.0751807031243;-609.273586269835;76.9329955662976;"T10";30.1847904571332;3;2;3;"S-5-NA";3;"S-2"
-4.24049406443396;2.01176828583531;-610.220799863319;77.3747854305454;"T10";30.3976826951839;3;2;3;"S-5-NA";3;"S-2"
-4.27554497467198;1.96063220853772;-610.586972226542;77.5485043265719;"T10";30.4840340395458;3;2;3;"S-5-NA";3;"S-2"
-4.23561719623275;2.05777859611335;-610.869797200553;77.678199080506;"T10";30.5501834955066;3;2;3;"S-5-NA";3;"S-2"
-4.22194426506112;2.1012034347893;-610.944759073609;77.7146176071937;"T10";30.5678814765997;3;2;3;"S-5-NA";3;"S-2"
-4.26737118823778;2.09103776493397;-610.965520777782;77.7249504210307;"T10";30.5727990460582;3;2;3;"S-5-NA";3;"S-2"
-4.60846016728971;2.23409998507642;-611.542771380929;78.007806717745;"T10";30.708069819957;3;2;3;"S-5-NA";3;"S-2"
-4.60562785556667;2.38785220439885;-611.680848497763;78.0747440619903;"T10";30.7380314799957;3;2;3;"S-5-NA";3;"S-2"
-4.37337721686317;2.44788207369515;-612.074099407503;78.2786304985748;"T10";30.8234163443558;3;2;3;"S-5-NA";3;"S-2"
-4.1166615063609;2.80755062796839;-612.291825348005;78.4004968275706;"T10";30.8732007397339;3;2;3;"S-5-NA";3;"S-2"
-4.12076523398763;2.62546676729652;-612.993629464828;78.8791251009544;"T10";31.0436796862632;3;2;3;"S-5-NA";3;"S-2"
-3.79034564784399;3.20609654769823;-613.872702215757;79.4392094936701;"T10";31.2570072361268;3;2;1;"S-6-NA";3;"S-2"
-4.1239277722295;3.23597458814668;-614.035000051191;79.5764905171515;"T10";31.299825978931;3;2;1;"S-6-NA";3;"S-2"
-4.83955994422511;2.90544159045938;-614.760644514061;80.1458911399481;"T10";31.4757855259813;3;2;1;"S-6-NA";3;"S-2"
-4.78381163585352;2.88889810422274;-614.783955764463;80.1598861058589;"T10";31.4806023379788;3;2;1;"S-6-NA";3;"S-2"
-4.37244554014215;2.86244973793857;-615.137481802111;80.3733770995886;"T10";31.5545028308406;3;2;1;"S-6-NA";3;"S-2"
-4.45369727884505;2.52711111147286;-616.171983774335;81.0506205031035;"T10";31.7910985671915;3;2;3;"S-7-NA";3;"S-2"
-4.41245389043682;2.55830723841385;-616.216678444505;81.0759810946616;"T10";31.8011339753866;3;2;3;"S-7-NA";3;"S-2"
-4.71123990194222;2.3523128386209;-616.832847700504;81.4332313474347;"T10";31.9407771923579;3;2;1;"S-8-NA";3;"S-2"
-5.00260528699991;1.90038073465348;-617.126316962638;81.5797599741716;"T10";32.0030684932135;3;2;1;"S-8-NA";3;"S-2"
-4.80575461620899;1.99095785625343;-617.444368256153;81.7005807297883;"T10";32.0666456245817;3;2;1;"S-8-NA";3;"S-2"
-4.96547377010854;2.09734350232358;-617.532081554432;81.7369191395182;"T10";32.0848973467946;3;2;1;"S-8-NA";3;"S-2"
-4.81912988484839;1.81925424785498;-618.011208044378;81.9392951618284;"T10";32.1813889429905;3;2;1;"S-8-NA";3;"S-2"
-4.87469871663053;1.64775973409574;-618.453867401151;82.106402074156;"T10";32.273243565578;3;2;1;"S-8-NA";3;"S-2"
-4.69074808281233;1.99502809271243;-618.769174848784;82.2129832079391;"T10";32.3379260138609;3;2;3;"S-9-NA";3;"S-2"
-4.32373225758159;2.23061474141912;-619.399794102787;82.481192692936;"T10";32.4723649653606;3;2;3;"S-9-NA";3;"S-2"
-4.36418263886979;2.40614330071502;-619.824744516399;82.7004247361121;"T10";32.5706482050009;3;2;3;"S-9-NA";3;"S-2"
-4.39078557578984;2.50768026093303;-620.138697873934;82.8735194093828;"T10";32.6425868435763;3;2;3;"S-9-NA";3;"S-2"
-4.26029921322278;2.39815066040958;-620.54950959658;83.1081435854117;"T10";32.736149081029;3;2;3;"S-9-NA";3;"S-2"
-4.17849667470416;2.72668615678442;-621.420943027911;83.5986792389551;"T10";32.9406965523958;3;2;3;"S-9-NA";3;"S-2"
-4.24132944244048;2.73625023923623;-621.490981975608;83.6443832909122;"T10";32.9574583098292;3;2;3;"S-9-NA";3;"S-2"
-5.05203827258114;2.07618421758521;-622.331272860554;84.1864883469248;"T10";33.1555780023336;3;2;1;"S-10-NA";3;"S-2"
-4.88430372672855;1.96737337439217;-622.553418203335;84.2777811340745;"T10";33.1995494314469;3;2;1;"S-10-NA";3;"S-2"
-4.19831868788272;1.93204029403154;-622.930312996946;84.4295924921275;"T10";33.2767139188945;3;2;3;"S-11-NA";3;"S-2"
-4.23187102933256;2.41207118541985;-624.410838677832;85.1109212535851;"T10";33.6293612024747;3;2;3;"S-11-NA";3;"S-2"
-4.29339468091699;2.44757373092831;-624.459784949679;85.1388195262733;"T10";33.6409273091704;3;2;3;"S-11-NA";3;"S-2"
-4.36279887023843;2.37144981261417;-624.522856997202;85.1747755699509;"T10";33.6556177935563;3;2;3;"S-11-NA";3;"S-2"
-4.55416820091849;1.92420304151126;-624.702947849303;85.2726660366378;"T10";33.6968965362757;3;2;3;"S-11-NA";3;"S-2"
-4.59127595919834;2.16362369663024;-625.133684304544;85.4546585236735;"T10";33.791477244813;3;2;3;"S-11-NA";3;"S-2"
-4.12538350066262;2.66936141954428;-625.645477037891;85.6958391661512;"T10";33.9029479422607;3;2;3;"S-11-NA";3;"S-2"
-4.38098626931845;2.54024095031552;-625.766545334817;85.7741773475329;"T10";33.9322951040231;3;2;3;"S-11-NA";3;"S-2"
-4.56988745513993;2.52511603720234;-626.061413201491;85.9451515035362;"T10";33.9996013790369;3;2;3;"S-11-NA";3;"S-2"
-4.63896929648965;2.37853054189896;-626.148199376697;85.9931056741744;"T10";34.0185922570527;3;2;3;"S-11-NA";3;"S-2"
-4.68442502978362;2.49697390172146;-626.413543690366;86.1291551959202;"T10";34.0757912374102;3;2;1;"S-12-NA";3;"S-2"
-5.03403893321385;1.81444494384049;-626.984579340544;86.4335385741108;"T10";34.1976921423338;3;2;1;"S-12-NA";3;"S-2"
-4.90931306274856;1.8514466921064;-627.041404637632;86.4540204127203;"T10";34.2089803540148;3;2;1;"S-12-NA";3;"S-2"
-4.0027612740734;2.30234671094432;-628.114647911387;86.8587720925624;"T10";34.4275940908119;3;2;3;"S-13-NA";3;"S-2"
-3.93451032737134;2.19498702057702;-628.495474870124;87.0778198038428;"T10";34.5227351528592;3;2;3;"S-13-NA";3;"S-2"
-4.03413883396464;2.04151981840836;-628.727068461331;87.2070213777239;"T10";34.5815972657874;3;2;3;"S-13-NA";3;"S-2"
-4.42357310511732;1.99797646439588;-629.120301791842;87.4060213800883;"T10";34.6790736657567;3;2;3;"S-13-NA";3;"S-2"
-4.26861051939501;1.79065729062918;-629.378364969929;87.5225796789774;"T10";34.7374118398875;3;2;3;"S-13-NA";3;"S-2"
-4.49916305042879;1.64775858440139;-629.483995746735;87.5668911755975;"T10";34.762157779187;3;2;1;"S-14-NA";3;"S-2"
-4.52890105119208;1.69762202669583;-629.592824992011;87.6067484381878;"T10";34.7863465547562;3;2;1;"S-14-NA";3;"S-2"
-4.57408477219873;1.59620470469712;-629.693551681743;87.6445050253229;"T10";34.8085874225944;3;2;1;"S-14-NA";3;"S-2"
-4.30329502079573;1.83629033781247;-629.803978490332;87.6830403389809;"T10";34.8327292595059;3;2;3;"S-15-NA";3;"S-2"
-3.75413322016798;1.84590919933717;-630.62916869617;88.0351632574687;"T10";35.0244870176539;3;2;1;"S-16-NA";3;"S-2"
-3.62694551673273;1.88764730457455;-630.662874163977;88.0517362530032;"T10";35.0334652466699;3;2;1;"S-16-NA";3;"S-2"
-3.48611567265045;2.01030854236349;-630.801591319351;88.1239317307769;"T10";35.0717115215957;3;2;1;"S-16-NA";3;"S-2"
-3.21390774237558;2.33563138304493;-631.030809634372;88.256113098242;"T10";35.1374633028172;3;2;1;"S-16-NA";3;"S-2"
-2.95677956145789;2.45703717863761;-631.123219838564;88.3232700269179;"T10";35.1662165252492;3;2;1;"S-16-NA";3;"S-2"
-3.74445724373048;2.60750607030562;-631.374033999581;88.5316926386605;"T10";35.251043329481;3;2;3;"S-17-NA";3;"S-2"
-3.96598004554659;2.97139346931237;-631.988528479612;88.959604611626;"T10";35.4151510866359;3;2;3;"S-17-NA";3;"S-2"
-4.05394929723423;2.96020923545104;-632.326000400452;89.2124454857969;"T10";35.5002427706495;3;2;3;"S-17-NA";3;"S-2"
-4.03706539404455;3.21973499444194;-632.873143261474;89.6119712892925;"T10";35.6352081638761;3;2;1;"S-18-NA";3;"S-2"
-4.10682931798442;3.36180648156817;-633.061013736369;89.7618061528383;"T10";35.6817445601337;3;2;1;"S-18-NA";3;"S-2"
-3.94230757154832;3.26771515079572;-633.168699876094;89.8499568731319;"T10";35.707965795882;3;2;1;"S-18-NA";3;"S-2"
-4.18835344755872;3.21713107023423;-633.398380647678;90.0403355596071;"T10";35.7662262860686;3;2;1;"S-18-NA";3;"S-2"
-4.2871058277811;3.00005168889979;-633.480526245003;90.1034327066712;"T10";35.7858391478658;3;2;1;"S-18-NA";3;"S-2"
-4.19092237157176;3.07391805391844;-633.855304496442;90.3656968474127;"T10";35.8732590219006;3;2;1;"S-18-NA";3;"S-2"
-4.12979216340068;2.97573132765321;-633.893068848846;90.3933958869937;"T10";35.8822700101882;3;2;1;"S-18-NA";3;"S-2"
-3.79479385439572;3.01421324198103;-634.161290315331;90.5866634871506;"T10";35.9472179436125;3;2;3;"S-19-NA";3;"S-2"
-3.45237661412861;3.08211417928811;-634.690815022348;91.0072661457112;"T10";36.0867577255704;3;2;1;"S-20-NA";3;"S-2"
-3.97252531852715;3.28396301581278;-635.060722952358;91.3375019813519;"T10";36.1939036054537;3;2;1;"S-20-NA";3;"S-2"
-4.24088129031328;3.16732313476132;-635.232445707902;91.479459837618;"T10";36.2371312105097;3;2;1;"S-20-NA";3;"S-2"
-4.38703567201434;2.79688487725925;-635.936066591219;92.004962569072;"T10";36.4030450466089;3;2;1;"S-20-NA";3;"S-2"
-4.70800512766379;2.43967672550372;-636.409716529661;92.3069305604409;"T10";36.5110108745284;3;2;1;"S-20-NA";3;"S-2"
-4.49272379399706;2.16480855721717;-636.596827725366;92.4038911237508;"T10";36.5507540758699;3;2;3;"S-21-NA";3;"S-2"
-4.64454663944759;2.26406248607852;-636.657981117989;92.4333577443852;"T10";36.564365727827;3;2;3;"S-21-NA";3;"S-2"
-4.52716771552888;2.43653024662761;-636.883723213295;92.543399530847;"T10";36.612969415728;3;2;3;"S-21-NA";3;"S-2"
-4.30347094072214;2.47206918569862;-637.444186891384;92.845042144863;"T10";36.7367694852874;3;2;3;"S-21-NA";3;"S-2"
-4.0619533435913;2.08606631559739;-637.785471418511;93.0410883072949;"T10";36.8160739657469;3;2;3;"S-21-NA";3;"S-2"
-4.31982786650164;2.08196182847207;-638.05427954066;93.1791380389242;"T10";36.8822510237806;3;2;3;"S-21-NA";3;"S-2"
-5.04794728437589;1.96130229876877;-638.524590425571;93.4058066331736;"T10";36.9911236222833;3;2;1;"S-22-NA";3;"S-2"
-5.17535083512564;1.98036323530796;-639.621871023182;93.8321381372983;"T10";37.2084952658042;3;2;1;"S-22-NA";3;"S-2"
-5.22774655119164;1.70815863359833;-639.84752587014;93.9184856289024;"T10";37.2520971111953;3;2;1;"S-22-NA";3;"S-2"
-5.14178627065798;1.5132160862292;-640.008716111797;93.9711543075084;"T10";37.282930710353;3;2;1;"S-22-NA";3;"S-2"
-5.07835812218649;1.66708982788789;-640.125550776064;94.0055384853197;"T10";37.3056532931514;3;2;1;"S-22-NA";3;"S-2"
-4.92552435648788;1.73591106215717;-640.743812832999;94.2084974656211;"T10";37.4273977708071;3;2;1;"S-22-NA";3;"S-2"
-4.88632450636789;1.5767246579898;-640.983054196166;94.2928137127434;"T10";37.4759695259854;3;2;1;"S-22-NA";3;"S-2"
-4.71027542344001;1.55350215857033;-641.066831806331;94.3198471657124;"T10";37.4931148486212;3;2;1;"S-22-NA";3;"S-2"
-4.71975168802603;1.57461466971227;-641.075903460098;94.3228390998227;"T10";37.4950407771394;3;2;1;"S-22-NA";3;"S-2"
-5.05139216000884;1.27097654817922;-641.650161064577;94.5144242737845;"T10";37.6167119247839;3;2;1;"S-22-NA";3;"S-2"
-5.03266488671366;1.23712208023816;-641.663778227868;94.5178504768285;"T10";37.6194076496176;3;2;1;"S-22-NA";3;"S-2"
-4.91234142556298;1.2304460751043;-641.677531920256;94.5212313887155;"T10";37.6221405342221;3;2;1;"S-22-NA";3;"S-2"
-4.68240981484898;0.837685034219463;-642.265309541955;94.6684582618091;"T10";37.7417937852442;3;2;1;"S-22-NA";3;"S-2"
-4.70152171868831;0.948676362237961;-642.34327547513;94.6824063991959;"T10";37.7584445988759;3;2;1;"S-22-NA";3;"S-2"
-4.84297112599772;0.992250743859958;-642.573778609698;94.7289174839619;"T10";37.8074719454162;3;2;1;"S-22-NA";3;"S-2"
-5.13015269799001;0.935598439905201;-642.845955828593;94.7846824350392;"T10";37.8636724082753;3;2;1;"S-22-NA";3;"S-2"
-5.1790048550084;1.00583744408695;-642.899733974506;94.7944900864639;"T10";37.8741551656276;3;2;1;"S-22-NA";3;"S-2"
-4.61988975093447;1.2436348736703;-644.716115425389;95.1472575634582;"T10";38.2248753332533;3;2;1;"S-22-NA";3;"S-2"
-4.84103864735919;1.7052483471069;-645.248748667981;95.2906378844344;"T10";38.340166665148;3;2;1;"S-22-NA";3;"S-2"
-4.42174781350223;1.67665124192942;-645.94398775138;95.5355347721008;"T10";38.4837802848779;3;2;1;"S-22-NA";3;"S-2"
-4.43856473489823;1.66277603884017;-646.319306041326;95.6778490567453;"T10";38.568660360761;3;2;1;"S-22-NA";3;"S-2"
-4.47604168438899;1.71377194445834;-646.373098031833;95.6980006233524;"T10";38.5807795915753;3;2;3;"S-23-NA";3;"S-2"
-4.39122947409383;1.88152689003053;-646.971798750713;95.9272291622023;"T10";38.7145363260061;3;2;3;"S-23-NA";3;"S-2"
-4.39722607518633;2.1644450332324;-647.322035042925;96.0772962460452;"T10";38.7942944653332;3;2;3;"S-23-NA";3;"S-2"
-4.10397574594071;2.08811983156536;-648.001750934906;96.4118725587594;"T10";38.9488728018478;3;2;3;"S-23-NA";3;"S-2"
-3.97612599173181;2.06006285363065;-648.08396461032;96.4537032168054;"T10";38.9689054922201;3;2;3;"S-23-NA";3;"S-2"
-3.99422835922213;1.99464456351321;-648.113171028762;96.4688352970881;"T10";38.9762509381399;3;2;3;"S-23-NA";3;"S-2"
-4.02185280231931;1.94837986884275;-648.164307259338;96.4943717950404;"T10";38.9890534686856;3;2;1;"S-24-NA";3;"S-2"
-4.43085524363017;2.03517436124646;-648.633353444358;96.7216004355128;"T10";39.1056778724305;3;2;3;"S-25-NA";3;"S-2"
-4.47227187984355;1.90369951455084;-648.90469267778;96.8462316005356;"T10";39.1669164411724;3;2;3;"S-25-NA";3;"S-2"
-4.43478833406485;1.77271726857147;-649.496013679391;97.0979375642949;"T10";39.2991358181462;3;2;3;"S-25-NA";3;"S-2"
-4.63016699376626;1.35448579638371;-650.047999414016;97.3185827383292;"T10";39.4236030289903;3;2;1;"S-26-NA";3;"S-2"
-4.69705395986528;1.33473783450054;-650.05918833279;97.3218558884287;"T10";39.4260195549577;3;2;1;"S-26-NA";3;"S-2"
-4.33562303977679;1.45328827835375;-650.717791889616;97.5090078974847;"T10";39.5662358612753;3;2;1;"S-26-NA";3;"S-2"
-4.02561818627572;1.66503135433243;-650.906097406794;97.5721273611357;"T10";39.6096680313349;3;2;1;"S-26-NA";3;"S-2"
-4.19999806817834;1.73561768456847;-651.082917869397;97.6452618713398;"T10";39.65359183494;3;2;1;"S-26-NA";3;"S-2"
-4.3887089131274;1.62923407773588;-651.165965860536;97.6795808304793;"T10";39.6733651752584;3;2;1;"S-26-NA";3;"S-2"
-4.74393689471671;1.74627047134532;-651.57484536445;97.8313704421057;"T10";39.7665314143524;3;2;1;"S-26-NA";3;"S-2"
-4.01940493553271;2.24019064987575;-651.951461816244;97.9700051253627;"T10";39.8459204239771;3;2;3;"S-27-NA";3;"S-2"
-3.8940608057926;2.12217699540117;-652.886653542591;98.4912284892202;"T10";40.0785896228626;3;2;3;"S-27-NA";3;"S-2"
-3.91641838384234;2.05234387751313;-652.902520669218;98.499875722222;"T10";40.082664322108;3;2;1;"S-28-NA";3;"S-2"
-3.62844344466417;2.26798978560889;-653.149537942091;98.6293216439634;"T10";40.1457365602255;3;2;1;"S-28-NA";3;"S-2"
-3.59921406197012;2.44345990793123;-653.195459052528;98.6580250290382;"T10";40.1583924307488;3;2;1;"S-28-NA";3;"S-2"
-3.25592806530854;2.56832004868103;-653.326233783091;98.7468063033943;"T10";40.1947266771458;3;2;1;"S-28-NA";3;"S-2"
-3.29054416105571;2.58688494694551;-653.332428015455;98.7516923975727;"T10";40.1966291246936;3;2;1;"S-28-NA";3;"S-2"
-3.36671296972757;2.47578114303626;-653.928685976196;99.2204448797281;"T10";40.3778325766325;3;2;1;"S-28-NA";3;"S-2"
-3.65514639492533;2.32620744164313;-654.044918413229;99.3059187761978;"T10";40.4123565880582;3;2;1;"S-28-NA";3;"S-2"
-3.5601698694824;2.40560176598539;-654.070887553807;99.3224460507681;"T10";40.4194614035077;3;2;1;"S-28-NA";3;"S-2"
-3.80722967987512;2.71305841201676;-654.874747537991;99.8656131097712;"T10";40.6452539958991;3;2;3;"S-29-NA";3;"S-2"
-3.97714754733114;2.87186867855644;-655.417220335226;100.252183006935;"T10";40.7877389108762;3;2;3;"S-29-NA";3;"S-2"
-3.64529075050138;3.2449301265121;-655.782340353968;100.515833458235;"T10";40.8795434050262;3;2;1;"S-30-NA";3;"S-2"
-3.56654679643929;3.31608960651666;-655.826049802276;100.554742317729;"T10";40.891534066759;3;2;1;"S-30-NA";3;"S-2"
-3.5636019406974;3.2591163288128;-655.845800940767;100.573106452229;"T10";40.8970719552599;3;2;1;"S-30-NA";3;"S-2"
-3.64022848444589;3.28089355883955;-655.865661306967;100.591269884861;"T10";40.9026450710371;3;2;1;"S-30-NA";3;"S-2"
-4.28796366922962;3.24421789457324;-656.293900029613;100.977236225374;"T10";41.0202856874093;3;2;1;"S-30-NA";3;"S-2"
-4.33575538875987;3.04770493318807;-656.420223203154;101.072810705877;"T10";41.0497456323355;3;2;1;"S-30-NA";3;"S-2"
-4.47145532122624;3.07035486314023;-656.612951874748;101.208284244054;"T10";41.0941966343671;3;2;1;"S-30-NA";3;"S-2"
-4.46167769415479;3.14635939352026;-656.743257737951;101.297759641221;"T10";41.1233383463696;3;2;1;"S-30-NA";3;"S-2"
-4.34943464083457;3.1243738588431;-656.86609416588;101.384383457501;"T10";41.150869789999;3;2;1;"S-30-NA";3;"S-2"
-5.00552733393907;2.96202291343339;-657.500889769987;101.840382674632;"T10";41.2968187825754;3;2;1;"S-30-NA";3;"S-2"
-5.02151208305335;3.01014402433699;-657.584512606517;101.889866523458;"T10";41.3135248818435;3;2;1;"S-30-NA";3;"S-2"
-4.61742743772754;2.70679676041708;-658.323593969642;102.332908641432;"T10";41.4607079117559;3;2;1;"S-30-NA";3;"S-2"
-4.36559495628036;2.86489577300485;-658.972499480649;102.713305595948;"T10";41.6012419038452;3;2;1;"S-30-NA";3;"S-2"
-4.52318742360893;2.79566613941141;-659.292652595855;102.923404177162;"T10";41.6745774098672;3;2;1;"S-30-NA";3;"S-2"
-4.15331750168923;2.89580653582783;-659.407336964277;102.99428764395;"T10";41.6999321780168;3;2;3;"S-31-NA";3;"S-2"
-3.9980607238458;3.00195741051158;-659.660618251052;103.170882283138;"T10";41.7609150637873;3;2;3;"S-31-NA";3;"S-2"
-4.01709767364323;2.71348059382714;-660.243469662443;103.608518235793;"T10";41.9066985952668;3;2;3;"S-31-NA";3;"S-2"
-4.01728853653734;2.6912052367883;-660.61716963627;103.86094615995;"T10";41.9997259508818;3;2;3;"S-31-NA";3;"S-2"
-4.03663628534592;2.87806228458062;-660.697324085409;103.914642097225;"T10";42.0196783263236;3;2;3;"S-31-NA";3;"S-2"
-4.09870114628193;2.91024525619487;-661.077247337777;104.185521786744;"T10";42.1137970988639;3;2;3;"S-31-NA";3;"S-2"
-4.42708072464677;2.68942493338121;-661.629171423748;104.577410435282;"T10";42.2484553884715;3;2;3;"S-31-NA";3;"S-2"
-4.89226747264474;2.50735550908919;-662.129030060007;104.881071552649;"T10";42.3613646999002;3;2;1;"S-32-NA";3;"S-2"
-4.81921947660666;2.59680514296239;-662.140882593697;104.88714614195;"T10";42.3637874075212;3;2;1;"S-32-NA";3;"S-2"
-4.74048343469914;2.66771562571626;-662.316444056639;104.981746297034;"T10";42.4002168467268;3;2;1;"S-32-NA";3;"S-2"
-4.54118540302897;2.73195615713228;-662.405839769562;105.032053896148;"T10";42.4190747784451;3;2;1;"S-32-NA";3;"S-2"
-4.66316785069641;2.66883660576873;-662.702792470295;105.210699268919;"T10";42.4844657885842;3;2;1;"S-32-NA";3;"S-2"
-4.61221525994487;2.76377476172781;-663.806544150562;105.842401361207;"T10";42.7211614674889;3;2;1;"S-32-NA";3;"S-2"
-4.48725564115401;2.75771389691918;-663.916363281819;105.908208208072;"T10";42.7449719631113;3;2;1;"S-32-NA";3;"S-2"
-4.502621141902;2.87447394427827;-664.035068604651;105.981160440927;"T10";42.7714258432388;3;2;1;"S-32-NA";3;"S-2"
-4.73258959595334;2.79072070684937;-664.115628658349;106.032589990073;"T10";42.7893176558428;3;2;1;"S-32-NA";3;"S-2"
-4.90451497488214;2.66938962549952;-664.268076226611;106.122485506435;"T10";42.8215299500152;3;2;1;"S-32-NA";3;"S-2"
-5.09261838982671;2.71393749970306;-664.48499509779;106.240548350012;"T10";42.8657583543099;3;2;1;"S-32-NA";3;"S-2"
-5.16856230812664;2.55910272426635;-664.537667460799;106.268618291686;"T10";42.8761012386531;3;2;1;"S-32-NA";3;"S-2"
-4.86695790274876;2.13440060116911;-665.357350824092;106.674466920954;"T10";43.0346914450638;3;2;1;"S-32-NA";3;"S-2"
-4.3360198341198;2.17068045773719;-666.445870678446;107.151836456081;"T10";43.2583465240896;3;2;3;"S-33-NA";3;"S-2"
-4.7052489124028;1.88706761689015;-666.785806167279;107.322013565672;"T10";43.3367445715703;3;2;3;"S-33-NA";3;"S-2"
-4.77427511201191;2.07086596429143;-666.873396439519;107.357142157034;"T10";43.3553600101732;3;2;3;"S-33-NA";3;"S-2"
-4.75180148477458;1.64356553613709;-667.167781929571;107.484833351493;"T10";43.4170207823627;3;2;1;"S-34-NA";3;"S-2"
-4.62475194620449;1.80430534903459;-667.560478441132;107.620660248856;"T10";43.4996623895131;3;2;3;"S-35-NA";3;"S-2"
-4.05820282756349;2.18353894185794;-668.230967431573;107.882245494074;"T10";43.6446407577023;3;2;3;"S-35-NA";3;"S-2"
-4.07771479208098;2.47632410050971;-668.67546884272;108.121411987764;"T10";43.7541723484173;3;2;3;"S-35-NA";3;"S-2"
-3.89525325841914;2.27810824382368;-669.09958635815;108.37897105662;"T10";43.8581809750758;3;2;3;"S-35-NA";3;"S-2"
-3.76393382791918;2.32860232024684;-669.591302930753;108.666547628246;"T10";43.9844157896005;3;2;3;"S-35-NA";3;"S-2"
-3.87097511213913;2.4018780163033;-669.704542728119;108.736604772432;"T10";44.014501280617;3;2;3;"S-35-NA";3;"S-2"
-3.91897524929331;2.6939982435299;-669.827508591184;108.812903119669;"T10";44.046267401427;3;2;3;"S-35-NA";3;"S-2"
-3.98391428023286;2.69726605428892;-669.847035045452;108.826326075967;"T10";44.0512499422766;3;2;3;"S-35-NA";3;"S-2"
-4.03778387960377;2.74144488615371;-669.88074867819;108.849151526203;"T10";44.0597123815678;3;2;3;"S-35-NA";3;"S-2"
-4.65863567529363;2.33060003127917;-670.138226203071;109.023965351046;"T10";44.1234794212505;3;2;3;"S-35-NA";3;"S-2"
-4.2856311420224;2.25754025999949;-670.635109980304;109.272543996701;"T10";44.2301380680874;3;2;3;"S-35-NA";3;"S-2"
-4.31419657186986;2.29756183239192;-670.706681363606;109.310245626616;"T10";44.246838381514;3;2;3;"S-35-NA";3;"S-2"
-4.46929627705451;2.37383392697738;-670.770439296038;109.344200452184;"T10";44.2616170155816;3;2;3;"S-35-NA";3;"S-2"
-3.93090993936044;2.36115448197803;-673.450389344035;110.767636257772;"T10";44.8612528154626;3;2;3;"S-35-NA";3;"S-2"
-4.1764738819808;2.39799966958383;-673.605519241229;110.860817138968;"T10";44.9007169343531;3;2;3;"S-35-NA";3;"S-2"
-3.57569294533172;2.47221032114342;-674.550964508342;111.403662012948;"T10";45.1270909747109;3;2;1;"S-36-NA";3;"S-2"
-3.61977566867464;2.62783458535098;-674.770418485395;111.555391033136;"T10";45.1884648064151;3;2;3;"S-37-NA";3;"S-2"
-3.67288432339392;2.51456408703657;-675.312657382172;111.949038114308;"T10";45.3382638399489;3;2;3;"S-37-NA";3;"S-2"
-4.04478745293265;2.40362128259031;-675.960602338563;112.392640192201;"T10";45.5146769527346;3;2;3;"S-37-NA";3;"S-2"
-3.89050262734422;2.52855389293586;-676.139833367847;112.49914851223;"T10";45.5589885590598;3;2;3;"S-37-NA";3;"S-2"
-3.5383715449986;2.56049728589198;-676.345746241286;112.632977440678;"T10";45.6119156209752;3;2;1;"S-38-NA";3;"S-2"
-3.7953700659113;2.79556085810023;-676.544377020869;112.776714062327;"T10";45.6680518342182;3;2;3;"S-39-NA";3;"S-2"
-3.7894162519388;2.79383035763543;-676.586024521366;112.807390418046;"T10";45.6790250726044;3;2;3;"S-39-NA";3;"S-2"
-3.98967385956732;2.96323785038159;-676.673854241948;112.872144808524;"T10";45.7022027112544;3;2;3;"S-39-NA";3;"S-2"
-4.04060746142325;2.91567571281002;-676.790933436547;112.959102668525;"T10";45.7315482664853;3;2;3;"S-39-NA";3;"S-2"
-3.78483377622668;2.94446061821325;-676.852724438029;113.003690647935;"T10";45.746840769425;3;2;3;"S-39-NA";3;"S-2"
-3.97897743677704;2.90816264833423;-676.893064287866;113.035073558311;"T10";45.7574990577996;3;2;3;"S-39-NA";3;"S-2"
-4.32897123148176;2.80559482921291;-677.16120443111;113.231052339666;"T10";45.8248882670887;3;2;3;"S-39-NA";3;"S-2"
-4.75772156842129;2.74147008448976;-678.315919129444;113.979419887897;"T10";46.0916294017807;3;2;1;"S-40-NA";3;"S-2"
-4.60045596571845;2.7547008904223;-678.397311072414;114.026319138633;"T10";46.1087367380969;3;2;1;"S-40-NA";3;"S-2"
-4.6054925782922;2.79620774963841;-678.438180677604;114.050791395002;"T10";46.117620554287;3;2;1;"S-40-NA";3;"S-2"
-4.65871856070118;2.72085083807269;-678.599249436775;114.148583695166;"T10";46.1525937425904;3;2;1;"S-40-NA";3;"S-2"
-4.50897460538509;2.58098105595301;-678.897338864565;114.322678107364;"T10";46.2165790260769;3;2;3;"S-41-NA";3;"S-2"
-4.44150204240322;2.1283322289229;-679.553108443044;114.698047012104;"T10";46.3620155467652;3;2;3;"S-41-NA";3;"S-2"
-4.53831205790349;2.21181640946413;-679.736781514418;114.786061677787;"T10";46.4033693657257;3;2;3;"S-41-NA";3;"S-2"
-4.13388867558827;2.38672974071941;-680.249822896379;115.036100311727;"T10";46.5164161054417;3;2;3;"S-41-NA";3;"S-2"
-3.8052969164639;2.41535417478802;-681.956219088421;116.021300170894;"T10";46.9291984336451;3;2;3;"S-41-NA";3;"S-2"
-3.99982163150352;2.8110561547456;-682.350504276;116.2715666796;"T10";47.0328132621944;3;2;3;"S-41-NA";3;"S-2"
-4.10798322765267;2.67703340717199;-682.471796647499;116.356810397655;"T10";47.0631377073005;3;2;3;"S-41-NA";3;"S-2"
-3.80742842255883;2.89827213643508;-682.572974892782;116.422744830123;"T10";47.0877673709765;3;2;3;"S-41-NA";3;"S-2"
-3.96911793604328;2.94073250532252;-682.655147713506;116.485296024852;"T10";47.10934960749;3;2;3;"S-41-NA";3;"S-2"
-4.09911540304538;2.83581968898906;-682.742058519647;116.54968852636;"T10";47.1312463632785;3;2;3;"S-41-NA";3;"S-2"
-4.05113564775478;2.85529039426689;-682.956347970483;116.697936668721;"T10";47.1835233620368;3;2;3;"S-41-NA";3;"S-2"
-4.11529968526984;2.85558452937341;-682.966146511321;116.704842801214;"T10";47.1859420766123;3;2;3;"S-41-NA";3;"S-2"
-3.97875124707759;2.89537859949947;-683.012869316029;116.737263506508;"T10";47.197295515798;3;2;3;"S-41-NA";3;"S-2"
-4.15064857740099;2.93442176884522;-683.031470513453;116.750799791036;"T10";47.2019706503488;3;2;3;"S-41-NA";3;"S-2"
-3.72568511863736;2.90366150536596;-683.404640386934;117.014623089926;"T10";47.2918770508841;3;2;3;"S-41-NA";3;"S-2"
-4.03565690658832;3.22562299324317;-684.0804413542;117.541317427062;"T10";47.4732667673379;3;2;1;"S-42-NA";3;"S-2"
-4.1443425889826;3.30408387293092;-684.139120440353;117.588218492712;"T10";47.4878069246188;3;2;1;"S-42-NA";3;"S-2"
-4.11079343783287;3.24418121066617;-684.214961522296;117.648682918703;"T10";47.5061068311334;3;2;1;"S-42-NA";3;"S-2"
-4.57258356989203;3.30609988558339;-684.616303064422;117.965416101655;"T10";47.6037379936315;3;2;1;"S-42-NA";3;"S-2"
-4.86744467103152;3.15273273324958;-684.833206787987;118.122243279268;"T10";47.6511736982502;3;2;1;"S-42-NA";3;"S-2"
-5.54074746648779;2.85197244607188;-685.245657810876;118.389395333088;"T10";47.7359103620984;3;2;1;"S-42-NA";3;"S-2"
-5.64512185734397;2.74972146818149;-685.287149682029;118.410752320387;"T10";47.7433988591656;3;2;1;"S-42-NA";3;"S-2"
-5.3077371646458;2.79719251514859;-685.751758906338;118.637062042423;"T10";47.8257016395219;3;2;1;"S-42-NA";3;"S-2"
-5.22017146792568;2.34286877159482;-686.320275271923;118.936671776897;"T10";47.9328125133179;3;2;1;"S-42-NA";3;"S-2"
-5.19624431496652;2.30929914235766;-686.338484693451;118.944844359983;"T10";47.9363007936627;3;2;1;"S-42-NA";3;"S-2"
-4.72928217381088;2.24890287279861;-686.750834863256;119.128099772116;"T10";48.015656217467;3;2;3;"S-43-NA";3;"S-2"
-4.95022120829841;2.41047913527204;-687.615898456912;119.539461143551;"T10";48.1985726859421;3;2;1;"S-44-NA";3;"S-2"
-4.75662319463436;2.4470002904534;-687.880950301831;119.668526475192;"T10";48.2521161204204;3;2;1;"S-44-NA";3;"S-2"
-4.78176103656344;2.27062700046416;-687.994966929613;119.727181262398;"T10";48.276086198166;3;2;1;"S-44-NA";3;"S-2"
-4.31951453102419;1.95523004717267;-689.034953654708;120.221020649199;"T10";48.493576515466;3;2;3;"S-45-NA";3;"S-2"
-4.2809318404817;1.95566804664282;-689.048455433548;120.227132235;"T10";48.4967022784986;3;2;3;"S-45-NA";3;"S-2"
-4.07987059588753;2.00439270997305;-689.107265419234;120.253998537505;"T10";48.5104399383999;3;2;3;"S-45-NA";3;"S-2"
-4.09759601555366;2.00709027797228;-689.309283531127;120.353247673291;"T10";48.559955751989;3;2;3;"S-45-NA";3;"S-2"
-4.12663442886107;2.24751878917897;-689.411499056707;120.403315026655;"T10";48.5849009943195;3;2;3;"S-45-NA";3;"S-2"
-4.12589727609174;2.27202982287307;-689.443775300464;120.420893870998;"T10";48.5927224392071;3;2;3;"S-45-NA";3;"S-2"
-3.98864567399788;2.63945354193575;-689.54300186819;120.475535493416;"T10";48.6167721333914;3;2;3;"S-45-NA";3;"S-2"
-3.70039192966377;2.62896362963278;-690.431325900265;121.063376631608;"T10";48.8394853309728;3;2;3;"S-45-NA";3;"S-2"
-3.6555193785733;2.61055571309618;-690.448124084419;121.075310993163;"T10";48.8440248998813;3;2;3;"S-45-NA";3;"S-2"
-3.61336154078261;2.6052772572231;-690.467238298205;121.088961234027;"T10";48.8492537639104;3;2;3;"S-45-NA";3;"S-2"
-3.85862874417587;2.65758100574324;-690.907085968088;121.406096709692;"T10";48.9709818735719;3;2;3;"S-45-NA";3;"S-2"
-4.32138272861893;2.30391632815001;-691.240738925454;121.635895900233;"T10";49.0574511815794;3;2;3;"S-45-NA";3;"S-2"
-4.47558941379275;2.28937268018468;-691.342257380047;121.690019785996;"T10";49.0809433045797;3;2;3;"S-45-NA";3;"S-2"
-4.41559991777837;2.26819731629632;-691.578456456045;121.810841349746;"T10";49.1337182698771;3;2;3;"S-45-NA";3;"S-2"
-4.32839657491263;2.19479280905765;-691.631134552947;121.837900938532;"T10";49.1456482675858;3;2;3;"S-45-NA";3;"S-2"
-4.39568267117357;2.18249807630715;-691.717226310919;121.8815553422;"T10";49.1655382560566;3;2;3;"S-45-NA";3;"S-2"
-4.3029306743049;2.089525822758;-692.098116649804;122.070671002744;"T10";49.2521892650984;3;2;3;"S-45-NA";3;"S-2"
-4.4948696184558;2.10037587211603;-692.185598601523;122.11315269975;"T10";49.2725200485438;3;2;3;"S-45-NA";3;"S-2"
-4.37121998904011;2.28149533358596;-692.260651774443;122.148223766746;"T10";49.2892175680026;3;2;3;"S-45-NA";3;"S-2"
-4.32225553464097;2.29479278310651;-692.315033014878;122.176607272174;"T10";49.3016583146527;3;2;3;"S-45-NA";3;"S-2"
-4.30554818777102;1.94367907483664;-692.598700226709;122.327213238271;"T10";49.3672877550125;3;2;3;"S-45-NA";3;"S-2"
-3.98350344846309;2.04567246966442;-693.219126174498;122.607295792132;"T10";49.5113869314082;3;2;3;"S-45-NA";3;"S-2"
-4.04643460928285;2.23045720070471;-693.815665412952;122.913640172893;"T10";49.6611393406056;3;2;3;"S-45-NA";3;"S-2"
-3.97124217011778;2.45560027937331;-693.951414576734;122.988467206834;"T10";49.6946871862747;3;2;3;"S-45-NA";3;"S-2"
-4.27011038638572;2.45432720810769;-694.122258623311;123.094107878073;"T10";49.7377074905671;3;2;3;"S-45-NA";3;"S-2"
-4.607902304633;2.50478958283357;-695.079867398735;123.64451174579;"T10";49.9619660433382;3;2;1;"S-46-NA";3;"S-2"
-4.80543999344569;2.55555986402023;-695.255124155291;123.739778804231;"T10";50;3;2;1;"S-46-NA";3;"S-2"
