"Vx";"Vy";"X";"Y";"Traj";"Time";"TrueMovMode";"TrueTrajClust";"firstEstMovMode";"firstSegment";"finalEstMovMode";"finalSegment"
0;0;0;0;"T11";0;1;1;1;"S-1-NA";2;"S-1"
-7.18540291439611;4.96533345604302;0;0;"T11";0.172512454446405;1;1;1;"S-1-NA";2;"S-1"
-7.49753167946672;5.04404991416102;-0.0643195490625264;0.0444467780919985;"T11";0.181463873013854;1;1;1;"S-1-NA";2;"S-1"
-16.8971680035979;7.71951401874614;-2.78207092546658;1.8728450007237;"T11";0.543950020801276;1;1;1;"S-1-NA";2;"S-1"
-17.8353122535467;7.34302469917175;-3.96213622568683;2.41196082333649;"T11";0.613788072951138;1;1;4;"S-2-NA";2;"S-1"
-18.4953417952819;7.01175707057983;-4.45506959845977;2.61490775691753;"T11";0.641426129732281;1;1;4;"S-2-NA";2;"S-1"
-18.5123071274503;6.97227533739219;-4.63382553131823;2.68267580305594;"T11";0.651091046165675;1;1;4;"S-2-NA";2;"S-1"
-18.679551396454;6.98097421883877;-5.00920194554804;2.82405351989883;"T11";0.671368173789233;1;1;4;"S-2-NA";2;"S-1"
-18.9858230263479;7.0211915826837;-5.71175348646582;3.08661304771937;"T11";0.708978902548552;1;1;4;"S-2-NA";2;"S-1"
-19.711797324397;6.41039029183993;-6.99664553069157;3.56178197734941;"T11";0.77665529679507;1;1;4;"S-2-NA";2;"S-1"
-19.7879191957478;6.43342599333742;-7.82887132959953;3.83242661183616;"T11";0.81887497799471;1;1;4;"S-2-NA";2;"S-1"
-20.4146954180072;6.16678165450989;-9.54389090576377;4.39001184407971;"T11";0.905545009300113;1;1;4;"S-2-NA";2;"S-1"
-21.2598132229057;5.66544541137498;-11.9714353193471;5.12331381350261;"T11";1.02445662487298;1;1;4;"S-2-NA";2;"S-1"
-21.000210090367;5.55298304576698;-12.6854643293543;5.31359264313858;"T11";1.05804248014465;1;1;4;"S-2-NA";2;"S-1"
-21.2712526595195;5.46589342158886;-13.5192924544329;5.5340777440838;"T11";1.09774818411097;1;1;4;"S-2-NA";2;"S-1"
-21.9617917249653;4.9028857433004;-15.7801843133198;6.11503995332554;"T11";1.20403679320589;1;1;4;"S-2-NA";2;"S-1"
-21.8165986258483;4.59054434120787;-16.9323628817959;6.37225939825345;"T11";1.25649966066703;1;1;4;"S-2-NA";2;"S-1"
-22.2095706770614;3.72120334442948;-18.7491093929513;6.75453051022745;"T11";1.33977325167507;1;1;4;"S-2-NA";2;"S-1"
-22.0739501893427;3.54141598803661;-19.8015221791122;6.93086178814931;"T11";1.38715880457312;1;1;2;"S-3-NA";2;"S-1"
-21.9077583665089;3.46849800551764;-21.2436114770455;7.1622221949669;"T11";1.45248871995136;1;1;2;"S-3-NA";2;"S-1"
-22.7549121852604;2.96241101365286;-23.2313458383241;7.47692589729245;"T11";1.54322070302442;1;1;4;"S-4-NA";2;"S-1"
-22.1751290187159;2.90620018558773;-24.9048925715549;7.69480119533895;"T11";1.61676731659099;1;1;2;"S-5";2;"S-1"
-21.9866852674321;2.81870105962507;-25.7462318918158;7.80506438644015;"T11";1.65470798965544;1;1;2;"S-5";2;"S-1"
-22.1195611238;2.57121205705581;-27.2831034240183;8.00209187665232;"T11";1.72460809117183;1;1;2;"S-5";2;"S-1"
-21.9102121710165;2.26616059308388;-29.4061136081214;8.24887386984226;"T11";1.82058694772422;1;1;2;"S-5";2;"S-1"
-21.9036218497094;2.25296519533539;-32.7498787392091;8.59471756653738;"T11";1.97319912258536;1;1;2;"S-5";2;"S-1"
-21.8941607375595;2.25618979286818;-33.4872268174914;8.67055979795536;"T11";2.0068624173291;1;1;2;"S-5";2;"S-1"
-22.0888712360257;2.12396752914665;-37.5744950396086;9.09175214024211;"T11";2.19354544533417;1;1;2;"S-5";2;"S-1"
-22.0834028288332;2.0840258108798;-37.9502941445646;9.12788730929987;"T11";2.21055849688128;1;1;2;"S-5";2;"S-1"
-22.0855296888013;2.06134276008043;-38.1385276651701;9.14565103522812;"T11";2.21908225212246;1;1;2;"S-5";2;"S-1"
-21.9032888354625;1.9906569877002;-41.6677795028644;9.47505213298946;"T11";2.37888153642416;1;1;2;"S-5";2;"S-1"
-21.870650632163;1.88236692866869;-43.2751468717297;9.62113599777659;"T11";2.45226628612727;1;1;2;"S-5";2;"S-1"
-21.4074888892129;2.14215608632894;-45.8389644894672;9.84179909445054;"T11";2.5694926851429;1;1;2;"S-5";2;"S-1"
-21.3956913127177;2.36940340801087;-48.0805285675424;10.0661028489729;"T11";2.67420202726498;1;1;2;"S-5";2;"S-1"
-21.343548712565;2.85886600844728;-52.8547531518147;10.5948104207567;"T11";2.89734156103805;1;1;2;"S-5";2;"S-1"
-21.2432172858405;2.95084435843058;-52.9248412779315;10.6041983891798;"T11";2.90062536951154;1;1;2;"S-5";2;"S-1"
-21.1854399752153;3.06306981650172;-56.9654838161627;11.1654743521349;"T11";3.09083396568894;1;1;2;"S-5";2;"S-1"
-21.2438454476643;2.91327233255882;-58.0129763996239;11.3169247312237;"T11";3.14027795102447;1;1;2;"S-5";2;"S-1"
-20.9302390385281;3.13306262978052;-60.222412751267;11.6199155343553;"T11";3.24428154854104;1;1;2;"S-5";2;"S-1"
-21.158315931988;3.20922340098247;-63.229938248051;12.0701142026429;"T11";3.38797438889742;1;1;2;"S-5";2;"S-1"
-21.2218894104081;3.13337689053843;-68.017110676507;12.7962166878938;"T11";3.6142292781733;1;1;2;"S-5";2;"S-1"
-21.1841335839254;3.3697200683858;-68.9265227496071;12.9304898771806;"T11";3.65708182798699;1;1;2;"S-5";2;"S-1"
-21.2024727369197;3.26160094237339;-69.6155442837663;13.0400912296271;"T11";3.68960718624294;1;1;2;"S-5";2;"S-1"
-21.0658184218145;3.25070300479772;-70.0773475294429;13.1111309578692;"T11";3.71138781774789;1;1;2;"S-5";2;"S-1"
-21.1809772421406;3.09093791693611;-73.6305680044698;13.6594345767268;"T11";3.88006013818085;1;1;2;"S-5";2;"S-1"
-21.1142207594973;3.10931095326538;-75.5469175807635;13.9390872811207;"T11";3.97053516935557;1;1;2;"S-5";2;"S-1"
-21.1272958121747;3.02254385231199;-75.8302735641518;13.9808146966317;"T11";3.9839553181082;1;1;2;"S-5";2;"S-1"
-21.359167764904;2.87032640992508;-76.1646747181647;14.0286552797927;"T11";3.99978323839605;1;1;2;"S-5";2;"S-1"
-20.9316478928929;3.01325194219975;-78.4413237235113;14.3346000543317;"T11";4.10637208260596;1;1;2;"S-5";2;"S-1"
-21.0129796299881;3.24489991662223;-79.0819727539651;14.4268258047916;"T11";4.13697879994288;1;1;2;"S-5";2;"S-1"
-20.9714459962806;3.38654657946109;-80.1872590062049;14.5975080845487;"T11";4.18957896763459;1;1;2;"S-5";2;"S-1"
-21.0727866650251;3.4339561310037;-80.6074691932955;14.6653651780462;"T11";4.20961622148752;1;1;2;"S-5";2;"S-1"
-21.5145937922075;3.31860367210606;-83.8802060675037;15.1986802555913;"T11";4.36492253793404;1;1;2;"S-5";2;"S-1"
-21.6151718471082;3.33705278397467;-84.3233654919866;15.2670371350017;"T11";4.38552062259987;1;1;2;"S-5";2;"S-1"
-21.741919587207;3.11263767788117;-85.1440945321417;15.3937451782091;"T11";4.42349066725001;1;1;2;"S-5";2;"S-1"
-21.7477232505413;2.84994940068176;-87.7111374712813;15.7612506572472;"T11";4.54155949410051;1;1;2;"S-5";2;"S-1"
-21.3038649873363;3.11976277055981;-89.2736230270206;15.9660079424973;"T11";4.61340543115512;1;1;2;"S-5";2;"S-1"
-21.5260161857198;3.0031589348;-91.2911672294302;16.2614594624153;"T11";4.70810863189399;1;1;2;"S-5";2;"S-1"
-21.4314919062434;3.23316729758187;-92.4568266715169;16.4240840994236;"T11";4.76225982420146;1;1;2;"S-5";2;"S-1"
-21.6005499912741;3.03649331659429;-95.2476370880068;16.8451073773092;"T11";4.89247989607975;1;1;2;"S-5";2;"S-1"
-21.528327031339;3.06139590835747;-95.5981721747917;16.8943837822473;"T11";4.90870795911178;1;1;2;"S-5";2;"S-1"
-21.037643894347;3.24735869818231;-97.1800538613484;17.119332340288;"T11";4.98218704015017;1;1;2;"S-5";2;"S-1"
-21.2342564132789;3.17243526059218;-97.548755705203;17.1762449463617;"T11";4.99971285462379;1;1;2;"S-5";2;"S-1"
-21.354996135136;3.09938404950326;-99.6166293421233;17.4851889052428;"T11";5.09709670441225;1;1;2;"S-5";2;"S-1"
-21.382001830594;3.04053414150148;-100.3461638276;17.5910708044265;"T11";5.13125894358382;1;1;2;"S-5";2;"S-1"
-21.9736479811654;2.99284193436145;-102.088565060588;17.8388413583283;"T11";5.21274809725583;1;1;2;"S-5";2;"S-1"
-21.75169912437;2.8279809447673;-104.227307456314;18.1301410976438;"T11";5.31008024699986;1;1;2;"S-5";2;"S-1"
-21.9679924694928;2.55329336438422;-105.751548994388;18.3283107210948;"T11";5.38015484344214;1;1;2;"S-5";2;"S-1"
-21.9523286882717;2.56065347737168;-106.199174160977;18.3803372487427;"T11";5.4005310870707;1;1;2;"S-5";2;"S-1"
-22.042510592693;2.63966751050345;-106.669631991558;18.4352143188223;"T11";5.42196197202429;1;1;2;"S-5";2;"S-1"
-22.0894238697198;2.39766059847206;-107.390544333302;18.5215460857242;"T11";5.45466751791537;1;1;2;"S-5";2;"S-1"
-21.6697705974811;1.90154735040264;-112.289235389683;19.0532665415969;"T11";5.67643387475982;1;1;2;"S-5";2;"S-1"
-22.1593727323516;1.5834308810741;-115.081405078359;19.298282650535;"T11";5.8052847860381;1;1;2;"S-5";2;"S-1"
-21.7167777939242;1.71483861718074;-117.621177971495;19.4797658936971;"T11";5.91989872045815;1;1;2;"S-5";2;"S-1"
-21.6782376842676;1.78987621999486;-118.274133135397;19.5313256941874;"T11";5.94996557338163;1;1;2;"S-5";2;"S-1"
-21.7816064261371;1.61302773548963;-119.705672391841;19.649521560033;"T11";6.01600134978071;1;1;2;"S-5";2;"S-1"
-21.3481921439844;1.93736913900161;-124.901032570141;20.0342617807268;"T11";6.25452187377959;1;1;2;"S-5";2;"S-1"
-21.2521009087276;2.01346458760387;-125.066208195253;20.0492516288811;"T11";6.26225909218192;1;1;2;"S-5";2;"S-1"
-21.0200197177207;2.14011549507762;-126.325476757608;20.1685571350743;"T11";6.32151293102652;1;1;2;"S-5";2;"S-1"
-20.8149078977538;2.78039556987098;-129.255440218836;20.4668660942281;"T11";6.46090211812407;1;1;2;"S-5";2;"S-1"
-20.7810824901641;2.67119530163335;-130.509159534173;20.6343343168764;"T11";6.5211339155212;1;1;2;"S-5";2;"S-1"
-20.8368234846546;2.67408122958647;-130.690588233053;20.6576551178143;"T11";6.52986438944936;1;1;2;"S-5";2;"S-1"
-20.8554068289709;2.6442895039334;-130.748820927407;20.6651283756761;"T11";6.53265909058973;1;1;2;"S-5";2;"S-1"
-20.7676113013803;2.52897162380364;-131.941727476232;20.8163788543697;"T11";6.58985800109804;1;1;2;"S-5";2;"S-1"
-20.4270417227453;2.58445336986619;-132.868221672342;20.9292024958361;"T11";6.63447045953944;1;1;2;"S-5";2;"S-1"
-20.5550415835808;2.67740913590816;-134.330188333081;21.1141722390942;"T11";6.70604062033817;1;1;2;"S-5";2;"S-1"
-20.6721391066629;2.64404591533405;-134.451861944762;21.1300209075676;"T11";6.7119600251317;1;1;2;"S-5";2;"S-1"
-21.3193427306211;2.45831438640509;-139.515963326175;21.7777389063327;"T11";6.95693232119083;1;1;2;"S-5";2;"S-1"
-21.1016433644654;2.77431806957369;-140.686828310725;21.9127503029047;"T11";7.01185263460502;1;1;2;"S-5";2;"S-1"
-20.9331786863112;2.70631096859668;-144.207697233096;22.3756531253637;"T11";7.17870546504855;1;1;2;"S-5";2;"S-1"
-21.0672287951999;2.51948389787256;-145.757814086084;22.5760573881234;"T11";7.2527561802417;1;1;2;"S-5";2;"S-1"
-21.1406930817365;2.47670365770706;-146.318971098389;22.643167593762;"T11";7.27939266944304;1;1;2;"S-5";2;"S-1"
-21.3931569860684;2.31498499735492;-148.099217315337;22.8517294559529;"T11";7.36360212322325;1;1;2;"S-5";2;"S-1"
-21.7229174231786;2.45464233939023;-150.460143004643;23.1072086988796;"T11";7.47396104270592;1;1;2;"S-5";2;"S-1"
-21.755246108473;2.32869081736333;-150.86837915975;23.1533384949505;"T11";7.49275392154232;1;1;2;"S-5";2;"S-1"
-21.7335844337826;2.22033809327598;-151.051462220006;23.1729357837657;"T11";7.50116950366646;1;1;2;"S-5";2;"S-1"
-21.3501376893832;2.2317077363586;-155.488316941631;23.6262120292359;"T11";7.70531690213829;1;1;2;"S-5";2;"S-1"
-21.2836728481861;2.3449681709444;-156.405130648974;23.7220456146322;"T11";7.74825871922076;1;1;2;"S-5";2;"S-1"
-21.4734434994225;2.46114519907603;-158.578669319812;23.9615192730457;"T11";7.85038106841967;1;1;2;"S-5";2;"S-1"
-21.5753567375989;2.63624210115649;-161.207360796804;24.2628026423677;"T11";7.9727969947271;1;1;2;"S-5";2;"S-1"
-21.6504069195252;2.68669043453618;-161.674509004824;24.3198823833166;"T11";7.99444892909378;1;1;2;"S-5";2;"S-1"
-21.746244899769;2.74331702522591;-162.44585586624;24.4156020731117;"T11";8.03007629001513;1;1;2;"S-5";2;"S-1"
-21.2818483727532;3.09002741820258;-167.345731507917;25.0337277463604;"T11";8.25539682991803;1;1;2;"S-5";2;"S-1"
-20.9607054624831;3.27428774054264;-169.192764489112;25.3019085196773;"T11";8.34218595409766;1;1;2;"S-5";2;"S-1"
-21.1608312607528;3.46157131879636;-171.061712327196;25.5938582827664;"T11";8.43135031173006;1;1;2;"S-5";2;"S-1"
-21.0070582182507;3.33449170296004;-172.587559802173;25.843462364532;"T11";8.50345747312531;1;1;2;"S-5";2;"S-1"
-21.597687184843;3.22798628044538;-174.144392758059;26.0905815242147;"T11";8.57756746700034;1;1;2;"S-5";2;"S-1"
-21.6300907386912;3.22788757325621;-174.201180022063;26.099068938054;"T11";8.58019678853452;1;1;2;"S-5";2;"S-1"
-21.7129633644062;3.22085012772162;-174.378565995004;26.1255404857068;"T11";8.58839767752215;1;1;2;"S-5";2;"S-1"
-22.040290226794;2.699160131342;-178.350786233492;26.7147703318477;"T11";8.77134001348168;1;1;2;"S-5";2;"S-1"
-22.3701081841148;2.40745216402466;-179.797179362085;26.8919026031007;"T11";8.83696497185156;1;1;2;"S-5";2;"S-1"
-22.0946738570194;2.15884550795761;-181.096593839747;27.031744492575;"T11";8.89505206141621;1;1;2;"S-5";2;"S-1"
-21.8440754255789;1.98905061959306;-183.046339676743;27.2222519455973;"T11";8.98329712217674;1;1;2;"S-5";2;"S-1"
-21.6769310179136;2.14992606070818;-184.247366350074;27.3316135368843;"T11";9.03827892616391;1;1;2;"S-5";2;"S-1"
-21.7324495662047;1.99688977256778;-184.733044842082;27.3797833099132;"T11";9.06068424228579;1;1;2;"S-5";2;"S-1"
-21.294989474332;2.18000157723922;-187.831561174066;27.6644910026481;"T11";9.203259809874;1;1;2;"S-5";2;"S-1"
-21.5615906605572;2.02939903690824;-189.316345416747;27.8164907016762;"T11";9.27298439200968;1;1;2;"S-5";2;"S-1"
-21.5146605560172;1.83414596124871;-190.810211815839;27.9570949399865;"T11";9.342268074397;1;1;2;"S-5";2;"S-1"
-21.7815954755851;1.85058123527981;-191.635713336009;28.0274697560466;"T11";9.38063733046874;1;1;2;"S-5";2;"S-1"
-21.7904181541098;1.9519464895099;-193.598427024628;28.1942234323994;"T11";9.47074614232406;1;1;2;"S-5";2;"S-1"
-21.8611268928019;1.86387160089686;-194.2384821805;28.2515584227499;"T11";9.50011938111857;1;1;2;"S-5";2;"S-1"
-21.8114971240614;1.91358277189661;-194.420734107911;28.2670971547364;"T11";9.50845618499443;1;1;2;"S-5";2;"S-1"
-21.7199598932112;2.19081471643516;-196.794273458015;28.4753343052146;"T11";9.61727674584836;1;1;2;"S-5";2;"S-1"
-21.58981738479;2.13037008352664;-197.006576430639;28.4967485471862;"T11";9.62705130223185;1;1;2;"S-5";2;"S-1"
-21.4531848686195;2.1488195115876;-197.438102107221;28.5393292404491;"T11";9.64703876525164;1;1;2;"S-5";2;"S-1"
-21.385810311291;1.70089211958322;-200.477821772338;28.8437972700755;"T11";9.78872959967703;1;1;2;"S-5";2;"S-1"
-21.5547717159516;1.7416754955215;-200.636689179309;28.8564325790323;"T11";9.79615823598579;1;1;2;"S-5";2;"S-1"
-21.4658298817167;1.98580529963792;-201.204884063298;28.9023440421258;"T11";9.8225187510252;1;1;2;"S-5";2;"S-1"
-21.4374376445415;2.08631084396675;-201.37170606839;28.9177767565204;"T11";9.83029026538134;1;1;2;"S-5";2;"S-1"
-21.2516593851044;2.16993975317947;-202.552912136879;29.032732800732;"T11";9.88539041718468;1;1;2;"S-5";2;"S-1"
-21.1756441831335;2.15920603724145;-202.872601130881;29.06537523322;"T11";9.90043343044817;1;1;2;"S-5";2;"S-1"
-21.3094757651392;2.501332415925;-207.347337241993;29.5216483525933;"T11";10.1117486599833;1;1;2;"S-5";2;"S-1"
-21.2539271135046;2.51122887693114;-207.535258728464;29.5437068072891;"T11";10.1205673418008;1;1;2;"S-5";2;"S-1"
-21.684016152957;2.55641302279628;-210.3290446372;29.873802784965;"T11";10.2520153275691;1;1;2;"S-5";2;"S-1"
-21.3838779194183;2.7235496008817;-211.230585804096;29.9800889804456;"T11";10.2935916278511;1;1;2;"S-5";2;"S-1"
-21.2264837744041;2.69974529065231;-211.45260218421;30.0083660135323;"T11";10.3039740468375;1;1;2;"S-5";2;"S-1"
-21.1744879043865;2.72986527873105;-211.552256712866;30.0210408327482;"T11";10.3086688672192;1;1;2;"S-5";2;"S-1"
-21.1758863934365;2.8537922512127;-213.151982967434;30.2272813414934;"T11";10.3842185693793;1;1;2;"S-5";2;"S-1"
-21.1234212012406;2.92261943729621;-213.466599131019;30.269680944186;"T11";10.3990758536384;1;1;2;"S-5";2;"S-1"
-21.0124777528292;2.7960149219589;-213.81739690882;30.318217040408;"T11";10.4156829067506;1;1;2;"S-5";2;"S-1"
-20.9617215577574;2.76037260023316;-213.960029421871;30.3371963649569;"T11";10.4224708979018;1;1;2;"S-5";2;"S-1"
-20.4607810887327;2.82988604095308;-216.428361209363;30.662241968473;"T11";10.5402251472697;1;1;2;"S-5";2;"S-1"
-20.7499192151421;2.95821103840889;-217.297639468217;30.7824699499839;"T11";10.5827102437615;1;1;2;"S-5";2;"S-1"
-21.0176888537784;2.75598932536887;-218.381214056298;30.9369496987562;"T11";10.6349309091456;1;1;2;"S-5";2;"S-1"
-22.0763084850477;2.558695484236;-221.590231703838;31.3577389892948;"T11";10.7876126654446;1;1;2;"S-5";2;"S-1"
-21.2012741977402;2.95268298313059;-227.71467832896;32.0675765934284;"T11";11.0650343471207;1;1;2;"S-5";2;"S-1"
-21.0860337936247;2.69341758552079;-228.429538166899;32.167134500143;"T11";11.098752124235;1;1;2;"S-5";2;"S-1"
-20.9604161796916;2.85604124581709;-230.249276248623;32.39957814499;"T11";11.1850527580827;1;1;2;"S-5";2;"S-1"
-20.8439377496445;3.11007366642728;-232.590441285433;32.7185824935235;"T11";11.2967473454773;1;1;2;"S-5";2;"S-1"
-21.6772549466589;2.82359428535393;-235.165722366761;33.102833970902;"T11";11.4202979486436;1;1;2;"S-5";2;"S-1"
-21.6861179624915;2.73160596821428;-235.61808141753;33.1617564882513;"T11";11.4411658607423;1;1;2;"S-5";2;"S-1"
-21.6864372608174;2.76081939551754;-235.87105910489;33.1936218208024;"T11";11.4528312813491;1;1;2;"S-5";2;"S-1"
-22.3672985191497;2.42624670433744;-240.276410379265;33.7544506511026;"T11";11.6559698246419;1;1;2;"S-5";2;"S-1"
-22.0760149548606;2.27254590643673;-243.165510350078;34.0678398284628;"T11";11.7851360701025;1;1;2;"S-5";2;"S-1"
-22.5517648078949;2.23199497931792;-244.766083222124;34.232605767232;"T11";11.8576388689689;1;1;2;"S-5";2;"S-1"
-22.3020845573217;2.21985025494689;-246.758065321353;34.429756370843;"T11";11.9459681911394;1;1;2;"S-5";2;"S-1"
-21.7797494328458;2.3520245987219;-249.119911186965;34.6648439983448;"T11";12.0518706622534;1;1;2;"S-5";2;"S-1"
-21.9956383114884;2.37768601023428;-249.783395864636;34.7364946060605;"T11";12.0823340374045;1;1;2;"S-5";2;"S-1"
-21.6386791682149;2.33198533496207;-251.980599412158;34.9740080649834;"T11";12.1822267305106;1;1;2;"S-5";2;"S-1"
-21.4719607197757;2.34011080984208;-253.267810604649;35.1127299158206;"T11";12.2417133185081;1;1;2;"S-5";2;"S-1"
-21.3861883691608;2.34073922336224;-254.563261103725;35.2539139351129;"T11";12.3020455124788;1;1;2;"S-5";2;"S-1"
-21.1202535296532;2.27402916822748;-255.268626785136;35.331116898483;"T11";12.3350278125145;1;1;2;"S-5";2;"S-1"
-20.8898256673396;2.53817250783866;-256.919077753474;35.5088218506258;"T11";12.4131732271053;1;1;2;"S-5";2;"S-1"
-20.9504379639073;2.52475554506049;-257.578011101236;35.5888841036298;"T11";12.4447164940648;1;1;2;"S-5";2;"S-1"
-20.8775816470172;2.49793072384567;-257.792499611141;35.6147323009642;"T11";12.4549543950707;1;1;2;"S-5";2;"S-1"
-20.8096380793668;2.47810303946505;-258.07562291903;35.6486070294347;"T11";12.4685155111365;1;1;2;"S-5";2;"S-1"
-20.97281620355;2.63101128561436;-259.515118427854;35.8200284728115;"T11";12.5376899726689;1;1;2;"S-5";2;"S-1"
-20.9534786449085;2.59775514062686;-259.582119883263;35.8284337143215;"T11";12.540884653572;1;1;2;"S-5";2;"S-1"
-21.0570622505744;2.60352383196425;-259.804029888626;35.8559455116204;"T11";12.5514752580784;1;1;2;"S-5";2;"S-1"
-21.1647557316937;2.68475544857674;-260.58106469014;35.9520191519001;"T11";12.5883766449988;1;1;2;"S-5";2;"S-1"
-20.6056610700595;2.72459645385558;-262.671902972308;36.2172425989034;"T11";12.6871653250419;1;1;2;"S-5";2;"S-1"
-20.8703159135666;2.59851962548343;-264.010040713408;36.3941787006753;"T11";12.752105621621;1;1;2;"S-5";2;"S-1"
-21.0578412342511;2.48127768310638;-266.461181769112;36.6993651753053;"T11";12.8695519058965;1;1;2;"S-5";2;"S-1"
-21.164317910349;2.56752263894869;-267.096701225218;36.7742494061282;"T11";12.899731611833;1;1;2;"S-5";2;"S-1"
-21.172409862976;2.60766099417086;-267.318719813626;36.8011833122629;"T11";12.9102218430489;1;1;2;"S-5";2;"S-1"
-21.0609707253187;2.58640700868236;-268.042521286311;36.8903289919499;"T11";12.9444079124369;1;1;2;"S-5";2;"S-1"
-21.0605404001744;2.61759466762448;-268.183396715861;36.907629296057;"T11";12.9510968457907;1;1;2;"S-5";2;"S-1"
-21.1588400579316;2.52548113196326;-269.361586500792;37.0540653912324;"T11";13.0070398445241;1;1;2;"S-5";2;"S-1"
-21.122254417374;2.53258850150983;-269.896113366261;37.1178655574784;"T11";13.0323024233803;1;1;2;"S-5";2;"S-1"
-21.4375803861931;2.60928640330219;-273.304684973393;37.5265581661468;"T11";13.1936758989468;1;1;2;"S-5";2;"S-1"
-21.2787173966038;2.67027049877873;-274.946057702946;37.7263387136163;"T11";13.2702411036007;1;1;2;"S-5";2;"S-1"
-21.4259285105863;2.76046835987965;-275.306595492287;37.7715826728564;"T11";13.2871846901253;1;1;2;"S-5";2;"S-1"
-21.8554054624288;2.36645477437371;-279.746431884475;38.343601191336;"T11";13.4944026125595;1;1;2;"S-5";2;"S-1"
-21.9495291945561;2.36293904800063;-279.956598015068;38.3663575132907;"T11";13.5040188208222;1;1;2;"S-5";2;"S-1"
-21.9351109785365;2.40505383208093;-280.002970900863;38.3713497070477;"T11";13.5061315260828;1;1;2;"S-5";2;"S-1"
-21.8735174326419;2.37288732966598;-280.734214419137;38.451526188832;"T11";13.5394681943581;1;1;2;"S-5";2;"S-1"
-21.9551475875876;2.2476278604551;-281.660256565483;38.5519852797198;"T11";13.5818044189364;1;1;2;"S-5";2;"S-1"
-21.6075644346313;2.16275851148247;-282.284200285171;38.6158606548287;"T11";13.6102234362625;1;1;2;"S-5";2;"S-1"
-21.6797280082714;2.21249426410245;-283.242228629016;38.7117522561778;"T11";13.6545610730536;1;1;2;"S-5";2;"S-1"
-21.6481278334463;2.14228922642247;-283.636992224549;38.7520393017745;"T11";13.6727699544281;1;1;2;"S-5";2;"S-1"
-21.2856373624305;2.31530232558425;-285.444363572739;38.9308959769181;"T11";13.7562585296109;1;1;2;"S-5";2;"S-1"
-21.3445843978791;2.24065458176961;-285.821993974226;38.9719719631282;"T11";13.7739996192977;1;1;2;"S-5";2;"S-1"
-21.2200568963136;2.39220033430686;-287.2905451141;39.1261335892712;"T11";13.8428016682155;1;1;2;"S-5";2;"S-1"
-21.259018456899;2.29220965435985;-288.012985352337;39.2075764330803;"T11";13.8768468284979;1;1;2;"S-5";2;"S-1"
-21.4577385096275;2.55731238974765;-288.784588416237;39.2907729360605;"T11";13.9131421572529;1;1;2;"S-5";2;"S-1"
-21.5913239904641;2.59148443109077;-289.713820484883;39.4015179095363;"T11";13.956447376404;1;1;2;"S-5";2;"S-1"
-21.7238101286717;2.46017500215248;-290.263416614997;39.4674828228138;"T11";13.9819018659182;1;1;2;"S-5";2;"S-1"
-21.4834112025586;2.57110479052116;-292.173568861452;39.6838034764744;"T11";14.0698308357969;1;1;2;"S-5";2;"S-1"
-21.448039752266;2.58479441815743;-293.452869221501;39.8369083653222;"T11";14.129379123915;1;1;2;"S-5";2;"S-1"
-21.6888794116469;2.80403376727989;-294.411255084452;39.9524075185133;"T11";14.1740632010624;1;1;2;"S-5";2;"S-1"
-22.0151367359673;2.10140932890043;-297.130985524924;40.3040262374079;"T11";14.2994606634602;1;1;2;"S-5";2;"S-1"
-21.7027917125775;2.12567360258952;-298.054641592265;40.3921919163171;"T11";14.34141616337;1;1;2;"S-5";2;"S-1"
-21.6257058032317;2.19897888950871;-299.091904733751;40.4937863520928;"T11";14.3892101594247;1;1;2;"S-5";2;"S-1"
-21.5757158815225;2.23806754994009;-299.49188565602;40.5344578387151;"T11";14.4077057833783;1;1;2;"S-5";2;"S-1"
-21.5058407307799;2.25798660969609;-300.5787516559;40.6471993829041;"T11";14.4580802880228;1;1;2;"S-5";2;"S-1"
-21.5672112923661;2.30876598747958;-300.990773153503;40.6904592133911;"T11";14.4772388739511;1;1;2;"S-5";2;"S-1"
-21.5295051864538;2.22709181487768;-301.617321229985;40.757531069316;"T11";14.5062898285687;1;1;2;"S-5";2;"S-1"
-21.9451306928571;2.29637340247273;-302.981858124616;40.898683823307;"T11";14.5696696825325;1;1;2;"S-5";2;"S-1"
-21.7735551565629;2.37972416666792;-303.346404521041;40.9368305384227;"T11";14.5862814038992;1;1;2;"S-5";2;"S-1"
-21.7342127546545;2.54019964228865;-303.828060774071;40.9894727926215;"T11";14.608402561862;1;1;2;"S-5";2;"S-1"
-21.4583092522923;2.69684188346927;-304.675528713465;41.0885211354715;"T11";14.6473949076608;1;1;2;"S-5";2;"S-1"
-21.4104610651068;2.46764383301008;-307.785457690671;41.4793714406719;"T11";14.7923237993382;1;1;2;"S-5";2;"S-1"
-21.48950335449;2.31949169381554;-308.397250696022;41.5498831046732;"T11";14.8208982893266;1;1;2;"S-5";2;"S-1"
-21.2167920768537;2.40035969266809;-312.871340822589;42.0327986339325;"T11";15.0290971505456;1;1;2;"S-5";2;"S-1"
-21.2161700851728;2.48419412189312;-313.077408323524;42.0561120604591;"T11";15.0388096226379;1;1;2;"S-5";2;"S-1"
-21.1109453254364;2.52586206890635;-313.819500031673;42.1430033255596;"T11";15.0737872696482;1;1;2;"S-5";2;"S-1"
-21.1577116073429;2.54554148101598;-313.886950138463;42.1510735310222;"T11";15.0769822997972;1;1;2;"S-5";2;"S-1"
-21.4921506854838;2.53189931283354;-315.283725160199;42.3191233099142;"T11";15.1429996010847;1;1;2;"S-5";2;"S-1"
-21.3246775880571;2.61967391984335;-317.680380169848;42.6014630934394;"T11";15.2545126387849;1;1;2;"S-5";2;"S-1"
-21.3059189755274;2.68079277504497;-318.128651145082;42.6565318642564;"T11";15.2755338698626;1;1;2;"S-5";2;"S-1"
-21.4265466313707;2.65948708533418;-318.459554925013;42.6981674521647;"T11";15.2910649427213;1;1;2;"S-5";2;"S-1"
-21.486247505167;2.71114661518185;-318.542512460361;42.7084642348281;"T11";15.2949366602115;1;1;2;"S-5";2;"S-1"
-21.5768660004034;2.56834334133007;-319.595497935221;42.8413305254783;"T11";15.3439440764487;1;1;2;"S-5";2;"S-1"
-21.6737534641324;2.4473209306389;-320.518499489644;42.9511974957924;"T11";15.3867214452475;1;1;2;"S-5";2;"S-1"
-21.6676701023044;2.30630416222846;-320.737742655624;42.9759536318207;"T11";15.3968370519578;1;1;2;"S-5";2;"S-1"
-21.8436172808625;2.1994210583954;-321.82993952214;43.0922069330445;"T11";15.4472438036464;1;1;2;"S-5";2;"S-1"
-21.650594538763;2.31132458518433;-322.613127658545;43.1710656887966;"T11";15.4830981278792;1;1;2;"S-5";2;"S-1"
-21.7678755605529;2.26402347234566;-323.832416008716;43.3012316819351;"T11";15.5394147499464;1;1;2;"S-5";2;"S-1"
-21.8044917732656;2.22114319816492;-324.08976189837;43.3279975982079;"T11";15.5512370285578;1;1;2;"S-5";2;"S-1"
-21.6771100509024;2.29866414119375;-327.452235332844;43.6705203717562;"T11";15.7054471550509;1;1;2;"S-5";2;"S-1"
-21.8172158367883;2.21325739086921;-327.94533302883;43.7228089835319;"T11";15.7281945459545;1;1;2;"S-5";2;"S-1"
-21.5854885740894;2.15497873518138;-330.377392792085;43.9695303931896;"T11";15.8396688872017;1;1;2;"S-5";2;"S-1"
-21.2640111034112;2.47690836827648;-331.455670788854;44.0771798515596;"T11";15.8896227250807;1;1;2;"S-5";2;"S-1"
-21.2649744468304;2.45191938845319;-331.511024971123;44.0836277054764;"T11";15.8922259113751;1;1;2;"S-5";2;"S-1"
-21.1310765159704;2.4200571166521;-332.137225803988;44.1558306590707;"T11";15.9216734347865;1;1;2;"S-5";2;"S-1"
-21.1103213636684;2.58024428938825;-339.171157187637;44.961398500831;"T11";16.2545448518358;1;1;2;"S-5";2;"S-1"
-21.2913473435028;2.61771190358521;-342.068229255455;45.3154979733192;"T11";16.3917797151953;1;1;2;"S-5";2;"S-1"
-21.0663346919641;2.73800452393405;-343.452168943393;45.485649506546;"T11";16.4567798143253;1;1;2;"S-5";2;"S-1"
-20.8616788049134;2.63894031459614;-343.809353207171;45.5320729657952;"T11";16.4737350307405;1;1;2;"S-5";2;"S-1"
-21.0592745640916;2.63665170671576;-344.235255030207;45.5859482795405;"T11";16.4941505412571;1;1;2;"S-5";2;"S-1"
-20.9219936876834;2.86090947109392;-345.265867736335;45.7149824845083;"T11";16.5430892026052;1;1;2;"S-5";2;"S-1"
-21.3022516871872;2.85044189788892;-346.212932739289;45.8444857850607;"T11";16.5883556823246;1;1;2;"S-5";2;"S-1"
-21.3586015349466;3.36301665468755;-347.309773943383;45.9912534680921;"T11";16.6398451314308;1;1;2;"S-5";2;"S-1"
-21.4138765922729;3.06553242356372;-350.584010826207;46.5067981375459;"T11";16.7931434116326;1;1;2;"S-5";2;"S-1"
-21.7887539545083;3.01653445822215;-350.89406991644;46.551185065351;"T11";16.8076227651909;1;1;2;"S-5";2;"S-1"
-21.7326179057581;3.00387509867455;-351.297618214495;46.607054131989;"T11";16.826143709477;1;1;2;"S-5";2;"S-1"
-21.8499988076284;2.97599620874115;-351.779997455383;46.6737284275618;"T11";16.8483398039825;1;1;2;"S-5";2;"S-1"
-21.9904183238061;2.93562087765296;-355.627645696752;47.1977827618295;"T11";17.0244335546158;1;1;2;"S-5";2;"S-1"
-21.9551278523436;3.12976968409627;-356.600124439953;47.3276042531526;"T11";17.0686563942581;1;1;2;"S-5";2;"S-1"
-21.8317615423073;2.89990921887632;-358.887478449985;47.6536734651172;"T11";17.172839527484;1;1;2;"S-5";2;"S-1"
-22.1022540095605;2.88911206112097;-360.911978274395;47.9225874367654;"T11";17.2655713860877;1;1;2;"S-5";2;"S-1"
-22.1033576708434;2.62045166721515;-362.367785324791;48.1128843045033;"T11";17.3314382904209;1;1;2;"S-5";2;"S-1"
-21.9362676107031;2.64630245574863;-362.626155987371;48.1435152992869;"T11";17.3431274946779;1;1;2;"S-5";2;"S-1"
-22.0766866909809;2.67607214013035;-364.011331259182;48.3106172324183;"T11";17.4062729347497;1;1;2;"S-5";2;"S-1"
-22.444157861786;2.13482741540512;-366.781455840715;48.6464037261569;"T11";17.5317503046244;1;1;2;"S-5";2;"S-1"
-22.3788869332535;2.01176825871782;-367.144474176617;48.6809330455705;"T11";17.5479245954193;1;1;2;"S-5";2;"S-1"
-21.7527126867731;1.82718348972322;-371.757961135839;49.0956662114448;"T11";17.7540781442076;1;1;2;"S-5";2;"S-1"
-21.4351942842671;1.68596699350173;-375.653992048289;49.4229248601102;"T11";17.9331836639903;1;1;2;"S-5";2;"S-1"
-21.5407190814129;1.61526632377935;-376.703688242721;49.5054878223837;"T11";17.9821543511935;1;1;2;"S-5";2;"S-1"
-21.4209899215067;1.62893324184323;-376.904727875351;49.5205631105904;"T11";17.9914873559028;1;1;2;"S-5";2;"S-1"
-21.4110172135961;1.94927452846761;-378.380633099936;49.6327965363539;"T11";18.0603873101063;1;1;2;"S-5";2;"S-1"
-21.2669200951323;2.0402615640988;-378.787807695129;49.6698660066706;"T11";18.0794043699279;1;1;2;"S-5";2;"S-1"
-21.2817038903522;1.99982998636451;-379.12150455246;49.7018795219811;"T11";18.0950952577405;1;1;2;"S-5";2;"S-1"
-21.2587674106437;2.10246744471308;-379.353300987538;49.7236613052439;"T11";18.1059870752506;1;1;2;"S-5";2;"S-1"
-21.2623931111292;2.12354988547834;-379.413315019156;49.7295966233771;"T11";18.1088101002388;1;1;2;"S-5";2;"S-1"
-21.2705204711785;1.960135034053;-379.757831529717;49.7640046974224;"T11";18.1250131921843;1;1;2;"S-5";2;"S-1"
-21.1562621243839;2.20684733972917;-381.104510873113;49.8881047806433;"T11";18.1883251992986;1;1;2;"S-5";2;"S-1"
-21.1387214565504;2.14317754295263;-382.813140309652;50.0663349568644;"T11";18.2690875488333;1;1;2;"S-5";2;"S-1"
-21.2055968246399;2.27297706661846;-383.298101708846;50.1155034168438;"T11";18.2920293998905;1;1;2;"S-5";2;"S-1"
-21.4100206511405;2.15640278591515;-383.886837250436;50.1786085675926;"T11";18.3197926147841;1;1;2;"S-5";2;"S-1"
-21.5669459770197;2.16395492424957;-384.817215660542;50.2723156512147;"T11";18.363247893285;1;1;2;"S-5";2;"S-1"
-21.4032537174838;2.46882153560578;-386.378067848239;50.4289263174255;"T11";18.4356203186326;1;1;2;"S-5";2;"S-1"
-21.2090335556572;2.37347880373728;-386.781244930391;50.4754319691463;"T11";18.4544575051405;1;1;2;"S-5";2;"S-1"
-21.0096600506888;2.80088834949542;-391.446842423336;50.9975536739009;"T11";18.674439121969;1;1;2;"S-5";2;"S-1"
-21.1985133836246;3.00838991477088;-395.235754101049;51.5026698228423;"T11";18.8547805300914;1;1;2;"S-5";2;"S-1"
-21.0764575895102;3.01456620025465;-395.566419618627;51.5495962648169;"T11";18.8703790539876;1;1;2;"S-5";2;"S-1"
-21.5127149829167;2.88790528100243;-399.820817909722;52.1581029475121;"T11";19.0722345258109;1;1;2;"S-5";2;"S-1"
-21.3012667344778;2.97569785524727;-403.36684833114;52.6341284044913;"T11";19.2370686912909;1;1;2;"S-5";2;"S-1"
-21.0926946609683;3.12324667741622;-404.139502738246;52.7420649929924;"T11";19.2733413889073;1;1;2;"S-5";2;"S-1"
-21.1969500999815;3.17422335788975;-404.901245300703;52.8548580697179;"T11";19.3094554357231;1;1;2;"S-5";2;"S-1"
-21.1724373812641;3.07927782866412;-405.351955361638;52.9223514777934;"T11";19.3307184032165;1;1;2;"S-5";2;"S-1"
-21.3061676593347;3.15749779042261;-407.600033042728;53.2493074930995;"T11";19.4368978496641;1;1;2;"S-5";2;"S-1"
-21.5478780557625;3.16012739765369;-409.544786782609;53.5375130369013;"T11";19.5281744119711;1;1;2;"S-5";2;"S-1"
-21.3678744006242;3.26341150450192;-413.189224457055;54.0719919918246;"T11";19.6973065030761;1;1;2;"S-5";2;"S-1"
-21.8494517963965;3.23908275527105;-414.329344310524;54.2461169504687;"T11";19.7506632306613;1;1;2;"S-5";2;"S-1"
-21.7446644385918;3.06410793474731;-414.999643539143;54.3454857901322;"T11";19.7813413105905;1;1;2;"S-5";2;"S-1"
-21.7217219844938;3.14737567193143;-415.1761842196;54.3703626835568;"T11";19.7894601151347;1;1;2;"S-5";2;"S-1"
-21.9479932049333;2.58037556158471;-417.004131870696;54.6352237277564;"T11";19.8736130958423;1;1;2;"S-5";2;"S-1"
-21.5132053639515;2.70370333575597;-417.706816404299;54.7178367475929;"T11";19.9056289857253;1;1;2;"S-5";2;"S-1"
-21.6204191784511;2.58447257775416;-421.702182404824;55.2199601736672;"T11";20.0913458946161;1;1;2;"S-5";2;"S-1"
-21.8155233478171;2.49672977884974;-422.005286377941;55.2561927693566;"T11";20.1053652330302;1;1;2;"S-5";2;"S-1"
-21.9059541630142;2.55262831998763;-422.924961941518;55.3614472402145;"T11";20.1475221663713;1;1;2;"S-5";2;"S-1"
-22.0066905369787;2.46968322454999;-423.136609242576;55.3861097995583;"T11";20.1571837998927;1;1;2;"S-5";2;"S-1"
-21.8057149802227;2.55553358704668;-423.435527448331;55.4196556558527;"T11";20.1707668602467;1;1;2;"S-5";2;"S-1"
-21.8177743372314;2.40922874745167;-424.894597786705;55.5906522619699;"T11";20.2376791508868;1;1;2;"S-5";2;"S-1"
-21.8093039925724;2.18148982371733;-425.509130940068;55.6585121140547;"T11";20.2658457797952;1;1;2;"S-5";2;"S-1"
-21.7877969567449;2.18682468996974;-425.700686892386;55.6776726228355;"T11";20.2746290015057;1;1;2;"S-5";2;"S-1"
-21.5339945657596;2.16251420574814;-426.346133605601;55.7424556209203;"T11";20.304253231734;1;1;2;"S-5";2;"S-1"
-21.57909321427;2.12255687286152;-426.817687305646;55.7898105866702;"T11";20.3261513379402;1;1;2;"S-5";2;"S-1"
-21.628069777504;1.99047500562128;-428.46659831635;55.9520003211393;"T11";20.4025637707673;1;1;2;"S-5";2;"S-1"
-21.4867418840034;2.07062203271073;-429.133923013174;56.01341556269;"T11";20.4334183363244;1;1;2;"S-5";2;"S-1"
-20.4913598413315;2.27972104973545;-431.746617658678;56.2651942235467;"T11";20.5550140002742;1;1;2;"S-5";2;"S-1"
-20.5985173302778;2.26489068932298;-432.284405445939;56.3250246178398;"T11";20.5812586122192;1;1;2;"S-5";2;"S-1"
-21.09284264302;2.46857520063064;-437.345929409921;56.8815597468492;"T11";20.8269813447259;1;1;2;"S-5";2;"S-1"
-21.0704263846955;2.56254875103962;-445.834818391747;57.8750465506953;"T11";21.2294348748401;1;1;2;"S-5";2;"S-1"
-21.1991752688027;2.4124057481612;-447.280855971761;58.0509111358237;"T11";21.2980636511929;1;1;2;"S-5";2;"S-1"
-21.9734017091555;2.22528510677588;-450.824690349963;58.4541893915153;"T11";21.4652321534231;1;1;2;"S-5";2;"S-1"
-21.2593347953853;2.42379665197898;-456.764597807525;59.0557342854692;"T11";21.7355547705665;1;1;2;"S-5";2;"S-1"
-21.0779232318406;2.3924075844695;-458.531455271822;59.2571753581888;"T11";21.8186644953676;1;1;2;"S-5";2;"S-1"
-21.419083503667;1.8899074272755;-462.760255021787;59.7371568290263;"T11";22.0192914595827;1;1;2;"S-5";2;"S-1"
-21.4107688170353;1.92661272944848;-463.313760769532;59.7859952689868;"T11";22.0451331697404;1;1;2;"S-5";2;"S-1"
-21.3480766361978;2.17666105921936;-464.14767045304;59.8610332568884;"T11";22.0840813126415;1;1;2;"S-5";2;"S-1"
-21.2496274539966;2.17018001833355;-464.633056843141;59.9105235070881;"T11";22.1068180864677;1;1;2;"S-5";2;"S-1"
-21.2833703558762;2.26536598586166;-465.195580819128;59.9679729045029;"T11";22.1332902670838;1;1;2;"S-5";2;"S-1"
-21.251759521336;2.39533863882653;-466.028982501397;60.0566787716661;"T11";22.1724476781674;1;1;2;"S-5";2;"S-1"
-21.369904174821;2.55434252109307;-467.45426648064;60.2173260716392;"T11";22.2395143122412;1;1;2;"S-5";2;"S-1"
-21.5265685099271;2.50286167145307;-467.801482053461;60.258828714533;"T11";22.255762189161;1;1;2;"S-5";2;"S-1"
-21.520071044379;2.40179263854522;-468.19207772173;60.3042426840978;"T11";22.2739070071839;1;1;2;"S-5";2;"S-1"
-21.49681866503;2.47644125883401;-468.579486543823;60.3474802577607;"T11";22.2919092164375;1;1;2;"S-5";2;"S-1"
-21.4874269472719;2.65100627061899;-468.933512312971;60.3882641539766;"T11";22.3083779681474;1;1;2;"S-5";2;"S-1"
-21.6445960030882;2.75132655560676;-470.885093833939;60.6290400673704;"T11";22.3992023151368;1;1;2;"S-5";2;"S-1"
-21.1685258376702;2.98083088973822;-473.077979483005;60.9077860656243;"T11";22.5005156244151;1;1;2;"S-5";2;"S-1"
-21.0378191219045;2.98074177448525;-473.559235658999;60.9755538112992;"T11";22.5232501397841;1;1;2;"S-5";2;"S-1"
-21.1557903673925;3.04402565710828;-474.062797939863;61.0469009941003;"T11";22.5471861893311;1;1;2;"S-5";2;"S-1"
-21.0640922783117;3.02034033337295;-475.097072508343;61.1957188008697;"T11";22.5960746756755;1;1;2;"S-5";2;"S-1"
-21.0732945912345;2.95943975917585;-475.134830487778;61.2011328460936;"T11";22.5978672038764;1;1;2;"S-5";2;"S-1"
-21.4350748430743;2.91332346726463;-475.772331206229;61.2906606114137;"T11";22.6281187962741;1;1;2;"S-5";2;"S-1"
-21.377986296415;2.9671702486283;-477.183736826912;61.4824901779848;"T11";22.6939644082449;1;1;2;"S-5";2;"S-1"
-21.536396994916;3.05291692379457;-478.009433366243;61.5970932173885;"T11";22.7325880900025;1;1;2;"S-5";2;"S-1"
-21.8717306980348;2.82257488503763;-481.656793629473;62.1141289999949;"T11";22.9019460501149;1;1;2;"S-5";2;"S-1"
-21.8048580540953;2.70794665827045;-482.305090667797;62.1977925638748;"T11";22.9315869160928;1;1;2;"S-5";2;"S-1"
-21.4963417310191;2.65809941583249;-485.370925030565;62.5785387213077;"T11";23.0721901869401;1;1;2;"S-5";2;"S-1"
-21.3931999672847;2.83030928578153;-486.904102093062;62.7681215398722;"T11";23.1435128836893;1;1;2;"S-5";2;"S-1"
-20.8170744201561;2.9513243606439;-490.14642861571;63.1970796610798;"T11";23.2950716279447;1;1;2;"S-5";2;"S-1"
-21.1015039719477;3.3594207704837;-494.289288679299;63.7844303896996;"T11";23.4940842259675;1;1;2;"S-5";2;"S-1"
-21.2795819777643;3.20723151286981;-495.223171467022;63.9331072441287;"T11";23.5383409191854;1;1;2;"S-5";2;"S-1"
-21.2718298671243;3.05602306534571;-495.467467882807;63.9699272889964;"T11";23.5498212394305;1;1;2;"S-5";2;"S-1"
-21.3393312026945;3.01399053598724;-496.025104357825;64.0500402807032;"T11";23.57603602577;1;1;2;"S-5";2;"S-1"
-21.4616191850617;2.61728716008523;-499.2227181815;64.5016747630942;"T11";23.7258820445277;1;1;2;"S-5";2;"S-1"
-21.4820639131676;2.60056440494093;-499.982258912793;64.5943022664727;"T11";23.7612726981752;1;1;2;"S-5";2;"S-1"
-21.7053998676712;1.90787075513721;-502.93762971879;64.9520719925356;"T11";23.8988465745933;1;1;2;"S-5";2;"S-1"
-21.6061260600121;1.95608779804964;-503.285885783176;64.9826831567892;"T11";23.9148912485689;1;1;2;"S-5";2;"S-1"
-21.4956969693304;2.07527801015497;-504.106884077603;65.0570113700694;"T11";23.9528896519914;1;1;2;"S-5";2;"S-1"
-21.5290706388143;2.0648722752355;-504.237827651735;65.0696531709077;"T11";23.9589812699705;1;1;2;"S-5";2;"S-1"
-21.4246966665426;2.06476844914858;-504.966935356333;65.1395825380478;"T11";23.9928474649787;1;1;2;"S-5";2;"S-1"
-21.2271980876203;1.96240787334306;-505.700453467734;65.2102740898057;"T11";24.0270845009945;1;1;2;"S-5";2;"S-1"
-21.0919825148599;2.1498536608449;-506.833222977271;65.3149961447384;"T11";24.080448562745;1;1;2;"S-5";2;"S-1"
-21.0899360576752;2.09670280577503;-506.928528280212;65.324710378774;"T11";24.0849671186879;1;1;2;"S-5";2;"S-1"
-21.3799883525432;2.48228461269337;-514.075005245627;66.0351932490784;"T11";24.4238243321888;1;1;2;"S-5";2;"S-1"
-21.3935231090681;2.6549777556749;-516.545787604013;66.3220589352707;"T11";24.5393895194866;1;1;2;"S-5";2;"S-1"
-21.4573983193066;2.70131202736762;-516.689542713757;66.339899223506;"T11";24.5461090817116;1;1;2;"S-5";2;"S-1"
-21.694425612226;2.80248832476874;-518.116785061655;66.5195774334629;"T11";24.6126242447644;1;1;2;"S-5";2;"S-1"
-21.6319353125457;2.76167103219621;-518.428223161634;66.5598090420189;"T11";24.6269799186848;1;1;2;"S-5";2;"S-1"
-21.5503347893029;3.11455602756396;-520.083337945744;66.7711115671141;"T11";24.7034924803302;1;1;2;"S-5";2;"S-1"
-21.6246492708486;3.09980413725725;-520.391027639632;66.815580332917;"T11";24.717770202551;1;1;2;"S-5";2;"S-1"
-21.626750038597;2.75422451526647;-523.516208742651;67.2635621332912;"T11";24.8622895916924;1;1;2;"S-5";2;"S-1"
-21.4265379470818;2.70654292826474;-525.056681792937;67.459745500308;"T11";24.9335195752792;1;1;2;"S-5";2;"S-1"
-21.161884626025;2.61373944522736;-525.870558197147;67.5625521894586;"T11";24.9715040787123;1;1;2;"S-5";2;"S-1"
-21.0576442724321;2.6658843179482;-526.217673395143;67.6054249628941;"T11";24.9879069277085;1;1;2;"S-5";2;"S-1"
-21.3799123683314;2.14237229714245;-528.292417741517;67.8680862722596;"T11";25.0864338246174;1;1;2;"S-5";2;"S-1"
-21.2490099501892;2.12573676067937;-529.049683327919;67.9439680058204;"T11";25.1218533143401;1;1;2;"S-5";2;"S-1"
-21.1001035716477;2.30365761398089;-530.725509523931;68.1116165389861;"T11";25.2007193979807;1;1;2;"S-5";2;"S-1"
-20.9602791666425;2.35199577555893;-530.925550345686;68.1334565058174;"T11";25.2101999591105;1;1;2;"S-5";2;"S-1"
-21.0618154769499;2.27796645407202;-531.157458689903;68.1594794152252;"T11";25.2212641411461;1;1;2;"S-5";2;"S-1"
-21.0382069558269;2.28177515683514;-531.289376293209;68.1737471252125;"T11";25.227527495008;1;1;2;"S-5";2;"S-1"
-20.9823730889209;2.48794485244035;-533.36631916641;68.3990095090357;"T11";25.3262499230914;1;1;2;"S-5";2;"S-1"
-20.819852095114;2.52114608352549;-534.328279873354;68.5130721643393;"T11";25.3720960579813;1;1;2;"S-5";2;"S-1"
-20.8293727006689;2.54589806491017;-534.367103982113;68.5177735065628;"T11";25.3739608218893;1;1;2;"S-5";2;"S-1"
-21.4319041743171;1.84779988793735;-537.256992670506;68.8709940343875;"T11";25.5127018550411;1;1;2;"S-5";2;"S-1"
-21.280350596844;1.97211479946684;-539.383705198381;69.0543533448211;"T11";25.6119330064394;1;1;2;"S-5";2;"S-1"
-21.2266694956839;2.09673787391988;-539.951444501919;69.1069674724715;"T11";25.6386120454408;1;1;2;"S-5";2;"S-1"
-20.9576770710237;2.2544890106428;-541.339777113499;69.2441048396355;"T11";25.7040171534754;1;1;2;"S-5";2;"S-1"
-20.9768089368267;2.38475297887496;-542.024470368895;69.3177596351894;"T11";25.7366874371655;1;1;2;"S-5";2;"S-1"
-20.9971670167012;2.54386125813842;-542.49352808675;69.3710845614585;"T11";25.7590482127853;1;1;2;"S-5";2;"S-1"
-21.0377669009111;2.52430927863094;-542.55942449397;69.3790680821518;"T11";25.7621865603141;1;1;2;"S-5";2;"S-1"
-21.061229426547;2.46757579064663;-542.732507365279;69.3998361940942;"T11";25.7704138057306;1;1;2;"S-5";2;"S-1"
-21.0003142882167;2.44700667000629;-545.922046933192;69.7735290332773;"T11";25.9218550869264;1;1;2;"S-5";2;"S-1"
-21.4873650073243;2.20380341074039;-547.033390805211;69.9030254698628;"T11";25.9747754316777;1;1;2;"S-5";2;"S-1"
-21.3771222789792;2.23842983865079;-547.467361838468;69.9475347357932;"T11";25.9949719998986;1;1;2;"S-5";2;"S-1"
-21.4864197543551;2.24045045241664;-547.761653141524;69.9783504099247;"T11";26.0087386472151;1;1;2;"S-5";2;"S-1"
-21.3317970943078;2.48514295648109;-550.105125501526;70.222710976702;"T11";26.1178062530234;1;1;2;"S-5";2;"S-1"
-21.6661885911821;2.38028893013083;-553.539271741636;70.6227871776149;"T11";26.2787934509106;1;1;2;"S-5";2;"S-1"
-21.5806687601165;2.10029477797732;-555.836220756636;70.8751343908993;"T11";26.3848088216037;1;1;2;"S-5";2;"S-1"
-21.2739350023336;2.02161206599139;-557.360598603667;71.0234913703503;"T11";26.4554450870492;1;1;2;"S-5";2;"S-1"
-21.0884207793588;2.35695511814481;-559.464148375353;71.2233867634399;"T11";26.5543242916465;1;1;2;"S-5";2;"S-1"
-21.0588292424276;2.56640566114344;-559.880203008382;71.2698872627901;"T11";26.5740533475764;1;1;2;"S-5";2;"S-1"
-20.9338296515527;2.43783027057711;-560.682589491911;71.3676728134514;"T11";26.6121554886922;1;1;2;"S-5";2;"S-1"
-21.1133875996724;2.26623323938666;-562.32523404058;71.558965504335;"T11";26.690623909235;1;1;2;"S-5";2;"S-1"
-21.1094695845186;2.14487447861154;-563.95414011866;71.7338062815696;"T11";26.7677742987871;1;1;2;"S-5";2;"S-1"
-20.9522400151204;2.17679780577222;-564.218780913186;71.7606956964792;"T11";26.7803108901717;1;1;2;"S-5";2;"S-1"
-21.0513222620384;2.10880320518314;-564.469929448169;71.7867883519413;"T11";26.7922976054251;1;1;2;"S-5";2;"S-1"
-21.2040167020304;2.15607357441357;-564.896871404513;71.829556998716;"T11";26.8125786096789;1;1;2;"S-5";2;"S-1"
-21.1373079929213;2.23009921535993;-565.187464422033;71.8591051704039;"T11";26.8262832309119;1;1;2;"S-5";2;"S-1"
-21.0871937618905;2.31518690153278;-565.389897150065;71.8804629075433;"T11";26.8358602654189;1;1;2;"S-5";2;"S-1"
-21.094692527178;2.39945808884786;-565.807687473257;71.9263325806142;"T11";26.855672779493;1;1;2;"S-5";2;"S-1"
-20.6403982122382;2.31958424775215;-567.302882315177;72.0964065152414;"T11";26.9265529233962;1;1;2;"S-5";2;"S-1"
-20.5629861052878;2.38399293214249;-567.340575717757;72.1006425295843;"T11";26.9283791189082;1;1;2;"S-5";2;"S-1"
-20.529330577355;2.38357472494433;-567.46303342166;72.114839801279;"T11";26.9343343679793;1;1;2;"S-5";2;"S-1"
-20.3200150573932;2.51119012978441;-568.45876324672;72.23044982738;"T11";26.9828371587209;1;1;2;"S-5";2;"S-1"
-20.3387432469662;2.55435363496877;-568.8159774016;72.2745951027364;"T11";27.0004165824503;1;1;2;"S-5";2;"S-1"
-15.0518251985025;-2.66817214987878;-571.52109536459;72.6143323135306;"T11";27.1334197837859;2;1;1;"S-6-NA";8;"S-2"
-10.9763428070003;-5.10498081514627;-573.119244623807;72.3310352855254;"T11";27.2395962267183;2;1;1;"S-6-NA";8;"S-2"
-9.88496731850675;-5.76405793903258;-573.511926852793;72.1484029387893;"T11";27.2753715515137;2;1;1;"S-6-NA";8;"S-2"
-9.0463559555756;-6.08762211438714;-573.694214978362;72.0421082709847;"T11";27.2938124951907;2;1;1;"S-6-NA";8;"S-2"
-7.79542643789595;-6.67231823211352;-574.093012768671;71.7737427258551;"T11";27.3378963000141;2;1;1;"S-6-NA";8;"S-2"
-6.35791566412093;-6.91906814827487;-574.506868031032;71.4195127123331;"T11";27.3909857962281;2;1;1;"S-6-NA";8;"S-2"
-2.63324344788628;-7.36743061724271;-575.418079525909;70.427877282797;"T11";27.5343050132506;2;1;6;"S-7-NA";8;"S-2"
-1.68930999282114;-7.22476015612391;-575.561765893822;70.0258638088456;"T11";27.5888713193126;2;1;6;"S-7-NA";8;"S-2"
-1.43293653015369;-7.30633335593498;-575.58147999656;69.9415514774324;"T11";27.6005412335508;2;1;6;"S-7-NA";8;"S-2"
-1.22592507424774;-7.37122183002574;-575.610719214032;69.7924649928484;"T11";27.6209463365376;2;1;6;"S-7-NA";8;"S-2"
-0.909548057682255;-7.4183319627182;-575.63000137833;69.6765255171063;"T11";27.6366750011221;2;1;6;"S-7-NA";8;"S-2"
0.0209664682385904;-7.18278902799461;-575.682916311888;69.2449479444818;"T11";27.6948521728627;2;1;6;"S-7-NA";8;"S-2"
0.411763272251049;-7.03100059941274;-575.682538723423;69.1155919530296;"T11";27.7128613321111;2;1;6;"S-7-NA";8;"S-2"
0.841421474473316;-6.73794699546102;-575.668156748626;68.8700147482736;"T11";27.7477891067974;2;1;6;"S-7-NA";8;"S-2"
1.47302523829711;-6.29382712983519;-575.632438213421;68.5839873478945;"T11";27.7902393369004;2;1;6;"S-7-NA";8;"S-2"
3.90614577423961;-4.06729482058178;-575.288296993591;67.1135676364436;"T11";28.0238682054915;2;1;6;"S-7-NA";8;"S-2"
4.30015176998382;-3.23197101728172;-574.892299787792;66.7012334642958;"T11";28.1252461951226;2;1;6;"S-7-NA";8;"S-2"
4.76807285292869;-1.73058861000501;-574.02585771271;66.0500202456447;"T11";28.3267372404225;2;1;6;"S-7-NA";8;"S-2"
4.49418327904036;-1.68858826460641;-573.926882202004;66.0140967401151;"T11";28.3474952098913;2;1;6;"S-7-NA";8;"S-2"
4.34929960893576;-1.64074755953205;-573.844227839389;65.9830412227798;"T11";28.3658866188489;2;1;6;"S-7-NA";8;"S-2"
4.34230653146398;-1.28414145289344;-573.529631945111;65.8643617819073;"T11";28.4382191603072;2;1;8;"S-8";8;"S-2"
4.49047683220926;-1.20800964637671;-573.497927457093;65.8549858783382;"T11";28.4455204615369;2;1;8;"S-8";8;"S-2"
4.07794033842527;-1.22034646518372;-573.325117223701;65.8084971786454;"T11";28.4840041771531;2;1;8;"S-8";8;"S-2"
3.8701944364591;-1.15854574742126;-573.240546933255;65.783189046;"T11";28.5047426586971;2;1;8;"S-8";8;"S-2"
4.01692927495148;-1.13813381723515;-573.191447038056;65.7684909537681;"T11";28.5174293327145;2;1;8;"S-8";8;"S-2"
4.31484245358991;-1.05295113386667;-572.824342828158;65.6644777419001;"T11";28.6088185966946;2;1;8;"S-8";8;"S-2"
3.88238635099224;-0.870377762488952;-572.345937483012;65.5477324711198;"T11";28.7196929450147;2;1;8;"S-8";8;"S-2"
3.38729100500306;-1.02018229428542;-571.560598776296;65.3716703061133;"T11";28.921975416597;2;1;8;"S-8";8;"S-2"
2.95717308075613;-1.22092292278151;-570.451723042738;65.0376997708779;"T11";29.2493390035816;2;1;8;"S-8";8;"S-2"
2.27249465060587;-1.09924170950556;-570.046976122179;64.8705926115265;"T11";29.3862085440196;2;1;8;"S-8";8;"S-2"
2.28143166602706;-1.01070856554775;-569.945005018678;64.8212675712663;"T11";29.4310804223642;2;1;8;"S-8";8;"S-2"
2.12387791351692;-1.11528113431938;-569.884612592623;64.7945128175659;"T11";29.4575517065823;2;1;8;"S-8";8;"S-2"
2.56570857015516;-1.11933420970236;-569.371899887256;64.525279447803;"T11";29.6989557449706;2;1;8;"S-8";8;"S-2"
2.21005258470053;-1.38744378646861;-569.164420865139;64.4347631787485;"T11";29.7798219136894;2;1;8;"S-8";8;"S-2"
2.13850949004303;-1.34673953335191;-569.112792768882;64.4023516959386;"T11";29.803182487376;2;1;8;"S-8";8;"S-2"
1.95387122998369;-1.46308773175272;-569.075047091902;64.3785811231917;"T11";29.8208329477347;2;1;8;"S-8";8;"S-2"
2.1575066464317;-1.46716783321756;-568.978710089098;64.3064425478581;"T11";29.870138654951;2;1;8;"S-8";8;"S-2"
2.51268704465806;-1.67972167285571;-568.260627963299;63.8181256296586;"T11";30.2029682788998;2;1;8;"S-8";8;"S-2"
2.66433842329469;-1.69857259610252;-568.228569693676;63.7966947991081;"T11";30.2157268393785;2;1;8;"S-8";8;"S-2"
2.75176150608187;-1.48930067277846;-567.901279528444;63.5880403351047;"T11";30.3385679027997;2;1;8;"S-8";8;"S-2"
2.85640434758112;-1.43266628516794;-567.673011613247;63.4644978119153;"T11";30.4215212818235;2;1;8;"S-8";8;"S-2"
2.63788197848165;-1.31873512599854;-567.32938834212;63.2921491471476;"T11";30.5418205214664;2;1;8;"S-8";8;"S-2"
2.64677911872335;-1.21096789452477;-567.265098369547;63.260009178122;"T11";30.5661923368461;2;1;8;"S-8";8;"S-2"
1.84843499212741;-2.31587390819551;-566.507454018956;62.9133678669735;"T11";30.8524437830783;2;1;8;"S-8";8;"S-2"
1.78921629180001;-2.24786367254508;-566.398387519076;62.7767202367325;"T11";30.9114485629834;2;1;8;"S-8";8;"S-2"
1.89683611921968;-1.99384224410397;-566.309732697282;62.6653396539493;"T11";30.9609980904497;2;1;8;"S-8";8;"S-2"
2.56015647380776;-1.61027299686154;-566.092889687344;62.4374070723346;"T11";31.0753163532354;2;1;8;"S-8";8;"S-2"
2.36795782240794;-1.64654453162053;-566.046973959599;62.408527252966;"T11";31.0932510881685;2;1;8;"S-8";8;"S-2"
2.45756420920982;-1.64966324444296;-566.015071590992;62.3863441422369;"T11";31.1067236121744;2;1;8;"S-8";8;"S-2"
2.72500065614562;-1.77013734186187;-565.939351544298;62.3355163439517;"T11";31.1375346267596;2;1;8;"S-8";8;"S-2"
2.66239754851138;-1.81916108551725;-565.806171849131;62.2490039421803;"T11";31.1864078976214;2;1;8;"S-8";8;"S-2"
2.40615967399544;-1.79921339826764;-565.773747908287;62.2268493351588;"T11";31.1985863721929;2;1;8;"S-8";8;"S-2"
2.49876154745619;-1.66594675817479;-565.607869918859;62.1028135513815;"T11";31.2675252673216;2;1;8;"S-8";8;"S-2"
2.58809441323478;-1.57617095692868;-565.32947088468;61.9172024157607;"T11";31.3789400737733;2;1;8;"S-8";8;"S-2"
2.91128257364038;-0.994366893741576;-564.907693097295;61.6603362460586;"T11";31.5419085440226;2;1;8;"S-8";8;"S-2"
3.01102121840258;-1.06431158228394;-564.833161764078;61.6348795999165;"T11";31.567509402521;2;1;8;"S-8";8;"S-2"
2.8724500201087;-1.07410325830173;-564.509541504497;61.5204889113259;"T11";31.674987974111;2;1;8;"S-8";8;"S-2"
3.09988805096472;-1.03909150825854;-564.15269656177;61.3870528852826;"T11";31.7992181400768;2;1;8;"S-8";8;"S-2"
3.00156589127711;-0.977519551142232;-564.085621113645;61.3645689996024;"T11";31.8208561628126;2;1;8;"S-8";8;"S-2"
2.65601230150033;-1.15457174143234;-563.707933158449;61.2415674151599;"T11";31.9466864690185;2;1;8;"S-8";8;"S-2"
2.79921787135691;-1.12323311825765;-563.590967020707;61.1907220944267;"T11";31.9907247205265;2;1;8;"S-8";8;"S-2"
2.46827590358834;-1.23153817490927;-563.412362330244;61.1190539668912;"T11";32.0545299327932;2;1;8;"S-8";8;"S-2"
2.51129878428733;-1.2285470567513;-563.386100824035;61.1059508744128;"T11";32.0651695481502;2;1;8;"S-8";8;"S-2"
2.50168426223637;-1.17575436913792;-563.37310947538;61.0995954047837;"T11";32.0703427074477;2;1;8;"S-8";8;"S-2"
2.43011596048653;-1.19104179728481;-563.306021073431;61.0680648543856;"T11";32.0971600012854;2;1;8;"S-8";8;"S-2"
1.96498660735277;-1.24385539938678;-563.071617686738;60.9531797067153;"T11";32.1936176973395;2;1;8;"S-8";8;"S-2"
1.98011768715657;-1.2849449756292;-563.011900671397;60.9153782623239;"T11";32.2240082430653;2;1;8;"S-8";8;"S-2"
2.11211230354475;-1.3357865831672;-562.987946689534;60.8998339596597;"T11";32.2361054946668;2;1;8;"S-8";8;"S-2"
2.02762639687982;-1.30847905567425;-562.980229749399;60.8949534497177;"T11";32.2397591546178;2;1;8;"S-8";8;"S-2"
2.13987961077739;-1.39391815592474;-562.85797937553;60.8160621638272;"T11";32.3000515112653;2;1;8;"S-8";8;"S-2"
2.0440126118664;-1.32565278726736;-562.830148397586;60.7979330572836;"T11";32.3130573728122;2;1;8;"S-8";8;"S-2"
2.11301941022335;-1.2374682008879;-562.806070840263;60.7823174584412;"T11";32.3248369270004;2;1;8;"S-8";8;"S-2"
1.93037947211964;-1.20601725044818;-562.733542286564;60.7398418529522;"T11";32.3591615306213;2;1;8;"S-8";8;"S-2"
1.81095686435407;-1.19941341466827;-562.661282756195;60.6946972368845;"T11";32.3965943418443;2;1;8;"S-8";8;"S-2"
2.00798961814691;-1.37337047145879;-562.612877471272;60.6626379707472;"T11";32.4233234627172;2;1;8;"S-8";8;"S-2"
1.80009947406118;-1.469611910549;-562.573649494134;60.6358078791123;"T11";32.4428594089113;2;1;8;"S-8";8;"S-2"
1.89029872753368;-1.57414200277004;-562.517308990179;60.5898111567916;"T11";32.4741579592228;2;1;8;"S-8";8;"S-2"
2.06455502574431;-1.47595190240143;-562.182667320458;60.3111390609416;"T11";32.6511890627444;2;1;8;"S-8";8;"S-2"
2.22275803370879;-1.53822172141716;-562.060805707692;60.2240201045808;"T11";32.7102146693505;2;1;8;"S-8";8;"S-2"
2.50744976643139;-1.61616598861735;-561.823941089409;60.0601019923289;"T11";32.8167780535296;2;1;8;"S-8";8;"S-2"
2.50435409202693;-1.53037506337972;-561.739651312292;60.0057733781379;"T11";32.8503937926143;2;1;8;"S-8";8;"S-2"
2.67317935107553;-1.13427189728461;-561.556129330989;59.8936257131319;"T11";32.9236749559641;2;1;8;"S-8";8;"S-2"
2.77961705009976;-1.1245071746808;-561.401904379896;59.8281856491068;"T11";32.981368410401;2;1;8;"S-8";8;"S-2"
2.76740392704838;-1.14408021721795;-561.383205892764;59.8206210880337;"T11";32.9880954115652;2;1;8;"S-8";8;"S-2"
2.81576734237118;-1.13211313723533;-561.368394949892;59.8144980546114;"T11";32.9934473382309;2;1;8;"S-8";8;"S-2"
3.03340492496393;-1.16338053430246;-561.276150233838;59.7774099567016;"T11";33.0262074014172;2;1;8;"S-8";8;"S-2"
2.0105261788547;-1.24352352369;-560.132739833324;59.3388857782345;"T11";33.4031469887123;2;1;8;"S-8";8;"S-2"
2.54890425423335;-1.16301569594734;-559.972144192398;59.2395563293605;"T11";33.4830244071782;2;1;8;"S-8";8;"S-2"
2.39849271724341;-1.1926893312665;-559.959439158068;59.2337592680076;"T11";33.4880089154467;2;1;8;"S-8";8;"S-2"
1.86144697607953;-1.3342087234496;-559.734525589905;59.1219173552614;"T11";33.5817817947827;2;1;8;"S-8";8;"S-2"
1.68529893525402;-1.39274925606243;-559.501003598363;58.9545383849033;"T11";33.7072336580604;2;1;8;"S-8";8;"S-2"
1.66146727717048;-1.43324140445466;-559.437682452491;58.9022091055319;"T11";33.744806307368;2;1;8;"S-8";8;"S-2"
1.99272615461037;-1.13777175951117;-559.37438438049;58.8476059130044;"T11";33.7829040014185;2;1;8;"S-8";8;"S-2"
2.58874297382592;-1.34956803589359;-558.950403840641;58.605528955412;"T11";33.9956680778414;2;1;8;"S-8";8;"S-2"
2.6240302738102;-1.2929214297873;-558.928441428972;58.59407947237;"T11";34.0041518909857;2;1;8;"S-8";8;"S-2"
2.9029666014539;-0.895867259088261;-558.838271119818;58.5496504403578;"T11";34.038515179418;2;1;8;"S-8";8;"S-2"
2.79485715645735;-1.01660727598291;-558.764974169667;58.5270307044649;"T11";34.0637641609646;2;1;8;"S-8";8;"S-2"
2.15332652110753;-1.26547131280461;-558.336035716337;58.3710077207511;"T11";34.2172383563593;2;1;8;"S-8";8;"S-2"
2.09879813372027;-1.05789317365599;-558.198169051565;58.2899859585839;"T11";34.2812633258291;2;1;8;"S-8";8;"S-2"
1.96870416621956;-1.40519224435394;-558.14065470351;58.2609960165706;"T11";34.3086667940952;2;1;8;"S-8";8;"S-2"
2.02862474374581;-1.59450772664507;-558.105832943315;58.2361414608679;"T11";34.3263544491492;2;1;8;"S-8";8;"S-2"
2.12502449183703;-1.40456990784233;-557.993784131542;58.1480706154912;"T11";34.3815883272327;2;1;8;"S-8";8;"S-2"
2.3494241820434;-1.22246488728803;-557.963199675382;58.1278553158864;"T11";34.3959808466025;2;1;8;"S-8";8;"S-2"
2.35131517116073;-1.03772479260967;-557.617705657905;57.948086030986;"T11";34.5430356101133;2;1;8;"S-8";8;"S-2"
2.35160715237574;-1.02984840348658;-557.546228937252;57.9165406362957;"T11";34.5734342234209;2;1;8;"S-8";8;"S-2"
2.39911759731558;-1.03851962541633;-557.541366192751;57.9144110758135;"T11";34.5755020622164;2;1;8;"S-8";8;"S-2"
2.73252191017122;-1.02342875823177;-557.433182062512;57.867580798491;"T11";34.6205953625031;2;1;8;"S-8";8;"S-2"
2.85295480820176;-0.944283876703412;-557.33734326415;57.8316856856164;"T11";34.655668749474;2;1;8;"S-8";8;"S-2"
2.87053559700627;-0.888418820300024;-557.133210269115;57.7641208243151;"T11";34.7272201790474;2;1;8;"S-8";8;"S-2"
2.93171104776926;-0.805844754529381;-557.118973674254;57.7597146574575;"T11";34.7321797395125;2;1;8;"S-8";8;"S-2"
2.61123597257776;-0.795964804299319;-556.881557332482;57.6944555952445;"T11";34.8131619160995;2;1;8;"S-8";8;"S-2"
2.77888842271601;-0.400152351516433;-556.508112056924;57.5806208829481;"T11";34.9561766721308;2;1;8;"S-8";8;"S-2"
2.71826799581191;-0.182709369654184;-556.218127730603;57.5388639310923;"T11";35.0605293060653;2;1;8;"S-8";8;"S-2"
2.73784470101527;-0.200535208513983;-556.211918323803;57.5384465635612;"T11";35.0628136307932;2;1;8;"S-8";8;"S-2"
2.50195772446594;-0.487039721503827;-556.011743029281;57.5237845944541;"T11";35.1359278196469;2;1;8;"S-8";8;"S-2"
2.58611284823929;-0.587482907673535;-555.965261572709;57.5147363537733;"T11";35.1545058540069;2;1;8;"S-8";8;"S-2"
2.40345685707968;-0.775389689184907;-555.90340763478;57.5006850986899;"T11";35.1784235797822;2;1;8;"S-8";8;"S-2"
2.59801073579383;-0.598729618998972;-555.811412090918;57.4710060154345;"T11";35.2166999247856;2;1;8;"S-8";8;"S-2"
2.07302315013294;-0.626310182542947;-555.541724425185;57.4088546197038;"T11";35.3205053717829;2;1;8;"S-8";8;"S-2"
1.91482697508716;-0.727191785157738;-555.472255345946;57.387866339039;"T11";35.3540163720027;2;1;8;"S-8";8;"S-2"
1.52858070196091;-1.01607559957698;-555.288995356854;57.3182698896734;"T11";35.4497221414931;2;1;8;"S-8";8;"S-2"
1.71195152808458;-1.10246566808767;-555.258175838919;57.2977835914202;"T11";35.4698843206279;2;1;8;"S-8";8;"S-2"
1.663428094843;-1.13289559040211;-555.254654832034;57.2955161269831;"T11";35.4719410417601;2;1;8;"S-8";8;"S-2"
1.54840188244672;-1.07387291254;-555.204153099732;57.2611213791671;"T11";35.5023010750301;2;1;8;"S-8";8;"S-2"
1.71106607253821;-1.18687280798361;-555.069237364921;57.1675524196281;"T11";35.5894333217293;2;1;8;"S-8";8;"S-2"
1.71374311721569;-1.32016371092988;-554.964197784462;57.094692216384;"T11";35.6508217053488;2;1;8;"S-8";8;"S-2"
1.66910235635189;-1.79312275605008;-554.677468242715;56.8738131756086;"T11";35.8181335614063;2;1;8;"S-8";8;"S-2"
1.8400715089942;-1.73468084216213;-554.513077566234;56.6972076716029;"T11";35.916624031961;2;1;8;"S-8";8;"S-2"
1.63697716065821;-1.76539300901279;-554.495069148363;56.6802306914552;"T11";35.9264108352363;2;1;8;"S-8";8;"S-2"
1.65056524648525;-1.68645599694376;-554.471125821561;56.6544090839436;"T11";35.9410373843275;2;1;8;"S-8";8;"S-2"
2.12098298828203;-1.77600248455879;-554.079360139625;56.2541246449588;"T11";36.1783898202702;2;1;8;"S-8";8;"S-2"
2.35919606203137;-1.33141938034368;-553.75011401124;55.9784308061705;"T11";36.333622620441;2;1;8;"S-8";8;"S-2"
2.29044283284918;-1.5184592230877;-553.683075310541;55.9405973141685;"T11";36.362038529478;2;1;8;"S-8";8;"S-2"
2.29406077201519;-1.54844249828639;-553.678306353605;55.9374357130404;"T11";36.364120640792;2;1;8;"S-8";8;"S-2"
2.38044717153509;-1.54396718861283;-553.636392235545;55.9091445698964;"T11";36.3823913503438;2;1;8;"S-8";8;"S-2"
2.37898920557508;-1.57080222060472;-553.54052216872;55.8469628759203;"T11";36.4226653240621;2;1;8;"S-8";8;"S-2"
1.87691878785955;-1.82879817283088;-553.431834629799;55.775198520248;"T11";36.4683517604135;2;1;8;"S-8";8;"S-2"
2.14796087839822;-1.87868522177302;-553.173456000205;55.5234442255195;"T11";36.6060128202662;2;1;8;"S-8";8;"S-2"
2.3095755382409;-1.65446287798378;-552.40643348441;54.8525782522687;"T11";36.9631061563268;2;1;8;"S-8";8;"S-2"
2.42035197213925;-1.39342751962472;-552.215185783978;54.7155780911454;"T11";37.0459125842899;2;1;8;"S-8";8;"S-2"
2.50150770353777;-1.79325385344606;-551.959433302119;54.5683381233486;"T11";37.1515800594352;2;1;8;"S-8";8;"S-2"
2.64755834748209;-1.5103945848491;-551.608928022784;54.3170716803425;"T11";37.291697668843;2;1;8;"S-8";8;"S-2"
2.41929643434877;-1.72502363208518;-551.511949965187;54.2617470703363;"T11";37.3283269116655;2;1;8;"S-8";8;"S-2"
2.55918187220975;-1.78477597675264;-551.428034973242;54.2019134169917;"T11";37.3630126123317;2;1;8;"S-8";8;"S-2"
2.67585751823481;-1.77429048585505;-551.259577554795;54.0844310462324;"T11";37.4288373277523;2;1;8;"S-8";8;"S-2"
2.70282858980854;-1.45950067505384;-551.012543311261;53.9206291602966;"T11";37.5211569829844;2;1;8;"S-8";8;"S-2"
2.63509379803808;-1.51138243855181;-550.951446868888;53.8876376863929;"T11";37.5437616137788;2;1;8;"S-8";8;"S-2"
2.14908331302773;-1.42889364132519;-550.697200469312;53.7418123105866;"T11";37.6402463763952;2;1;8;"S-8";8;"S-2"
1.92227686816039;-1.12156447789715;-550.561272041311;53.6514355135271;"T11";37.7034958684817;2;1;8;"S-8";8;"S-2"
2.04871539816734;-1.13019740445008;-550.527390903859;53.6316673516837;"T11";37.7211213926785;2;1;8;"S-8";8;"S-2"
2.05261341506717;-1.18389866592359;-550.495440478865;53.6140415323867;"T11";37.7367167384364;2;1;8;"S-8";8;"S-2"
2.11582232645188;-1.35627077112413;-550.393530314264;53.5552621699266;"T11";37.7863657195121;2;1;8;"S-8";8;"S-2"
2.10504023719927;-1.66093493078314;-550.066811557864;53.3458310215052;"T11";37.9407826345414;2;1;8;"S-8";8;"S-2"
2.2640285401246;-1.61650049090079;-550.033181948443;53.3192963301447;"T11";37.9567583906464;2;1;8;"S-8";8;"S-2"
2.19395830023522;-1.47729822632116;-549.979448182352;53.2809307982072;"T11";37.9804920870811;2;1;8;"S-8";8;"S-2"
2.21845414418007;-1.55938617012945;-549.937228875121;53.2525024968662;"T11";37.9997355281375;2;1;8;"S-8";8;"S-2"
2.25575974787793;-1.51042512196484;-549.92407411666;53.2432558110742;"T11";38.0056652240455;2;1;8;"S-8";8;"S-2"
2.26267998614366;-1.48245693670685;-549.9190185503;53.2398706746722;"T11";38.0079064052552;2;1;8;"S-8";8;"S-2"
2.24242496997616;-1.46726525603734;-549.766750617777;53.1401081566897;"T11";38.0752017954364;2;1;8;"S-8";8;"S-2"
2.2972153946052;-1.42790721848355;-549.650649055428;53.0641404918238;"T11";38.1269767996855;2;1;8;"S-8";8;"S-2"
2.16656690466233;-1.21176943881162;-549.273972420825;52.8300051613504;"T11";38.2909477688372;2;1;8;"S-8";8;"S-2"
2.08064355135627;-1.26280998683793;-549.203333554275;52.7904965639037;"T11";38.3235518238507;2;1;8;"S-8";8;"S-2"
2.25604516325121;-1.13874887017396;-548.951213685101;52.6374768462949;"T11";38.4447258082218;2;1;8;"S-8";8;"S-2"
2.20089300995934;-1.07796827145405;-548.819092292251;52.570787983286;"T11";38.5032890830189;2;1;8;"S-8";8;"S-2"
2.02908895624526;-1.14750832870422;-548.75921430009;52.5414605351023;"T11";38.5304953088053;2;1;8;"S-8";8;"S-2"
1.97398799662608;-1.22668828137348;-548.753561626231;52.5382637849977;"T11";38.5332811274566;2;1;8;"S-8";8;"S-2"
2.01122391970545;-1.41930716458415;-548.467364508592;52.3604133365802;"T11";38.6782653513364;2;1;8;"S-8";8;"S-2"
1.93689075949284;-1.44353746662965;-548.460639289847;52.3556673950396;"T11";38.6816091951914;2;1;8;"S-8";8;"S-2"
1.93127048786172;-1.43269716603511;-548.372000405742;52.2896060802348;"T11";38.7273726868443;2;1;8;"S-8";8;"S-2"
2.13458777110683;-1.36619858088618;-548.189578918014;52.1542781962672;"T11";38.8218294130638;2;1;8;"S-8";8;"S-2"
2.32837997765507;-1.37277595150395;-548.04039012567;52.0587930074435;"T11";38.891720562242;2;1;8;"S-8";8;"S-2"
2.30102065686308;-1.46389328674079;-547.982086206801;52.0244179404572;"T11";38.9167611137964;2;1;8;"S-8";8;"S-2"
2.54411071365226;-1.37991883083559;-547.909181736487;51.9780366251276;"T11";38.9484446495771;2;1;8;"S-8";8;"S-2"
2.51927727770801;-1.46433523103432;-547.702068489572;51.8656989552299;"T11";39.0298535465263;2;1;8;"S-8";8;"S-2"
2.33872504511843;-1.48861746638742;-547.602265049876;51.8076879954125;"T11";39.0694694477133;2;1;8;"S-8";8;"S-2"
2.45168873466672;-1.21958880054965;-547.371310109158;51.6606833018006;"T11";39.1682219458744;2;1;8;"S-8";8;"S-2"
2.86048918265718;-1.30019288032644;-547.005416011966;51.478669844377;"T11";39.3174636061303;2;1;8;"S-8";8;"S-2"
2.71518881208304;-1.24554873860497;-546.836667144105;51.401967552375;"T11";39.3764566164464;2;1;8;"S-8";8;"S-2"
2.5452278119465;-1.42680127705592;-546.680460763017;51.3303104138146;"T11";39.4339871942066;2;1;8;"S-8";8;"S-2"
2.49445905913974;-1.33038901674627;-546.579477354709;51.2737012351548;"T11";39.4736627815291;2;1;8;"S-8";8;"S-2"
2.35783758547209;-1.27395367228552;-546.500184779718;51.2314115168729;"T11";39.5054502645507;2;1;8;"S-8";8;"S-2"
2.73347700762051;-1.34474495170476;-546.320297749745;51.1342174845768;"T11";39.5817434880883;2;1;8;"S-8";8;"S-2"
2.70393459726687;-1.38068700135046;-546.309474307602;51.1288928489053;"T11";39.5857030758634;2;1;8;"S-8";8;"S-2"
2.31719567514538;-1.51026495851133;-546.21478034899;51.0805400825722;"T11";39.6207238780335;2;1;8;"S-8";8;"S-2"
2.23285215262975;-1.89205186870257;-545.831016535271;50.83041660512;"T11";39.7863395046443;2;1;8;"S-8";8;"S-2"
2.79330405660712;-1.70432948329631;-545.743336858356;50.7561194796436;"T11";39.8256075219251;2;1;8;"S-8";8;"S-2"
2.51109948300188;-1.57552171797842;-545.423399976471;50.56091056234;"T11";39.9401445989497;2;1;8;"S-8";8;"S-2"
2.19579418878912;-1.40653815495824;-545.242732768921;50.4475557903972;"T11";40.0120920501649;2;1;8;"S-8";8;"S-2"
2.52051545955042;-1.38998214056901;-544.974705161999;50.2758679985069;"T11";40.1341561344452;2;1;8;"S-8";8;"S-2"
2.43369669636987;-1.37998117013888;-544.846459009143;50.2051444243304;"T11";40.1850370573811;2;1;8;"S-8";8;"S-2"
1.6649728413145;-1.57001043181896;-544.528326644433;50.0247535508224;"T11";40.3157568653114;2;1;8;"S-8";8;"S-2"
1.6991426783342;-1.79146942722491;-544.445131020158;49.9463030231308;"T11";40.365725022275;2;1;8;"S-8";8;"S-2"
1.90517078948178;-1.91823041928586;-544.397208323949;49.8957763391604;"T11";40.3939290670678;2;1;8;"S-8";8;"S-2"
1.90465796728344;-1.95503398837788;-544.371086215236;49.869475167725;"T11";40.4076402308419;2;1;8;"S-8";8;"S-2"
2.11036573755906;-1.82334499966032;-544.275011542461;49.7708594299267;"T11";40.4580821865238;2;1;8;"S-8";8;"S-2"
2.58693042211449;-1.19501547893958;-543.810373816448;49.3694148559831;"T11";40.6782514764927;2;1;8;"S-8";8;"S-2"
2.71135941535321;-1.19016239098021;-543.736980174354;49.3355111461623;"T11";40.7066224142909;2;1;8;"S-8";8;"S-2"
2.74222186461901;-1.27412601701887;-543.689034042157;49.3144649938112;"T11";40.7243058434688;2;1;8;"S-8";8;"S-2"
2.6352280182906;-1.15456839844895;-543.587861118995;49.2674567428443;"T11";40.7612003502436;2;1;8;"S-8";8;"S-2"
2.47010443751346;-1.14219323173413;-543.51356930328;49.2349073838924;"T11";40.7893921481445;2;1;8;"S-8";8;"S-2"
1.80984255517256;-1.11854249835059;-542.55537559948;48.7918320440202;"T11";41.1773084197193;2;1;8;"S-8";8;"S-2"
1.9279658306873;-1.17173058529305;-542.520631224842;48.7703588725006;"T11";41.1965058767237;2;1;8;"S-8";8;"S-2"
1.83814334687739;-1.44868988056867;-542.224738152896;48.5905284227812;"T11";41.3499801070429;2;1;8;"S-8";8;"S-2"
1.8806032624089;-1.45998396402686;-542.152066206446;48.5332537202388;"T11";41.3895156234503;2;1;8;"S-8";8;"S-2"
1.99021557239989;-1.92067666141726;-542.03714974455;48.4440396925251;"T11";41.4506217930466;2;1;8;"S-8";8;"S-2"
2.00359915621924;-1.79803537904079;-541.951740232456;48.361614422209;"T11";41.4935364970006;2;1;8;"S-8";8;"S-2"
1.85231577974448;-1.83891970191746;-541.940655019962;48.3516665221083;"T11";41.499069146812;2;1;8;"S-8";8;"S-2"
1.55287953132841;-1.98722691796127;-541.63805448547;48.0512544159368;"T11";41.6624325094745;2;1;8;"S-8";8;"S-2"
1.48881782653654;-1.9970536790865;-541.611466978814;48.0172302641315;"T11";41.6795539320447;2;1;8;"S-8";8;"S-2"
2.09922925712168;-2.35942344214171;-541.272051817636;47.5619493800055;"T11";41.9075302197598;2;1;8;"S-8";8;"S-2"
2.0694968614011;-2.13186814762208;-541.201407449795;47.4825488205035;"T11";41.9411827460863;2;1;8;"S-8";8;"S-2"
2.35468639910804;-2.12791751289499;-541.138780070913;47.4180339537745;"T11";41.9714448740706;2;1;8;"S-8";8;"S-2"
2.50605368372607;-1.89335546880836;-540.867909824547;47.1732499599563;"T11";42.0864794054069;2;1;8;"S-8";8;"S-2"
2.42241446775699;-1.90569333362956;-540.798273618523;47.120638919595;"T11";42.1142666018568;2;1;8;"S-8";8;"S-2"
2.40410470218982;-1.84597445428752;-540.760973960987;47.0912955889386;"T11";42.1296643209644;2;1;8;"S-8";8;"S-2"
2.90733322302143;-1.45828501816322;-540.467121000349;46.8656627127335;"T11";42.2518940060399;2;1;8;"S-8";8;"S-2"
2.74106693939144;-1.35043692637236;-540.29810787023;46.7808876640482;"T11";42.3100273939781;2;1;8;"S-8";8;"S-2"
1.92195197017719;-1.7782639969657;-539.953590339674;46.6111547807102;"T11";42.4357147770934;2;1;8;"S-8";8;"S-2"
2.00351981537081;-2.02108673628156;-539.822046671714;46.4894455120126;"T11";42.504157521762;2;1;8;"S-8";8;"S-2"
1.96748631899606;-2.03000076969913;-539.783286198261;46.4503451855834;"T11";42.5235037109815;2;1;8;"S-8";8;"S-2"
1.98272141691664;-2.06363089101346;-539.779581730009;46.4465230124228;"T11";42.525386554189;2;1;8;"S-8";8;"S-2"
2.68133273218726;-1.59087313805105;-539.550434585938;46.2080249959801;"T11";42.6409585867077;2;1;8;"S-8";8;"S-2"
2.72380159884929;-1.28614224677393;-539.138090261486;45.9633751986893;"T11";42.794741934631;2;1;8;"S-8";8;"S-2"
2.89478798915111;-1.02039435982523;-538.984407321886;45.8908081947965;"T11";42.8511641570367;2;1;8;"S-8";8;"S-2"
2.73846012445158;-1.11891924044568;-538.861293612429;45.8474113950246;"T11";42.8936935961246;2;1;8;"S-8";8;"S-2"
2.89326379718033;-1.12191636827348;-538.813398472788;45.8278417132206;"T11";42.9111834033392;2;1;8;"S-8";8;"S-2"
2.82273982934835;-1.15233706373279;-538.660641233169;45.7686072778168;"T11";42.9639809532091;2;1;8;"S-8";8;"S-2"
2.35114602286653;-1.31500048721007;-538.543158399818;45.7206468452556;"T11";43.0056010955013;2;1;8;"S-8";8;"S-2"
2.65330317768518;-1.15978422170522;-538.436983011965;45.6612627468633;"T11";43.0507600889541;2;1;8;"S-8";8;"S-2"
2.32053349147735;-0.875890117908198;-538.349094779257;45.6228459589042;"T11";43.0838841712102;2;1;8;"S-8";8;"S-2"
2.22762990641556;-0.913902739033038;-538.320949546318;45.6122224831009;"T11";43.0960129480809;2;1;8;"S-8";8;"S-2"
2.52211235430976;-1.08509516365156;-538.087482662992;45.5164408527993;"T11";43.2008180068806;2;1;8;"S-8";8;"S-2"
1.82397105868045;-1.54446447133467;-537.041263383165;45.0663231256016;"T11";43.6156366718933;2;1;8;"S-8";8;"S-2"
2.02676154869588;-1.75098605639984;-536.834365160844;44.8911301300571;"T11";43.7290695146658;2;1;8;"S-8";8;"S-2"
1.91463328135912;-1.90270374430217;-536.709043405482;44.7828605379367;"T11";43.7909030122682;2;1;8;"S-8";8;"S-2"
1.9641804961134;-2.10445495114194;-536.683551351458;44.7575273176727;"T11";43.8042173394933;2;1;8;"S-8";8;"S-2"
1.96927186426148;-2.5010210084555;-536.541618382276;44.6054580244913;"T11";43.8764779944904;2;1;8;"S-8";8;"S-2"
2.32251148558219;-2.25915171139349;-536.281902435106;44.2756127390875;"T11";44.0083622466773;2;1;8;"S-8";8;"S-2"
2.0454944490616;-2.034710144863;-536.212388028496;44.2079947352013;"T11";44.0382929518819;2;1;8;"S-8";8;"S-2"
2.13397079759427;-2.02868063677445;-536.198589884653;44.1942693382584;"T11";44.0450385794975;2;1;8;"S-8";8;"S-2"
2.28617467379079;-1.8174199538848;-536.061829561098;44.0642567717376;"T11";44.1091258311644;2;1;8;"S-8";8;"S-2"
2.25024789166143;-1.63353969057306;-535.85597566282;43.9006109284851;"T11";44.1991687752306;2;1;8;"S-8";8;"S-2"
2.20813635493993;-1.32856339622406;-535.47812978522;43.6263183759775;"T11";44.367081776727;2;1;8;"S-8";8;"S-2"
2.30161136160839;-1.50951857600252;-535.085507761476;43.3900905505846;"T11";44.5448887418024;2;1;8;"S-8";8;"S-2"
2.28721468350357;-1.3797719371433;-535.020063717276;43.3471688818547;"T11";44.573322753422;2;1;8;"S-8";8;"S-2"
2.48459789527121;-1.32560702423453;-534.595930872848;43.0913089485554;"T11";44.7587591479532;2;1;8;"S-8";8;"S-2"
2.32229845672155;-1.12606646115834;-534.478749315229;43.0287890952681;"T11";44.8059223359451;2;1;8;"S-8";8;"S-2"
2.36852205255049;-1.15066220505749;-534.460016848182;43.0197058515463;"T11";44.8139886837453;2;1;8;"S-8";8;"S-2"
2.1799641155317;-1.3289584248785;-534.161717863643;42.8747878986204;"T11";44.9399317731149;2;1;8;"S-8";8;"S-2"
2.57507560658461;-1.06146628086198;-533.889289886476;42.7087092678534;"T11";45.0649007922038;2;1;8;"S-8";8;"S-2"
2.28196805290518;-1.26866056701442;-533.635525794552;42.6041057268225;"T11";45.1634470606223;2;1;8;"S-8";8;"S-2"
2.49325245972358;-1.27937490397372;-532.989259976446;42.2448141240338;"T11";45.4466525232419;2;1;8;"S-8";8;"S-2"
2.40065787203822;-1.37292973092129;-532.950084906021;42.2247120273659;"T11";45.4623649595305;2;1;8;"S-8";8;"S-2"
2.31433894432186;-1.23476595731225;-532.851792141481;42.1684986617117;"T11";45.5033090547659;2;1;8;"S-8";8;"S-2"
2.20811297149033;-1.58943314523799;-532.49185279288;41.9764607342336;"T11";45.6588348257355;2;1;8;"S-8";8;"S-2"
2.15323811755511;-1.83803829843799;-532.382964335011;41.8980811738105;"T11";45.7081477274187;2;1;8;"S-8";8;"S-2"
1.99903207815613;-2.32176290585535;-532.076334149287;41.6363367711714;"T11";45.8505519432947;2;1;8;"S-8";8;"S-2"
2.28421182922572;-2.13891495485689;-531.997858208031;41.545191395667;"T11";45.8898089127615;2;1;8;"S-8";8;"S-2"
1.95785444611713;-1.98150114000633;-531.563438043223;41.1384043475868;"T11";46.0799927474;2;1;8;"S-8";8;"S-2"
1.46635284765175;-2.22022698907656;-531.440026517761;41.0135022748731;"T11";46.1430268129334;2;1;8;"S-8";8;"S-2"
1.58326705825856;-2.20264124321126;-531.416197249017;40.9774220192375;"T11";46.1592775187455;2;1;8;"S-8";8;"S-2"
2.58828192766356;-1.90782793558764;-531.116643089304;40.5606822510986;"T11";46.3484775391407;2;1;8;"S-8";8;"S-2"
2.65770016156592;-1.89621202922118;-531.066296343799;40.5235715613727;"T11";46.3679293403402;2;1;8;"S-8";8;"S-2"
2.64026105653016;-1.79445006086166;-530.999029223932;40.4755779149461;"T11";46.3932396145537;2;1;8;"S-8";8;"S-2"
3.08424402423427;-1.57100538764898;-530.672364786555;40.2535608465648;"T11";46.5169639093801;2;1;8;"S-8";8;"S-2"
3.12926352978759;-1.3376853200735;-530.251987993668;40.0394356991125;"T11";46.6532620717771;2;1;8;"S-8";8;"S-2"
2.91828747469492;-1.36215441729758;-530.16258257811;40.0012170221653;"T11";46.6818328248337;2;1;8;"S-8";8;"S-2"
2.83053587206285;-1.3526853345051;-529.947608199076;39.9008745087749;"T11";46.7554973904043;2;1;8;"S-8";8;"S-2"
2.91225180176052;-0.955041900387848;-529.758568284601;39.8105341875407;"T11";46.8222833005711;2;1;8;"S-8";8;"S-2"
2.6504572540028;-0.985090220663901;-529.49034320659;39.7225726355623;"T11";46.9143855967559;2;1;8;"S-8";8;"S-2"
2.29664825249225;-1.23238590702622;-529.350792885172;39.6707062428062;"T11";46.9670370104723;2;1;8;"S-8";8;"S-2"
2.66408763752932;-1.35821337332496;-529.094969240124;39.5334307786602;"T11";47.0784270088188;2;1;8;"S-8";8;"S-2"
2.63276396119746;-1.34629497685369;-529.083997550492;39.5278371580236;"T11";47.0825453754514;2;1;8;"S-8";8;"S-2"
3.0552283325436;-1.48182460502677;-528.733648538335;39.3486820487302;"T11";47.2156180767342;2;1;8;"S-8";8;"S-2"
2.8736713080401;-1.45525005473481;-528.71199815056;39.3381813352577;"T11";47.2227044170722;2;1;8;"S-8";8;"S-2"
2.91762162757574;-1.35106464872386;-528.621921217188;39.2925656582475;"T11";47.2540500108153;2;1;8;"S-8";8;"S-2"
2.2185737229912;-1.65499761158933;-527.87471357983;38.9465558074333;"T11";47.5101516349241;2;1;8;"S-8";8;"S-2"
2.36925470064565;-1.45441508371857;-527.826552264931;38.9106287339705;"T11";47.5318598677404;2;1;8;"S-8";8;"S-2"
2.43922259742139;-1.49107139205867;-527.792004186263;38.8894206947019;"T11";47.5464417017065;2;1;8;"S-8";8;"S-2"
2.872468750008;-1.05049653872073;-527.265241735302;38.5674162897456;"T11";47.7623967570253;2;1;8;"S-8";8;"S-2"
2.37521984149441;-1.08372513244653;-526.72105815135;38.3684017760563;"T11";47.9518448002636;2;1;8;"S-8";8;"S-2"
2.25230747971987;-1.19776656564168;-526.670228253258;38.3452099699423;"T11";47.9732448817231;2;1;8;"S-8";8;"S-2"
2.36199410112337;-1.25070053812714;-526.602622356553;38.3092574708089;"T11";48.0032611638308;2;1;8;"S-8";8;"S-2"
2.04577834912709;-1.22457531428268;-526.373737720941;38.1880606664674;"T11";48.1001642998308;2;1;8;"S-8";8;"S-2"
1.73534138487555;-1.3566450387056;-526.318678714079;38.1551030879201;"T11";48.1270777760074;2;1;8;"S-8";8;"S-2"
1.73317742396919;-1.67198879862157;-525.925513927729;37.8477370206756;"T11";48.353641142603;2;1;8;"S-8";8;"S-2"
1.81987740232449;-1.81908973292904;-525.872520968737;37.7966149413002;"T11";48.3842167537659;2;1;8;"S-8";8;"S-2"
1.8532187355806;-1.82601336064736;-525.798175275224;37.7223014256837;"T11";48.4250687877648;2;1;8;"S-8";8;"S-2"
1.70170991698599;-1.84869165850939;-525.777831481763;37.7022562804714;"T11";48.4360463335179;2;1;8;"S-8";8;"S-2"
1.62653103229989;-2.07840683449354;-525.737262547106;37.6581832863916;"T11";48.4598864335567;2;1;8;"S-8";8;"S-2"
1.82154083770769;-2.05898498994384;-525.695217952459;37.6044580446764;"T11";48.4857356757857;2;1;8;"S-8";8;"S-2"
1.71055842068626;-2.09134979264204;-525.681973574496;37.58948721621;"T11";48.4930066508241;2;1;8;"S-8";8;"S-2"
2.21709526455031;-2.20695138960274;-525.415263903264;37.2634046873226;"T11";48.6489263013937;2;1;8;"S-8";8;"S-2"
2.66345830225235;-1.61164927355552;-525.180548977423;37.0297636525743;"T11";48.7547922646627;2;1;8;"S-8";8;"S-2"
3.23942371169668;-1.44345918544606;-524.936273294812;36.8819532941039;"T11";48.8465059897862;2;1;8;"S-8";8;"S-2"
3.34919958428793;-0.798274431391251;-524.398771084724;36.6424469585948;"T11";49.0124312462285;2;1;8;"S-8";8;"S-2"
3.40949473668081;-0.616659505256161;-524.081912752171;36.566924464672;"T11";49.10703842761;2;1;8;"S-8";8;"S-2"
3.36270308484881;-0.674442577137324;-523.99305599884;36.5508533556722;"T11";49.1330999881029;2;1;8;"S-8";8;"S-2"
2.98120348251665;-0.874319818676741;-523.618494255386;36.4757291531547;"T11";49.244487087708;2;1;8;"S-8";8;"S-2"
2.80854427835895;-1.15191294759512;-523.490800529174;36.438279460035;"T11";49.2873200331815;2;1;8;"S-8";8;"S-2"
3.05048746152143;-0.893423172444067;-523.044446141273;36.2552090336221;"T11";49.4462473434396;2;1;8;"S-8";8;"S-2"
2.83947576377993;-0.874139504868967;-522.128318440102;35.9868946322456;"T11";49.7465690830722;2;1;8;"S-8";8;"S-2"
2.56516203493957;-0.89665759321842;-521.980556020678;35.9414056128284;"T11";49.7986077098176;2;1;8;"S-8";8;"S-2"
2.59793864645255;-0.985269657207961;-521.969024290242;35.9373746730604;"T11";49.8031032271683;2;1;8;"S-8";8;"S-2"
2.69288550475177;-0.905356071090115;-521.947687944208;35.9292828521192;"T11";49.8113160254434;2;1;8;"S-8";8;"S-2"
2.82403513166972;-0.732398707711379;-521.842526296659;35.8939271951905;"T11";49.8503676848486;2;1;8;"S-8";8;"S-2"
2.68383304353087;-0.580741338447002;-521.808795290792;35.8851792356379;"T11";49.8623119434342;2;1;8;"S-8";8;"S-2"
2.81254741982472;-0.967734267714757;-521.439263534881;35.8052180893797;"T11";50;2;1;8;"S-8";8;"S-2"
