"Vx";"Vy";"X";"Y";"Traj";"Time";"TrueMovMode";"TrueTrajClust";"firstEstMovMode";"firstSegment";"finalEstMovMode";"finalSegment"
0;0;0;0;"T12";0;1;2;1;"S-1-NA";8;"S-1"
-3.8395181999025;3.80731129525233;0;0;"T12";0.0971626024693251;1;2;3;"S-2-NA";3;"S-2"
-10.6498233462501;7.58923292621409;-0.727782059570296;0.721677229177961;"T12";0.28671296313405;1;2;1;"S-3-NA";2;"S-3"
-12.35904598683;8.0662001467272;-1.36634264297209;1.1767256226935;"T12";0.346672697924078;1;2;1;"S-3-NA";2;"S-3"
-12.4487343753137;8.10187550733022;-1.40090219420315;1.19928110614326;"T12";0.34946899395436;1;2;1;"S-3-NA";2;"S-3"
-12.6057071027818;8.17444891391127;-1.49690078236666;1.26175883172817;"T12";0.357180507853627;1;2;1;"S-3-NA";2;"S-3"
-14.9775571008428;8.52241756938773;-2.88146554824495;2.15961040438417;"T12";0.467016850598156;1;2;1;"S-3-NA";2;"S-3"
-17.3772101951221;8.5589593565178;-4.41494403414467;3.03217886815417;"T12";0.569401937536895;1;2;4;"S-4-NA";2;"S-3"
-17.4367385891464;8.57244509325829;-4.46165975239072;3.05518819642314;"T12";0.572090269997716;1;2;4;"S-4-NA";2;"S-3"
-18.1906518823799;8.38137497105539;-5.01932357996486;3.32935314521415;"T12";0.604072387795895;1;2;4;"S-4-NA";2;"S-3"
-19.301365594168;7.58633454901954;-6.23827616184289;3.890987699419;"T12";0.671082222834229;1;2;4;"S-4-NA";2;"S-3"
-21.196284210524;6.53208763904322;-9.88996932003004;5.32627298186264;"T12";0.860275735612959;1;2;4;"S-4-NA";2;"S-3"
-21.6654423280493;6.40503528719186;-10.5349431074298;5.52503542825827;"T12";0.890704360790551;1;2;4;"S-4-NA";2;"S-3"
-21.8315715682486;6.2950349766254;-10.8516471212047;5.61866381364311;"T12";0.905322295147926;1;2;4;"S-4-NA";2;"S-3"
-21.7740178051575;6.24564243406618;-10.921189720236;5.63871610772092;"T12";0.908507709391415;1;2;4;"S-4-NA";2;"S-3"
-21.8206181822459;6.23756309980752;-11.6733957494258;5.85447830361457;"T12";0.943053746595979;1;2;4;"S-4-NA";2;"S-3"
-23.0902687288009;3.55323840267981;-22.2675051740398;8.88287215892991;"T12";1.42856288002804;1;2;4;"S-4-NA";2;"S-3"
-22.9783373028774;3.49997513493268;-22.4145332437011;8.90549752503233;"T12";1.43493041396141;1;2;4;"S-4-NA";2;"S-3"
-22.9059671120036;2.73172625880443;-27.1361539326568;9.62467728073464;"T12";1.64041180396453;1;2;4;"S-4-NA";2;"S-3"
-22.5370740574662;2.58169040551629;-29.0795315128685;9.85644114997787;"T12";1.72525334637612;1;2;2;"S-5";2;"S-3"
-22.3251731014974;2.48469490832773;-30.2364234297727;9.98896663906644;"T12";1.77658618194982;1;2;2;"S-5";2;"S-3"
-22.133094168641;2.49798200687169;-35.0580885947157;10.5255970531075;"T12";1.99256055057049;1;2;2;"S-5";2;"S-3"
-22.3826736208392;2.32617954508199;-36.8498810792499;10.7278220720005;"T12";2.07351590506732;1;2;2;"S-5";2;"S-3"
-21.9663855300515;2.41758072915801;-38.8049146319215;10.9310041912242;"T12";2.160861750599;1;2;2;"S-5";2;"S-3"
-22.1526888036307;2.19829754476165;-41.1967809632781;11.1942486809241;"T12";2.26974932011217;1;2;2;"S-5";2;"S-3"
-22.1250011625273;2.21801399126801;-41.7142681036535;11.2456009443092;"T12";2.29310933500528;1;2;2;"S-5";2;"S-3"
-22.0764038090182;2.01382300192948;-44.8360700404793;11.5585591368527;"T12";2.43420772021636;1;2;2;"S-5";2;"S-3"
-22.0274152133383;2.21713987516777;-48.2686179390076;11.8716782468799;"T12";2.58969264104962;1;2;2;"S-5";2;"S-3"
-21.9897255614951;2.23603490241157;-48.3115063353624;11.8759951207763;"T12";2.59163968730718;1;2;2;"S-5";2;"S-3"
-21.6657217340093;2.24267315818126;-49.8243518392713;12.0298294803383;"T12";2.66043752199039;1;2;2;"S-5";2;"S-3"
-21.4495516900689;2.47879057738057;-51.4575755626113;12.1988885613423;"T12";2.73582036606967;1;2;2;"S-5";2;"S-3"
-21.6588429536928;2.12011240069498;-56.0540267534332;12.7300716865577;"T12";2.9501116136089;1;2;2;"S-5";2;"S-3"
-21.8758731084694;1.91587644219448;-58.3283973147754;12.952702287887;"T12";3.0551204807125;1;2;2;"S-5";2;"S-3"
-21.5869261361461;2.45003068550975;-60.6694228643879;13.1577279652091;"T12";3.16213452024385;1;2;2;"S-5";2;"S-3"
-21.1756209010853;2.83427079596205;-62.614157105692;13.3784476052499;"T12";3.25222304090858;1;2;2;"S-5";2;"S-3"
-21.1980096009984;2.80856984347441;-62.6774968529325;13.3869253729936;"T12";3.25521420454606;1;2;2;"S-5";2;"S-3"
-21.1527990772374;2.96382531622291;-68.2336292766263;14.1230692971289;"T12";3.51732053095475;1;2;2;"S-5";2;"S-3"
-20.9988760917116;2.70810185332357;-69.3232746451766;14.2757450029408;"T12";3.56883358908817;1;2;2;"S-5";2;"S-3"
-20.7569614308226;3.29503851937134;-72.0641037799171;14.6292136565495;"T12";3.69935624767095;1;2;2;"S-5";2;"S-3"
-20.6969382804778;3.29771859053888;-72.222879795547;14.654418361448;"T12";3.7070055375807;1;2;2;"S-5";2;"S-3"
-21.2160292079863;3.32910862255211;-73.8350228546823;14.9112869892939;"T12";3.78489836584777;1;2;2;"S-5";2;"S-3"
-21.1239608564995;3.43298322612358;-75.2927258218318;15.1400221342866;"T12";3.85360599029809;1;2;2;"S-5";2;"S-3"
-20.9732156838173;3.42335477816204;-76.0503703581562;15.2631515512664;"T12";3.8894725847058;1;2;2;"S-5";2;"S-3"
-20.6998824335288;3.46729074356588;-79.0696120223419;15.7559675091689;"T12";4.033429606352;1;2;2;"S-5";2;"S-3"
-20.659526128547;3.23933725880523;-84.7846754774297;16.7132573237536;"T12";4.30952119641006;1;2;2;"S-5";2;"S-3"
-20.8622795948228;2.94556477688973;-87.0260207235304;17.0646919655921;"T12";4.41801086999476;1;2;2;"S-5";2;"S-3"
-20.92410334749;3.10612418730058;-87.3352399489153;17.1083509173616;"T12";4.43283279892057;1;2;2;"S-5";2;"S-3"
-20.9294926690915;3.28135208675123;-87.8458913423173;17.1841556779281;"T12";4.45723773445934;1;2;2;"S-5";2;"S-3"
-20.8613590321878;3.30089820735192;-88.2869690180807;17.2533083886348;"T12";4.47831219062209;1;2;2;"S-5";2;"S-3"
-20.9551838910506;3.7349439522046;-93.0504501251216;18.0070352298596;"T12";4.70665211323649;1;2;2;"S-5";2;"S-3"
-21.2851577507677;3.72297846811701;-93.8038774215003;18.1413222272282;"T12";4.74260633345693;1;2;2;"S-5";2;"S-3"
-21.664478544742;3.44628677479245;-94.3618977272074;18.2389253367397;"T12";4.76882273796946;1;2;2;"S-5";2;"S-3"
-21.7940499012967;3.45519474573784;-94.8456114611894;18.3158723189053;"T12";4.79115024209023;1;2;2;"S-5";2;"S-3"
-21.8555132139811;3.06208853671083;-96.5672507435945;18.5888183307554;"T12";4.87014608224854;1;2;2;"S-5";2;"S-3"
-22.0059101415229;2.85089350692957;-98.87247359143;18.9117938833224;"T12";4.97562165837735;1;2;2;"S-5";2;"S-3"
-21.2098888916295;2.35526757226829;-104.232873344428;19.6062404548157;"T12";5.21921075414866;1;2;2;"S-5";2;"S-3"
-21.1313439699973;2.32326378146784;-104.374171539635;19.6219310158974;"T12";5.2258726558648;1;2;2;"S-5";2;"S-3"
-21.1085886088121;2.16423116655773;-105.195379457244;19.7122178719887;"T12";5.26473473291844;1;2;2;"S-5";2;"S-3"
-20.9990844836804;2.22235746558639;-105.797212017196;19.7739228399255;"T12";5.29324599774554;1;2;2;"S-5";2;"S-3"
-20.8948625910677;2.28434435482057;-105.977966374552;19.7930522832029;"T12";5.30185372335836;1;2;2;"S-5";2;"S-3"
-21.088477071457;2.29196791935092;-106.80401055643;19.8833600971682;"T12";5.34138708608225;1;2;2;"S-5";2;"S-3"
-21.3777003435184;2.43699275692379;-109.200950021719;20.1438676881362;"T12";5.45504818437621;1;2;2;"S-5";2;"S-3"
-21.512357452279;2.1610720278358;-111.214542646209;20.3734111171498;"T12";5.54923944873735;1;2;2;"S-5";2;"S-3"
-21.7468986190547;2.20417764320968;-112.840144454264;20.5367145860319;"T12";5.62480540247634;1;2;2;"S-5";2;"S-3"
-21.5010085915937;2.26125504307126;-115.245415832398;20.7805031597685;"T12";5.73540836339816;1;2;2;"S-5";2;"S-3"
-21.421931515679;2.31452718237262;-119.303628443376;21.2073042418358;"T12";5.9241535840556;1;2;2;"S-5";2;"S-3"
-20.8650252268894;3.16482374699749;-127.252026075135;22.0660868572852;"T12";6.29519377835095;1;2;2;"S-5";2;"S-3"
-21.0107037056458;2.90985765105642;-131.217182507937;22.6675249625657;"T12";6.4852321986109;1;2;2;"S-5";2;"S-3"
-21.013219251738;3.03944732017856;-131.460885045468;22.7012763163209;"T12";6.49683116935194;1;2;2;"S-5";2;"S-3"
-21.2189399566812;2.65518414741981;-133.808546988864;23.0408527856404;"T12";6.60855426685885;1;2;2;"S-5";2;"S-3"
-21.2545960753583;2.85817048609129;-136.453362004954;23.3718057417219;"T12";6.73319833585992;1;2;2;"S-5";2;"S-3"
-21.4467537536733;3.13309234587533;-141.918250260826;24.1066859656199;"T12";6.99031393742189;1;2;2;"S-5";2;"S-3"
-21.2389058585236;3.17948828464481;-143.53148186926;24.3423581639656;"T12";7.06553425407037;1;2;2;"S-5";2;"S-3"
-21.1193334223846;3.32928409345284;-146.629073776862;24.8060711841389;"T12";7.21137942746282;1;2;2;"S-5";2;"S-3"
-21.0485432233807;3.25718180393056;-146.825886810778;24.8370970924901;"T12";7.22069852054119;1;2;2;"S-5";2;"S-3"
-20.8723711225768;3.45914546056651;-147.884668941619;25.0009395900113;"T12";7.27100044023246;1;2;2;"S-5";2;"S-3"
-21.3127146006822;3.01601210428534;-152.301173350171;25.7328799664399;"T12";7.48259616084397;1;2;2;"S-5";2;"S-3"
-21.3319989307687;3.04193672071194;-152.902125766256;25.8179221487696;"T12";7.51079305773601;1;2;2;"S-5";2;"S-3"
-21.4486896795617;3.104297193848;-154.386580959749;26.02960501909;"T12";7.58038124768063;1;2;2;"S-5";2;"S-3"
-21.1444459398122;2.90278188428775;-157.873407879923;26.5342580858013;"T12";7.74294721195474;1;2;2;"S-5";2;"S-3"
-21.7866741949571;3.04249298252054;-166.315865555995;27.6932675614208;"T12";8.14222263870761;1;2;2;"S-5";2;"S-3"
-22.10934903231;2.84457290975892;-167.49979491113;27.8586024226559;"T12";8.1965645425953;1;2;2;"S-5";2;"S-3"
-22.0667681337401;2.70347693141344;-167.820916218434;27.8999176585847;"T12";8.21108877426013;1;2;2;"S-5";2;"S-3"
-21.9685980144939;2.41942189972624;-171.025209777994;28.2924868679608;"T12";8.35629778448492;1;2;2;"S-5";2;"S-3"
-21.8013024257426;2.35792297574302;-172.634180409552;28.4696842830822;"T12";8.42953735264018;1;2;2;"S-5";2;"S-3"
-21.7111421717693;2.14514887225478;-174.887124614632;28.7133517851646;"T12";8.53287724312395;1;2;2;"S-5";2;"S-3"
-21.9691511744909;2.118599086219;-175.580690184052;28.7818788754165;"T12";8.56482238741592;1;2;2;"S-5";2;"S-3"
-22.048416359865;1.85748440317254;-177.301158407695;28.947792541244;"T12";8.6431353003718;1;2;2;"S-5";2;"S-3"
-21.6880647417689;1.83684290420336;-179.842611443592;29.1618990466059;"T12";8.7584022199735;1;2;2;"S-5";2;"S-3"
-21.300970821616;1.78853763955387;-182.496508736074;29.38666748345;"T12";8.88076893752441;1;2;2;"S-5";2;"S-3"
-21.4824079759112;2.02171077644697;-184.12119649045;29.5230845146529;"T12";8.95704188151285;1;2;2;"S-5";2;"S-3"
-21.6342585285435;2.30405703831103;-185.912958998916;29.6917073979098;"T12";9.04044791823253;1;2;2;"S-5";2;"S-3"
-21.9832493565445;2.01795384858991;-187.323885816293;29.8419716586345;"T12";9.10566516686231;1;2;2;"S-5";2;"S-3"
-21.7461680093772;2.01398506322247;-187.992109260435;29.9033112744917;"T12";9.1360621037893;1;2;2;"S-5";2;"S-3"
-21.7786871467651;1.96242358463507;-188.3222487303;29.9338865906027;"T12";9.15124360471964;1;2;2;"S-5";2;"S-3"
-21.7186798489532;2.00821945060525;-188.484038225918;29.9484650415353;"T12";9.15867240400985;1;2;2;"S-5";2;"S-3"
-21.0556118994023;1.75368445575423;-190.557429681679;30.1401813465381;"T12";9.25413821823895;1;2;2;"S-5";2;"S-3"
-20.6095077735006;2.83918530547479;-194.685370685779;30.4839902088854;"T12";9.45018766215071;1;2;2;"S-5";2;"S-3"
-20.6326913061312;2.91684952321395;-195.209171912215;30.5561495618127;"T12";9.47560317581519;1;2;2;"S-5";2;"S-3"
-20.8136718486056;2.89334260650694;-196.102856959381;30.6824900747906;"T12";9.51891720760614;1;2;2;"S-5";2;"S-3"
-20.5236651771686;2.82187375193229;-200.088269080617;31.236508739961;"T12";9.71039769938216;1;2;2;"S-5";2;"S-3"
-20.8800849405731;2.61770814844623;-201.456344967637;31.4246104948331;"T12";9.77705615805462;1;2;2;"S-5";2;"S-3"
-20.913075662086;2.59409539439397;-201.56780171652;31.4385836774414;"T12";9.78239410324022;1;2;2;"S-5";2;"S-3"
-20.7939894284402;2.7793526588982;-204.008430034596;31.741323589143;"T12";9.89909756463021;1;2;2;"S-5";2;"S-3"
-20.8012107621359;3.05020487919413;-205.859069969633;31.9886826176646;"T12";9.98809635639191;1;2;2;"S-5";2;"S-3"
-20.9453210277719;2.91194204037719;-206.89452168568;32.1405170427167;"T12";10.0378747913055;1;2;2;"S-5";2;"S-3"
-20.8988578115313;2.90178721657539;-210.345760203418;32.6203285728359;"T12";10.2026485139504;1;2;2;"S-5";2;"S-3"
-20.79581875902;2.93630405264243;-210.663074673294;32.6643873956013;"T12";10.2178318542428;1;2;2;"S-5";2;"S-3"
-20.9088539192313;2.95938666554985;-211.015120788034;32.7140951972228;"T12";10.2347605512477;1;2;2;"S-5";2;"S-3"
-20.9694933701038;2.93576874495067;-211.648203352067;32.8037001131798;"T12";10.265038756188;1;2;2;"S-5";2;"S-3"
-21.4710553147012;2.86377725823645;-213.539383368948;33.0684688935524;"T12";10.355225962121;1;2;2;"S-5";2;"S-3"
-21.4837983447369;2.90025037779131;-213.789600804347;33.1018425210061;"T12";10.3668796713464;1;2;2;"S-5";2;"S-3"
-21.3302523210127;3.26489103938364;-215.343330435304;33.3115915084459;"T12";10.4392006644048;1;2;2;"S-5";2;"S-3"
-21.4594741748083;3.22291283446586;-215.918240735517;33.3995895058144;"T12";10.4661534773186;1;2;2;"S-5";2;"S-3"
-22.1118451501707;2.93777343724848;-217.803436170873;33.6827194890839;"T12";10.554002574645;1;2;2;"S-5";2;"S-3"
-22.0667562161176;2.84362410805215;-218.07232880933;33.7184444883034;"T12";10.56616314454;1;2;2;"S-5";2;"S-3"
-22.039913057518;2.61268515315982;-218.572364798901;33.7828814350351;"T12";10.5888232938014;1;2;2;"S-5";2;"S-3"
-21.4572074086771;2.67702792419879;-232.176712998327;35.3955864609712;"T12";11.206082906574;1;2;2;"S-5";2;"S-3"
-21.3389525135279;2.61805573564971;-233.312820581353;35.5373286582072;"T12";11.2590305041522;1;2;2;"S-5";2;"S-3"
-21.4395895808718;2.39283744917456;-236.53541025531;35.9327051123326;"T12";11.4100496168248;1;2;2;"S-5";2;"S-3"
-21.5160391095267;2.13547620721952;-238.484418316616;36.1502307072254;"T12";11.5009565837681;1;2;2;"S-5";2;"S-3"
-21.7000140388184;2.23191024460944;-239.607314382032;36.2616786284096;"T12";11.5531453746371;1;2;2;"S-5";2;"S-3"
-21.7159310881447;2.26299710731578;-239.799282150721;36.2814230778283;"T12";11.5619918098673;1;2;2;"S-5";2;"S-3"
-21.7621463855889;2.36055186477376;-246.699960106896;37.0005363495529;"T12";11.879762110766;1;2;2;"S-5";2;"S-3"
-21.8782754918349;2.38798153051058;-246.815262612626;37.0130432751149;"T12";11.8850604165345;1;2;2;"S-5";2;"S-3"
-21.1645957660673;2.48019856388746;-252.727371119491;37.6583412066651;"T12";12.1552877710201;1;2;2;"S-5";2;"S-3"
-21.209826780879;2.6100526640732;-253.021828325673;37.6928475278805;"T12";12.1692004962824;1;2;2;"S-5";2;"S-3"
-21.2220405751816;2.50695648325398;-253.445825868044;37.7450240933217;"T12";12.1891911141574;1;2;2;"S-5";2;"S-3"
-21.1013763351762;2.83550201884768;-256.493158689176;38.1050050643082;"T12";12.3327839421108;1;2;2;"S-5";2;"S-3"
-21.1820710254193;2.91183386894066;-260.186488981807;38.6012971229246;"T12";12.5078118755482;1;2;2;"S-5";2;"S-3"
-21.6321821100404;2.69585107749632;-264.92228178942;39.2523119305393;"T12";12.7313874079846;1;2;2;"S-5";2;"S-3"
-21.996508032791;2.66208357060708;-267.065064460792;39.5193503154823;"T12";12.8304427256808;1;2;2;"S-5";2;"S-3"
-21.5192898607754;2.8293712453371;-268.143323313843;39.6498444454274;"T12";12.8794622723944;1;2;2;"S-5";2;"S-3"
-21.555177212205;2.76534111786782;-268.293783376071;39.6696270393882;"T12";12.8864541416988;1;2;2;"S-5";2;"S-3"
-21.5144854521315;2.72437597484778;-269.065859317395;39.7686776445231;"T12";12.9222727264278;1;2;2;"S-5";2;"S-3"
-21.6022194091905;2.84489954756796;-272.188491505644;40.1640960769499;"T12";13.0674136453308;1;2;2;"S-5";2;"S-3"
-21.6490336866027;2.7288463735243;-272.487345020688;40.2034535250729;"T12";13.0812480347231;1;2;2;"S-5";2;"S-3"
-21.0242132009899;2.84211236296417;-273.617420834744;40.3458988337937;"T12";13.1334478617646;1;2;2;"S-5";2;"S-3"
-21.2520974163675;2.75164672076285;-274.619752079611;40.4813967949106;"T12";13.1811229512095;1;2;2;"S-5";2;"S-3"
-21.7916748981336;2.56103295313855;-276.563980997753;40.7331287073992;"T12";13.2726070471108;1;2;2;"S-5";2;"S-3"
-22.0581886234361;2.63126548367936;-278.880178172362;41.0053362048894;"T12";13.3788952138275;1;2;2;"S-5";2;"S-3"
-21.8464269386012;2.65192525829534;-279.277583733007;41.0527417082424;"T12";13.3969114511274;1;2;2;"S-5";2;"S-3"
-21.2751626203256;2.81645356219125;-284.667787591153;41.7070554685177;"T12";13.6436430504546;1;2;2;"S-5";2;"S-3"
-21.5496820025781;2.78838594782669;-287.111481531691;42.0305571322445;"T12";13.7585044023581;1;2;2;"S-5";2;"S-3"
-21.6185341246751;2.64122298013276;-288.54183262181;42.215635078159;"T12";13.8248789822683;1;2;2;"S-5";2;"S-3"
-21.5668470075992;3.0444202476842;-291.299340178665;42.5525308308984;"T12";13.9524319209158;1;2;2;"S-5";2;"S-3"
-21.5579782132352;2.94353060343892;-293.486862543993;42.8613259634888;"T12";14.0538617852144;1;2;2;"S-5";2;"S-3"
-21.3881433443823;3.07300763303349;-295.952185449481;43.1979416399628;"T12";14.1682195826434;1;2;2;"S-5";2;"S-3"
-21.596982012658;3.21047739443349;-299.481540818612;43.7050326863615;"T12";14.3332341569476;1;2;2;"S-5";2;"S-3"
-21.8124599352124;3.16122850797925;-299.939465190488;43.7731049681;"T12";14.3544373218901;1;2;2;"S-5";2;"S-3"
-21.9818585570212;1.84715440921731;-314.93158650508;45.9458778435823;"T12";15.0417564669624;1;2;2;"S-5";2;"S-3"
-22.1389089693058;1.83840665236472;-315.078812595238;45.9582493780857;"T12";15.0484540848993;1;2;2;"S-5";2;"S-3"
-21.4501447482617;1.77894010122518;-317.045383554861;46.1215526889909;"T12";15.1372828055173;1;2;2;"S-5";2;"S-3"
-21.4097787182095;2.59298241631745;-320.138072742555;46.3780408796853;"T12";15.2814631466754;1;2;2;"S-5";2;"S-3"
-21.392874272241;2.41353265631359;-321.581301960881;46.5528333441517;"T12";15.3488729614764;1;2;2;"S-5";2;"S-3"
-21.5082507563865;2.56135110709602;-324.310317573095;46.8607194288288;"T12";15.4764395323582;1;2;2;"S-5";2;"S-3"
-21.3830554166488;2.67513336089381;-326.160267073618;47.081024197213;"T12";15.5624506878667;1;2;2;"S-5";2;"S-3"
-21.5022301907686;2.59902840110075;-331.504971355711;47.7496749793648;"T12";15.8124011359178;1;2;2;"S-5";2;"S-3"
-21.5759719770243;2.63734998961739;-331.761090900456;47.7806327900182;"T12";15.8243124373257;1;2;2;"S-5";2;"S-3"
-21.6309302361623;2.62002617420536;-333.055204696617;47.9388194529645;"T12";15.8842918346636;1;2;2;"S-5";2;"S-3"
-21.6733337024267;2.52719039832026;-333.258325210857;47.9634222350926;"T12";15.8936821157113;1;2;2;"S-5";2;"S-3"
-21.6536068337367;2.49248781242457;-333.344988928496;47.9735275432147;"T12";15.8976807491854;1;2;2;"S-5";2;"S-3"
-21.0240843320781;2.6542163211028;-335.109990633877;48.1766920909665;"T12";15.9791914978996;1;2;2;"S-5";2;"S-3"
-21.0707302001737;2.67602220949797;-336.094459078046;48.3009777516807;"T12";16.0260172444396;1;2;2;"S-5";2;"S-3"
-21.1558774926242;2.6927326243358;-336.287281521102;48.325466563184;"T12";16.0351684433408;1;2;2;"S-5";2;"S-3"
-21.0684162869299;2.71506223755139;-338.023955853485;48.5465115013713;"T12";16.1172578926198;1;2;2;"S-5";2;"S-3"
-21.0120722457389;2.70749395024627;-338.437358364145;48.5997862008226;"T12";16.1368797998875;1;2;2;"S-5";2;"S-3"
-21.1396538807882;3.10561809723704;-340.18623091492;48.8251357901253;"T12";16.220111597795;1;2;2;"S-5";2;"S-3"
-21.1140298493629;2.82268113719324;-341.842722442754;49.0684902979981;"T12";16.2984710419551;1;2;2;"S-5";2;"S-3"
-21.4697761215871;2.95391400874469;-344.379508382505;49.4076267808163;"T12";16.4186179754324;1;2;2;"S-5";2;"S-3"
-21.5100000477178;2.86668318917466;-347.231953320243;49.800079734822;"T12";16.5514766005799;1;2;2;"S-5";2;"S-3"
-21.519724765202;2.87893956899783;-347.41879601216;49.824980655452;"T12";16.5601629181765;1;2;2;"S-5";2;"S-3"
-21.5575911688758;2.91769554928603;-347.883174916403;49.8871059296838;"T12";16.5817421395332;1;2;2;"S-5";2;"S-3"
-21.3079107472679;2.89760339152268;-350.705752148356;50.2691254680762;"T12";16.7126740794629;1;2;2;"S-5";2;"S-3"
-21.0022472713124;2.84777222309581;-356.699127420254;51.084147866119;"T12";16.9939487357624;1;2;2;"S-5";2;"S-3"
-21.005698049131;2.72824211146787;-358.683967858204;51.3532797067955;"T12";17.0884548337199;1;2;2;"S-5";2;"S-3"
-20.9744116754057;3.0888799340518;-365.226071398914;52.2029749816491;"T12";17.3998990678228;1;2;2;"S-5";2;"S-3"
-21.2564266992375;2.96773852402478;-369.577973872096;52.8438751619448;"T12";17.6073853392154;1;2;2;"S-5";2;"S-3"
-21.5153163500773;2.99965898738496;-371.001158401298;53.0425745771319;"T12";17.674338479992;1;2;2;"S-5";2;"S-3"
-21.4137907197748;3.12195411598288;-371.639784440642;53.1316116290315;"T12";17.7040208713152;1;2;2;"S-5";2;"S-3"
-21.3570999813166;3.17802271026745;-372.207846028557;53.2144303245035;"T12";17.7305487100966;1;2;2;"S-5";2;"S-3"
-21.4103631934628;3.17874213567606;-372.326993199179;53.2321599045697;"T12";17.7361275185831;1;2;2;"S-5";2;"S-3"
-21.2035875052763;3.32492073683224;-374.712263904554;53.5862949758741;"T12";17.8475348162465;1;2;2;"S-5";2;"S-3"
-21.3559240367002;3.23487296715479;-375.146050645091;53.6543167919283;"T12";17.8679929929785;1;2;2;"S-5";2;"S-3"
-21.6223251641396;2.66113421215594;-381.3500592032;54.594064448744;"T12";18.1584982667118;1;2;2;"S-5";2;"S-3"
-21.4932665200889;2.88486980252958;-381.678782718933;54.6345215867908;"T12";18.1737012346275;1;2;2;"S-5";2;"S-3"
-21.7125294410585;2.14935200537624;-387.139563477671;55.3674786500829;"T12";18.4277706081048;1;2;2;"S-5";2;"S-3"
-21.066118564269;2.32690795070059;-392.290301759567;55.8773570447404;"T12";18.6649948474951;1;2;2;"S-5";2;"S-3"
-21.0768819924336;2.32453906757508;-392.641926158429;55.9161965493637;"T12";18.6816863133572;1;2;2;"S-5";2;"S-3"
-21.2822624033278;2.58156561369292;-395.60601714236;56.2431018902234;"T12";18.8223186414689;1;2;2;"S-5";2;"S-3"
-21.3015322861651;3.15469512089541;-399.27296648839;56.6879075297489;"T12";18.9946193713695;1;2;2;"S-5";2;"S-3"
-21.3568651921353;3.06207666363951;-399.479073153644;56.7184313288132;"T12";19.0042950445786;1;2;2;"S-5";2;"S-3"
-21.3676116090328;2.00483690113982;-409.497809049631;58.154884530642;"T12";19.4734058342874;1;2;2;"S-5";2;"S-3"
-21.3208718266664;2.02834025171722;-416.566462818585;58.8181078321826;"T12";19.8042174335569;1;2;2;"S-5";2;"S-3"
-21.2844023897545;2.04532408805685;-416.886546643632;58.8485586932704;"T12";19.8192301322706;1;2;2;"S-5";2;"S-3"
-21.0065752101365;2.23677328785046;-418.00626216513;58.9561577268704;"T12";19.8718374595046;1;2;2;"S-5";2;"S-3"
-21.1267118778964;2.04416121793022;-421.497554160024;59.3279093615917;"T12";20.0380374211818;1;2;2;"S-5";2;"S-3"
-21.4326841085665;2.09257729493216;-422.775131325504;59.4515241346659;"T12";20.0985095463693;1;2;2;"S-5";2;"S-3"
-21.2673151943378;2.22286100629348;-423.073359290664;59.4806415828327;"T12";20.1124241808429;1;2;2;"S-5";2;"S-3"
-21.4460333083725;2.28536968755715;-424.791491920617;59.6602209040523;"T12";20.1932116528042;1;2;2;"S-5";2;"S-3"
-21.5445140209979;2.54827094864233;-426.532942059788;59.8457963577144;"T12";20.2744131558575;1;2;2;"S-5";2;"S-3"
-17.7837842266449;-0.31194264933137;-429.086618706185;60.1478435519049;"T12";20.3929434064776;3;2;1;"S-6-NA";3;"S-4"
-16.9441754966011;-0.773757466117358;-429.597073512181;60.138889741933;"T12";20.4216467915103;3;2;1;"S-6-NA";3;"S-4"
-10.0505215904058;-2.52463464271244;-434.242475908308;59.9267569776186;"T12";20.6958060385659;3;2;1;"S-6-NA";3;"S-4"
-8.53654224002227;-2.23814100753207;-434.964527491744;59.74538167038;"T12";20.7676482386887;3;2;1;"S-6-NA";3;"S-4"
-4.62380218209234;-0.975063188789582;-437.293040159638;59.1348839369841;"T12";21.0404182435013;3;2;7;"S-7-NA";3;"S-4"
-3.82660519106528;0.76796553979665;-438.462440448002;58.8882818702782;"T12";21.2933270493522;3;2;7;"S-7-NA";3;"S-4"
-3.6785402916625;1.03908420027393;-438.54347974267;58.9045457340862;"T12";21.3145049056038;3;2;7;"S-7-NA";3;"S-4"
-4.4199983447345;1.89070829378344;-439.923661439999;59.2944082560359;"T12";21.6897031059489;3;2;3;"S-8";3;"S-4"
-4.27969417438887;1.91700506638449;-440.006786136345;59.3299658604834;"T12";21.7085096053779;3;2;3;"S-8";3;"S-4"
-4.89501200648374;1.96997152196163;-440.60847660867;59.5994813064106;"T12";21.8491015373729;3;2;3;"S-8";3;"S-4"
-4.9333796673234;1.97350118931736;-440.765231415684;59.6625664439625;"T12";21.8811249127612;3;2;3;"S-8";3;"S-4"
-4.54407003299962;1.7308999791894;-441.793437292815;60.0738799163111;"T12";22.0895430655219;3;2;3;"S-8";3;"S-4"
-4.24670186356271;1.72714340038312;-441.943068363313;60.1308764887518;"T12";22.1224719309248;3;2;3;"S-8";3;"S-4"
-3.76527478030916;2.31881534156891;-442.385541136685;60.3108311818127;"T12";22.2266640281305;3;2;3;"S-8";3;"S-4"
-3.8724203012786;2.54322206471221;-442.483045094139;60.3708782396237;"T12";22.2525596036576;3;2;3;"S-8";3;"S-4"
-4.08556123471906;2.51189407715633;-443.764158686335;61.212252910137;"T12";22.5833898060955;3;2;3;"S-8";3;"S-4"
-3.92912866607555;2.75734390832203;-444.560158780666;61.7016515037437;"T12";22.7782223024406;3;2;3;"S-8";3;"S-4"
-3.68768638716095;2.60380184734497;-445.279427486474;62.2064125724077;"T12";22.9612829163671;3;2;3;"S-8";3;"S-4"
-4.028243603667;2.83295646931788;-445.787543710532;62.565183309386;"T12";23.0990701820701;3;2;3;"S-8";3;"S-4"
-4.06170363895099;3.02649146267859;-446.875803624944;63.3305275308793;"T12";23.3692276058719;3;2;3;"S-8";3;"S-4"
-4.26171711011075;2.88957991305776;-447.686382761714;63.9345132116005;"T12";23.5687938984483;3;2;3;"S-8";3;"S-4"
-4.40588224312182;2.82440664418362;-448.02560979102;64.1645199399969;"T12";23.6483925720677;3;2;3;"S-8";3;"S-4"
-4.81044020033097;2.54671711047909;-448.413056536865;64.4128940686836;"T12";23.7363310880028;3;2;3;"S-8";3;"S-4"
-4.95312181239971;2.41089554179477;-448.586271839332;64.5045967728478;"T12";23.7723392900079;3;2;3;"S-8";3;"S-4"
-4.59844817067957;2.1766408944977;-450.002672379008;65.1940192978405;"T12";24.0583004662767;3;2;3;"S-8";3;"S-4"
-4.56625433652936;2.12081235830605;-450.024945954049;65.2045623272496;"T12";24.063144181855;3;2;3;"S-8";3;"S-4"
-4.23255303931778;1.56518104202101;-450.663088790353;65.5009499381567;"T12";24.2028961074539;3;2;3;"S-8";3;"S-4"
-3.62722078479191;2.1374802010471;-451.037300276748;65.639331836451;"T12";24.2913088179193;3;2;3;"S-8";3;"S-4"
-3.47813336750067;1.98606627078546;-451.188113495737;65.7282043613873;"T12";24.3328869924881;3;2;3;"S-8";3;"S-4"
-3.43579719758539;2.00081496862022;-451.213936423433;65.7429496400445;"T12";24.3403113563545;3;2;3;"S-8";3;"S-4"
-3.89351628132616;1.9763673590559;-451.524001762534;65.9235142473381;"T12";24.4305568863638;3;2;3;"S-8";3;"S-4"
-4.0846112188806;1.94230981454136;-452.536105592844;66.4372629592145;"T12";24.6905028470792;3;2;3;"S-8";3;"S-4"
-4.46695426450985;2.07753487412539;-454.25429502621;67.2542945004885;"T12";25.1111522899009;3;2;3;"S-8";3;"S-4"
-4.46040937050761;2.05706393364278;-454.272494441293;67.2627588628448;"T12";25.115226523485;3;2;3;"S-8";3;"S-4"
-4.01499818163513;2.3533527584194;-454.599939013577;67.4137706565978;"T12";25.1886378508061;3;2;3;"S-8";3;"S-4"
-4.1681135174771;2.56300414571548;-454.981530431228;67.6374368140134;"T12";25.2836793428287;3;2;3;"S-8";3;"S-4"
-4.30864925149076;2.54253640419934;-455.016735488588;67.6590846668338;"T12";25.2921256236732;3;2;3;"S-8";3;"S-4"
-4.46146078895896;2.6238469801212;-455.278009504511;67.8132626140698;"T12";25.3527650493197;3;2;3;"S-8";3;"S-4"
-4.58925802544087;2.52329734478721;-455.385291781331;67.8763568093057;"T12";25.3768114955164;3;2;3;"S-8";3;"S-4"
-4.18615851419425;2.71613910775166;-455.578295912987;67.9824756656088;"T12";25.4188671242446;3;2;3;"S-8";3;"S-4"
-4.15156634132942;2.47028400659478;-455.922077222645;68.2055340750099;"T12";25.5009904620238;3;2;3;"S-8";3;"S-4"
-4.23540804530285;2.36471845653875;-456.222562149618;68.3843299916097;"T12";25.5733691505156;3;2;3;"S-8";3;"S-4"
-3.83533883754434;2.40716833603052;-456.88923578654;68.7565480723365;"T12";25.7307739695534;3;2;3;"S-8";3;"S-4"
-4.31758056398769;2.76294307775695;-457.865683207859;69.3693943980352;"T12";25.9853661875241;3;2;3;"S-8";3;"S-4"
-4.61407371442104;2.26923706721616;-459.24846525957;70.254276113894;"T12";26.305633992888;3;2;3;"S-8";3;"S-4"
-4.61583800043728;2.24585369660632;-459.264804630096;70.2623119424369;"T12";26.3091751956381;3;2;3;"S-8";3;"S-4"
-4.80112208728366;2.0257440275595;-459.961004740229;70.6010507783258;"T12";26.4600037364289;3;2;3;"S-8";3;"S-4"
-4.76274745110373;2.01852429069768;-459.973071074736;70.6061419433947;"T12";26.4625169686042;3;2;3;"S-8";3;"S-4"
-4.78994060475546;2.02981581910797;-459.995177044664;70.6155107872663;"T12";26.4671584009193;3;2;3;"S-8";3;"S-4"
-4.44615214458269;2.01751738854278;-461.020810839904;71.0501399140082;"T12";26.6812808462419;3;2;3;"S-8";3;"S-4"
-4.45844808272955;1.95138148358059;-461.040663914434;71.0591485852764;"T12";26.6857460723259;3;2;3;"S-8";3;"S-4"
-4.45493749836309;1.98662649012777;-461.623696184091;71.3143311856405;"T12";26.816516299732;3;2;3;"S-8";3;"S-4"
-3.75445075708985;2.02288986315242;-462.393974901095;71.6578278350422;"T12";26.9894207944162;3;2;3;"S-8";3;"S-4"
-3.8785601822521;1.99349243049248;-462.862723657907;71.9103886408352;"T12";27.1142722805962;3;2;3;"S-8";3;"S-4"
-4.45614004187261;2.26783716465194;-463.451458132103;72.2129848782868;"T12";27.2660642978735;3;2;3;"S-8";3;"S-4"
-4.73435910479792;2.25735402596199;-463.609416582252;72.2933737440658;"T12";27.3015116690658;3;2;3;"S-8";3;"S-4"
-5.2043435117821;1.83148085428787;-464.251841486759;72.5996835132377;"T12";27.4372058338486;3;2;3;"S-8";3;"S-4"
-5.05533201090083;1.58226907262455;-464.907995208791;72.8305931326068;"T12";27.563283930067;3;2;3;"S-8";3;"S-4"
-4.98828714336133;1.34683320667493;-465.461236300801;73.0037521393158;"T12";27.6727210730314;3;2;3;"S-8";3;"S-4"
-4.8560629570371;1.36195347789162;-465.547147802884;73.0269481704413;"T12";27.689943718724;3;2;3;"S-8";3;"S-4"
-4.11660432332787;2.48623037957038;-466.702324826078;73.3509343663039;"T12";27.9278271715157;3;2;3;"S-8";3;"S-4"
-4.71285576726473;2.34795997566719;-467.146762467905;73.6193532572513;"T12";28.0357893672772;3;2;3;"S-8";3;"S-4"
-4.5840020259728;2.24830535307294;-467.274621407918;73.6830529944184;"T12";28.0629191896878;3;2;3;"S-8";3;"S-4"
-4.33322850493953;2.19774780655262;-467.696901342406;73.890167701573;"T12";28.1550395535305;3;2;3;"S-8";3;"S-4"
-4.12819683998796;1.97106469470305;-468.224467808353;74.1577414152654;"T12";28.2767886063084;3;2;3;"S-8";3;"S-4"
-4.27123441348256;1.93970591002432;-468.357068903444;74.2210536426481;"T12";28.3089094329625;3;2;3;"S-8";3;"S-4"
-3.97143185030096;2.20808501017831;-468.944637311432;74.4878874904741;"T12";28.4464735072106;3;2;3;"S-8";3;"S-4"
-3.93786921548762;2.12042708484834;-469.2596954796;74.6630573648896;"T12";28.5258046351373;3;2;3;"S-8";3;"S-4"
-4.08082357114522;1.99010332534097;-469.630982208184;74.8629843793364;"T12";28.6200908361934;3;2;3;"S-8";3;"S-4"
-4.22189297277155;1.91963021688887;-469.654693303866;74.8745476163991;"T12";28.6259012063965;3;2;3;"S-8";3;"S-4"
-4.76944714158518;1.68359950475979;-469.763633421866;74.9240810232601;"T12";28.6517048254609;3;2;3;"S-8";3;"S-4"
-4.01388208468447;2.04436819290764;-470.453618825085;75.1676436519395;"T12";28.7963726208545;3;2;3;"S-8";3;"S-4"
-4.08554731451438;2.31161381984477;-470.915322935774;75.4028008335687;"T12";28.9113994454965;3;2;3;"S-8";3;"S-4"
-4.34144609143959;2.7297692036882;-471.368539004058;75.6592317218119;"T12";29.0223309886642;3;2;3;"S-8";3;"S-4"
-4.00307343282977;3.03112070097275;-471.755915087592;75.9028020163185;"T12";29.1115584201179;3;2;3;"S-8";3;"S-4"
-4.71050541195997;2.87758108427153;-472.065835206222;76.1374730267286;"T12";29.1889789630659;3;2;3;"S-8";3;"S-4"
-4.78088683349726;2.8759234246477;-472.096795087982;76.1563859802937;"T12";29.1955514810979;3;2;3;"S-8";3;"S-4"
-4.71584964502348;2.67572511025407;-472.59094624904;76.4536406422208;"T12";29.2989112087525;3;2;3;"S-8";3;"S-4"
-4.55811735077112;2.61427139428906;-472.656282949348;76.49071202125;"T12";29.3127659126185;3;2;3;"S-8";3;"S-4"
-4.93770316383584;2.25730832792703;-473.636402593819;77.0528517276984;"T12";29.5277932076715;3;2;3;"S-8";3;"S-4"
-5.07955141099239;2.34454503288166;-473.840475740634;77.1461453094566;"T12";29.5691227773204;3;2;3;"S-8";3;"S-4"
-5.1861689895891;2.37821712841473;-473.93133671617;77.1880835893635;"T12";29.5870103756897;3;2;3;"S-8";3;"S-4"
-5.032559564395;2.39043700752501;-474.222617972118;77.3216561886121;"T12";29.6431753900833;3;2;3;"S-8";3;"S-4"
-4.79010986126223;2.40055146316189;-474.415419550659;77.4132358356201;"T12";29.6814862289466;3;2;3;"S-8";3;"S-4"
-4.94770524386378;2.29784239504241;-474.55579119223;77.4835827293904;"T12";29.7107907012105;3;2;3;"S-8";3;"S-4"
-5.09138686278945;2.40042157498903;-474.671841567954;77.5374795280386;"T12";29.7342460951768;3;2;3;"S-8";3;"S-4"
-5.15822239024055;1.99247631941682;-474.906427196126;77.6480789419549;"T12";29.7803210909478;3;2;3;"S-8";3;"S-4"
-4.85748047563838;1.36533813214478;-477.106731870183;78.4979947902626;"T12";30.2068836754188;3;2;3;"S-8";3;"S-4"
-5.27310136787536;1.15500589965627;-477.975900193234;78.7423001787588;"T12";30.3858176572248;3;2;3;"S-8";3;"S-4"
-5.15752618429559;1.14994103455503;-478.110613428161;78.7718074023541;"T12";30.4113649064675;3;2;3;"S-8";3;"S-4"
-4.99145912233877;1.44229419983774;-479.439225405669;79.0680396224814;"T12";30.6689713499509;3;2;3;"S-8";3;"S-4"
-4.97765418926636;1.5256995887459;-479.587352237734;79.1108412292843;"T12";30.6986474082805;3;2;3;"S-8";3;"S-4"
-5.05294509405578;1.32087148325481;-480.86387621729;79.5021082873362;"T12";30.955098324921;3;2;3;"S-8";3;"S-4"
-5.08098421130986;1.29759209433884;-480.995071788575;79.5364036310641;"T12";30.9810625039972;3;2;3;"S-8";3;"S-4"
-5.16984387550398;1.10517485007366;-481.142507457429;79.5740560524006;"T12";31.0100796516053;3;2;3;"S-8";3;"S-4"
-5.27978178181473;1.04338246762427;-481.173346864199;79.5806486957326;"T12";31.0160449007526;3;2;3;"S-8";3;"S-4"
-5.30774861779566;1.12644010086962;-481.207435214289;79.5873851837739;"T12";31.0225012945011;3;2;3;"S-8";3;"S-4"
-5.71556043589113;0.718271340798529;-482.24622316217;79.8078425725941;"T12";31.2182128895074;3;2;3;"S-8";3;"S-4"
-5.12744884631975;1.02518811055223;-483.139531805229;79.920104179132;"T12";31.3745070365258;3;2;3;"S-8";3;"S-4"
-4.5674861080811;1.11371351747917;-483.86625364834;80.0654057931638;"T12";31.5162386978045;3;2;3;"S-8";3;"S-4"
-4.34637991838242;1.36561433948719;-484.373220710752;80.1890221670212;"T12";31.6272334661335;3;2;3;"S-8";3;"S-4"
-4.56823175624305;1.38801648275627;-484.595372963684;80.2588214730758;"T12";31.6783454851247;3;2;3;"S-8";3;"S-4"
-4.10536580125281;1.86303217546706;-485.202461870093;80.443280023683;"T12";31.8112391163595;3;2;3;"S-8";3;"S-4"
-3.98192113343474;1.9497495287282;-485.268671362498;80.4733261683249;"T12";31.8273666664027;3;2;3;"S-8";3;"S-4"
-4.15190331084332;1.82991944972481;-485.40834245857;80.5417161852583;"T12";31.8624429753982;3;2;3;"S-8";3;"S-4"
-3.83307631946064;2.1017456106474;-486.051191231531;80.8250468374439;"T12";32.0172752835788;3;2;3;"S-8";3;"S-4"
-3.42791586798409;3.12443281012262;-487.935180169339;81.8580723111198;"T12";32.508783612866;3;2;3;"S-8";3;"S-4"
-4.02175187123943;3.22078333231133;-488.212275124896;82.1106352689062;"T12";32.5896184309386;3;2;3;"S-8";3;"S-4"
-3.92981070358939;3.2758582534566;-488.24408232112;82.1361077721157;"T12";32.5975272222422;3;2;3;"S-8";3;"S-4"
-4.00830085760391;3.13846337043702;-488.317543120182;82.1973440969826;"T12";32.6162204379216;3;2;3;"S-8";3;"S-4"
-4.23654785731375;2.91289132313251;-488.557411609057;82.3851589573937;"T12";32.6760633732192;3;2;3;"S-8";3;"S-4"
-4.24360494964036;2.88461582537523;-488.63639098117;82.4394622098256;"T12";32.6947057619691;3;2;3;"S-8";3;"S-4"
-3.9411036181429;2.68206744645788;-488.973000883227;82.6682748024147;"T12";32.7740274486132;3;2;3;"S-8";3;"S-4"
-3.94060496354112;2.81465275982372;-489.795325480231;83.2278972446901;"T12";32.9826808301732;3;2;3;"S-8";3;"S-4"
-4.12692197227435;2.74744098107183;-489.944286069537;83.334295205834;"T12";33.0204822821543;3;2;3;"S-8";3;"S-4"
-4.12059786102549;2.83135078179449;-489.974502190605;83.3544111687405;"T12";33.0278039909899;3;2;3;"S-8";3;"S-4"
-4.07051262181678;3.02056585815536;-490.528209753608;83.734875459183;"T12";33.1621795310639;3;2;3;"S-8";3;"S-4"
-4.16591672945457;3.1049356721141;-490.820716506393;83.9519331108429;"T12";33.2340394612402;3;2;3;"S-8";3;"S-4"
-4.22865925353995;2.91939728715768;-490.908144875596;84.0170951099709;"T12";33.255026047118;3;2;3;"S-8";3;"S-4"
-4.42211761183929;2.83282011028766;-491.205155905439;84.2221466742591;"T12";33.3252636832185;3;2;3;"S-8";3;"S-4"
-4.91683998570949;2.49535157983108;-491.82685472585;84.6204085649622;"T12";33.46585216932;3;2;3;"S-8";3;"S-4"
-4.99673574618579;2.51537728365593;-492.025980133545;84.7214669484197;"T12";33.5063508246094;3;2;3;"S-8";3;"S-4"
-5.40856864738683;2.28155219373761;-492.645988551328;85.033581730747;"T12";33.6304335156456;3;2;3;"S-8";3;"S-4"
-5.61964014038473;2.05945666230674;-492.841642398954;85.1161164075471;"T12";33.6666083079763;3;2;3;"S-8";3;"S-4"
-5.79740424309002;1.87814811346137;-492.907493568771;85.1402492037784;"T12";33.6783263483085;3;2;3;"S-8";3;"S-4"
-5.60336332836114;1.92933327826425;-493.155458197726;85.2205807246712;"T12";33.7210980127566;3;2;3;"S-8";3;"S-4"
-5.47841846774049;1.9057189349895;-493.165042826943;85.2238808754955;"T12";33.7228085263632;3;2;3;"S-8";3;"S-4"
-4.84855965515037;2.05890420994675;-494.514522331237;85.6933099012002;"T12";33.9691350003704;3;2;3;"S-8";3;"S-4"
-4.9424613215124;1.88201313102954;-494.939055230814;85.8735845881934;"T12";34.0566935599782;3;2;3;"S-8";3;"S-4"
-4.86480065107554;1.95250623798203;-495.084051982051;85.9287971173428;"T12";34.0860305121168;3;2;3;"S-8";3;"S-4"
-4.98006049460514;1.94372042481326;-495.223515042289;85.9847711468283;"T12";34.1146982973441;3;2;3;"S-8";3;"S-4"
-4.64775049194062;1.81930326888138;-495.401568054518;86.0542653381023;"T12";34.1504514799453;3;2;3;"S-8";3;"S-4"
-4.37445999695948;1.97288025204623;-495.799812045787;86.2101529220818;"T12";34.2361368006095;3;2;3;"S-8";3;"S-4"
-3.49350601852547;2.15824986572415;-496.664948559258;86.6003292510314;"T12";34.4339066999964;3;2;3;"S-8";3;"S-4"
-3.70009129587386;2.2212272357102;-497.051222401235;86.8389650121147;"T12";34.5444758073427;3;2;3;"S-8";3;"S-4"
-4.05618446429743;1.9666217900542;-497.560129510461;87.1444705364568;"T12";34.6820148755796;3;2;3;"S-8";3;"S-4"
-4.00887566782518;1.95049889733118;-497.572630161751;87.1505314179167;"T12";34.6850967500359;3;2;3;"S-8";3;"S-4"
-4.15882026562446;2.08806889244119;-497.934747284426;87.3267177372255;"T12";34.775425598491;3;2;3;"S-8";3;"S-4"
-4.05159949961841;2.67370090976479;-498.348936498869;87.5346746959363;"T12";34.875018557068;3;2;3;"S-8";3;"S-4"
-4.19843942893646;2.65393785906757;-498.371026562975;87.5492522040298;"T12";34.8804707406089;3;2;3;"S-8";3;"S-4"
-4.24210069558485;2.69538530821117;-498.423941330078;87.582700942804;"T12";34.8930741776712;3;2;3;"S-8";3;"S-4"
-4.5307480010906;2.51971871940941;-498.572819604916;87.6772966027154;"T12";34.928169590421;3;2;3;"S-8";3;"S-4"
-4.53408487531692;2.86662926538068;-499.090010167921;87.9649256526632;"T12";35.042320843786;3;2;3;"S-8";3;"S-4"
-4.19373484994152;2.85077924771511;-499.533564330619;88.245358282077;"T12";35.140147455968;3;2;3;"S-8";3;"S-4"
-4.53772296485972;2.46590509095417;-500.220968256829;88.7126355224741;"T12";35.304059565533;3;2;3;"S-8";3;"S-4"
-4.3645222130522;2.52834109140145;-500.32246748576;88.7677925841297;"T12";35.3264274424873;3;2;3;"S-8";3;"S-4"
-4.20750848776725;2.66420080920642;-500.620045213362;88.9401775462985;"T12";35.394608497154;3;2;3;"S-8";3;"S-4"
-4.16208275340595;2.72747671381878;-500.650705791388;88.9595918711955;"T12";35.401895607356;3;2;3;"S-8";3;"S-4"
-4.02990263261361;2.72829037233215;-500.713989312169;89.0010625337277;"T12";35.4171003797092;3;2;3;"S-8";3;"S-4"
-3.64480488713883;2.54115247794581;-500.91393433647;89.1364276118765;"T12";35.4667157283984;3;2;3;"S-8";3;"S-4"
-3.58087000741998;2.29705471078626;-501.749561057512;89.7190253032663;"T12";35.6959808734246;3;2;3;"S-8";3;"S-4"
-3.53041981666309;2.26770441540162;-501.980732446703;89.8673170109914;"T12";35.7605381985195;3;2;3;"S-8";3;"S-4"
-3.40057125800486;2.37245413542617;-502.041762238972;89.9065184478136;"T12";35.7778250356205;3;2;3;"S-8";3;"S-4"
-3.79485971109142;2.46009804959196;-502.199446939197;90.016529293274;"T12";35.8241950976662;3;2;3;"S-8";3;"S-4"
-3.81173089725933;2.46463503268947;-502.328513618867;90.1001994974703;"T12";35.8582060202025;3;2;3;"S-8";3;"S-4"
-3.88320463524859;2.43161588483125;-502.355294316336;90.1175156845156;"T12";35.8652318827808;3;2;3;"S-8";3;"S-4"
-4.07540948217944;2.56586490652084;-502.831111117125;90.4154664235949;"T12";35.9877638751641;3;2;3;"S-8";3;"S-4"
-4.29132487847319;2.44902639854264;-503.241024332677;90.673546486249;"T12";36.0883459681645;3;2;3;"S-8";3;"S-4"
-4.27787007982858;2.50537218298009;-503.251095134718;90.679293816212;"T12";36.0906927497126;3;2;3;"S-8";3;"S-4"
-4.16823221669558;2.77485767677889;-503.459751753987;90.8014953978296;"T12";36.1394685693085;3;2;3;"S-8";3;"S-4"
-4.94438927189145;2.67255558370437;-504.069096238054;91.2071455947273;"T12";36.2856563180685;3;2;3;"S-8";3;"S-4"
-4.87595913187865;3.02908748896343;-504.226295111142;91.292115184078;"T12";36.3174497033469;3;2;3;"S-8";3;"S-4"
-4.43040331067332;3.1897433584287;-504.548487888356;91.4922706989412;"T12";36.3835275289603;3;2;3;"S-8";3;"S-4"
-4.11907662166838;2.55636757829819;-505.520183410218;92.1918592284563;"T12";36.6028519230895;3;2;3;"S-8";3;"S-4"
-4.11152577652227;2.58011143804303;-505.528433854043;92.1969795913528;"T12";36.6048549069092;3;2;3;"S-8";3;"S-4"
-4.37735526391054;2.46671825772027;-505.972284147407;92.4755095777698;"T12";36.7128076031804;3;2;3;"S-8";3;"S-4"
-4.764242553338;2.12757181652657;-506.327172748828;92.6754956743518;"T12";36.7938813520595;3;2;3;"S-8";3;"S-4"
-4.70802319629046;2.01801390825457;-506.550137947632;92.7750654312924;"T12";36.8406810681336;3;2;3;"S-8";3;"S-4"
-4.62730685137065;2.0505111886761;-506.592709105421;92.7933128325745;"T12";36.8497233255766;3;2;3;"S-8";3;"S-4"
-4.15265052124122;2.50364351838604;-507.412624725235;93.1566442921471;"T12";37.0269139995798;3;2;3;"S-8";3;"S-4"
-4.40779298341563;2.59135118980631;-507.559416431127;93.2451453834691;"T12";37.0622629183345;3;2;3;"S-8";3;"S-4"
-4.88062821218659;2.18831990896334;-508.020731193392;93.5163533468575;"T12";37.1669218176976;3;2;3;"S-8";3;"S-4"
-4.95558053921197;2.08535170862542;-508.515057312146;93.7379936030217;"T12";37.268205115106;3;2;3;"S-8";3;"S-4"
-5.09825131183774;1.70166724653922;-509.161451083332;94.0100017652382;"T12";37.3986426624469;3;2;3;"S-8";3;"S-4"
-5.37080066135033;1.85428195431122;-510.664230739107;94.5115915776236;"T12";37.6934064086527;3;2;3;"S-8";3;"S-4"
-4.5434194040824;1.80210022261388;-512.662501359581;95.201499355814;"T12";38.0654683685862;3;2;3;"S-8";3;"S-4"
-4.25927903754983;1.66283497342047;-512.799199926855;95.255719425899;"T12";38.0955555243418;3;2;3;"S-8";3;"S-4"
-3.89945770805143;1.99390733072571;-513.068140786584;95.3607147228486;"T12";38.158697867766;3;2;3;"S-8";3;"S-4"
-4.12408719489114;2.21981629719512;-513.544035681595;95.6040537691625;"T12";38.2807391695678;3;2;3;"S-8";3;"S-4"
-4.14520492263085;2.29779433372802;-513.615438529719;95.6424868086308;"T12";38.2980527821928;3;2;3;"S-8";3;"S-4"
-4.13563336877332;2.27904621932217;-513.771635721406;95.7290709531304;"T12";38.3357341983356;3;2;3;"S-8";3;"S-4"
-4.43534226025776;2.17715191510033;-514.134064879878;95.92879678222;"T12";38.423369906377;3;2;3;"S-8";3;"S-4"
-4.15288191986153;2.71780134391257;-514.849852266745;96.2801513764494;"T12";38.584752578754;3;2;3;"S-8";3;"S-4"
-4.1007622251872;2.70722156571412;-515.157838378255;96.4817090137529;"T12";38.6589145986363;3;2;3;"S-8";3;"S-4"
-4.08262903598887;2.95259200815723;-515.761444812053;96.880195018317;"T12";38.8061083154753;3;2;3;"S-8";3;"S-4"
-3.80382223219575;2.86915778508616;-515.842976200105;96.939159210913;"T12";38.8260786305182;3;2;3;"S-8";3;"S-4"
-3.7501482461861;2.87268470069696;-515.894515151207;96.9780341566286;"T12";38.8396278838627;3;2;3;"S-8";3;"S-4"
-3.629359188132;2.85012730559292;-516.007955510981;97.0649316242946;"T12";38.8698774506338;3;2;3;"S-8";3;"S-4"
-3.91047457792313;2.71204458814063;-516.580036320428;97.5141853496744;"T12";39.0275032958016;3;2;3;"S-8";3;"S-4"
-3.77623690547474;2.55321606460136;-516.718658191391;97.6103242421416;"T12";39.06295215711;3;2;3;"S-8";3;"S-4"
-3.94547978062638;2.48664394526925;-516.90140175377;97.7338821149257;"T12";39.1113451914862;3;2;3;"S-8";3;"S-4"
-4.23694771518535;2.55233990091965;-517.565510839951;98.1524377608728;"T12";39.2796666943468;3;2;3;"S-8";3;"S-4"
-4.47387470019118;2.33421674477;-518.052183529813;98.445609687581;"T12";39.3945306772366;3;2;3;"S-8";3;"S-4"
-4.52587384331756;2.31350615132566;-518.077383406871;98.4587575692132;"T12";39.4001633510925;3;2;3;"S-8";3;"S-4"
-4.48977445229777;2.14988494224708;-518.18861553304;98.5156164691794;"T12";39.4247402902693;3;2;3;"S-8";3;"S-4"
-4.51612877583724;2.01937980013765;-518.217917728155;98.5296475410563;"T12";39.4312667194754;3;2;3;"S-8";3;"S-4"
-4.42521279700054;1.87318880500132;-518.307406473878;98.5696622913929;"T12";39.4510820857249;3;2;3;"S-8";3;"S-4"
-3.73141396085613;2.21373300296132;-518.970755044442;98.8504571758869;"T12";39.6009841584601;3;2;3;"S-8";3;"S-4"
-3.85699207117284;1.90425569268048;-519.145397885208;98.9540673956023;"T12";39.6477875532582;3;2;3;"S-8";3;"S-4"
-3.80721284861192;1.79904897252925;-519.373530914914;99.0667001447729;"T12";39.7069354658015;3;2;3;"S-8";3;"S-4"
-3.95372286738034;1.6865757185577;-520.166988657313;99.4416382932218;"T12";39.9153445498087;3;2;3;"S-8";3;"S-4"
-4.04534163115099;1.74357693262458;-520.261022389036;99.4817511220592;"T12";39.9391281418502;3;2;3;"S-8";3;"S-4"
-3.92712216274642;1.82970462800207;-520.749474737862;99.6922782729776;"T12";40.0598725420423;3;2;3;"S-8";3;"S-4"
-3.6746351699866;1.49529106127782;-521.336088940236;99.9655905552177;"T12";40.2092476258986;3;2;3;"S-8";3;"S-4"
-3.15291095132505;2.7183266540925;-522.119786574813;100.284494613313;"T12";40.4225198552012;3;2;3;"S-8";3;"S-4"
-3.16668466817188;2.94988907096352;-522.418677835044;100.542187929713;"T12";40.5173183651641;3;2;3;"S-8";3;"S-4"
-3.22318332950991;2.89578333099002;-522.437842874554;100.560040904202;"T12";40.5233704484999;3;2;3;"S-8";3;"S-4"
-3.02183219552629;3.27985876349236;-522.941505839433;101.012543498386;"T12";40.6796330353245;3;2;3;"S-8";3;"S-4"
-3.13080793867651;3.18302924260254;-523.318413607355;101.421634462297;"T12";40.8043612609617;3;2;3;"S-8";3;"S-4"
-3.70325069928423;2.96483552072192;-523.501610930366;101.607887483157;"T12";40.8628756529652;3;2;3;"S-8";3;"S-4"
-3.82509713576946;3.46901173049738;-524.40847654911;102.333927283674;"T12";41.1077593220398;3;2;3;"S-8";3;"S-4"
-4.1073742569892;3.36272169990055;-525.21469631843;103.065094555475;"T12";41.3185303797945;3;2;3;"S-8";3;"S-4"
-3.81557942102157;3.61893934349159;-525.401175016047;103.217765318793;"T12";41.3639313308522;3;2;3;"S-8";3;"S-4"
-4.62660746745919;2.93280817186161;-526.024186457321;103.808669180955;"T12";41.5272122831084;3;2;3;"S-8";3;"S-4"
-5.14093039729448;2.75013276365699;-526.444269455944;104.074959947978;"T12";41.6180094820447;3;2;3;"S-8";3;"S-4"
-4.8699555389499;2.42075165904257;-527.119454950338;104.436149383777;"T12";41.7493447544985;3;2;3;"S-8";3;"S-4"
-4.58818096515041;2.38069257922721;-527.24299033534;104.497556204804;"T12";41.7747115949169;3;2;3;"S-8";3;"S-4"
-4.35301024427125;2.47965916897584;-527.430939469062;104.595078318976;"T12";41.8156753527001;3;2;3;"S-8";3;"S-4"
-4.37965729118485;2.39456904601633;-528.174420276723;105.018596504834;"T12";41.986472287681;3;2;3;"S-8";3;"S-4"
-4.3333224355337;2.4525923283958;-528.23611089615;105.052325730179;"T12";42.0005580061115;3;2;3;"S-8";3;"S-4"
-4.48017485368626;2.57065848371453;-528.366653304196;105.126210679492;"T12";42.0306832529604;3;2;3;"S-8";3;"S-4"
-5.04512557681153;2.46506575228507;-529.309002256035;105.666916657892;"T12";42.2410207916982;3;2;3;"S-8";3;"S-4"
-4.16578395951581;2.65652713750989;-530.535018747998;106.265952543136;"T12";42.4840308958665;3;2;3;"S-8";3;"S-4"
-4.26361694161001;2.57148290848837;-530.653882805774;106.34175234414;"T12";42.5125643145293;3;2;3;"S-8";3;"S-4"
-4.70863646370327;2.3589360508577;-530.838514460128;106.453107831755;"T12";42.5558683113195;3;2;3;"S-8";3;"S-4"
-4.55482957765719;2.32150808004351;-530.912424170791;106.490135171269;"T12";42.5715649384074;3;2;3;"S-8";3;"S-4"
-4.36700932003212;2.16776584891689;-531.53480257316;106.807349342582;"T12";42.7082063630223;3;2;3;"S-8";3;"S-4"
-4.21865453591043;2.05261805788489;-531.820513461087;106.94917507734;"T12";42.773631203454;3;2;3;"S-8";3;"S-4"
-4.00429800344894;2.0860387455687;-532.164748715685;107.116665326597;"T12";42.8552295546979;3;2;3;"S-8";3;"S-4"
-3.91157963457093;2.31824057711806;-532.473486125261;107.277502057037;"T12";42.9323310614564;3;2;3;"S-8";3;"S-4"
-3.79113441604312;2.2818532067073;-532.584469185629;107.343277385154;"T12";42.9607040132396;3;2;3;"S-8";3;"S-4"
-3.83115766844799;2.22792279159022;-532.603289420515;107.354605132633;"T12";42.9656682885252;3;2;3;"S-8";3;"S-4"
-3.6978026263529;2.2038257581521;-532.684072604184;107.401582759672;"T12";42.9867541301064;3;2;3;"S-8";3;"S-4"
-3.99551244986211;2.31696422166606;-533.045382613389;107.616917212433;"T12";43.0844635120593;3;2;3;"S-8";3;"S-4"
-4.21269743690793;2.34344795808934;-533.274797196362;107.749952808579;"T12";43.1418815744109;3;2;3;"S-8";3;"S-4"
-4.01312249485052;2.30386929177923;-533.468419884706;107.857661634203;"T12";43.1878432631493;3;2;3;"S-8";3;"S-4"
-4.23931565211081;2.05077681471292;-533.710422451003;107.996591428083;"T12";43.2481460738927;3;2;3;"S-8";3;"S-4"
-4.38373141270654;1.9372060053371;-535.648602825488;108.934189781427;"T12";43.7053378787823;3;2;3;"S-8";3;"S-4"
-4.27853992674215;1.91970420983999;-535.667398561512;108.942495767645;"T12";43.7096254900098;3;2;3;"S-8";3;"S-4"
-4.14638376595306;1.95830401566596;-535.955752183495;109.07187487162;"T12";43.7770208227448;3;2;3;"S-8";3;"S-4"
-4.30765294761679;2.01720333268582;-536.140885863281;109.159312033501;"T12";43.8216702546924;3;2;3;"S-8";3;"S-4"
-3.9373911374721;1.97282331519753;-537.781134749151;109.927413725825;"T12";44.2024457966909;3;2;3;"S-8";3;"S-4"
-4.5705772024117;1.80420052778399;-538.924311203856;110.500200397122;"T12";44.4927843520418;3;2;3;"S-8";3;"S-4"
-4.23153632940799;2.12287437327168;-539.203297582839;110.61032814465;"T12";44.5538239902817;3;2;3;"S-8";3;"S-4"
-3.95526817076444;2.1972225305101;-541.11359915527;111.568686985894;"T12";45.005267963279;3;2;3;"S-8";3;"S-4"
-3.76685183695397;2.16815940677128;-541.810883202931;111.956040802005;"T12";45.1815604465082;3;2;3;"S-8";3;"S-4"
-4.19043203618784;2.57481438262603;-542.143998445521;112.147778353154;"T12";45.2699937741272;3;2;3;"S-8";3;"S-4"
-4.14097400308741;2.94040751212971;-543.727490668059;113.120756440892;"T12";45.6478765816428;3;2;3;"S-8";3;"S-4"
-3.9762191156324;3.41996147054763;-543.982600616211;113.301903969809;"T12";45.7094828481786;3;2;3;"S-8";3;"S-4"
-4.06482205639881;3.52912527264298;-544.046375675589;113.356757145529;"T12";45.7255219691433;3;2;3;"S-8";3;"S-4"
-4.09928019398849;2.67122275713675;-544.929202834575;114.123237841345;"T12";45.9427091293037;3;2;3;"S-8";3;"S-4"
-4.10498748086082;2.67637336525554;-546.230013462703;114.970887864799;"T12";46.2600357248448;3;2;3;"S-8";3;"S-4"
-4.260412784567;2.58538267223291;-546.902843667802;115.409560296485;"T12";46.4239412685856;3;2;3;"S-8";3;"S-4"
-4.18718991812292;2.68193253965406;-546.955448659663;115.44148303292;"T12";46.4362886617891;3;2;3;"S-8";3;"S-4"
-4.27575242036878;2.88420432076117;-547.151227601346;115.566881193631;"T12";46.4830453041941;3;2;3;"S-8";3;"S-4"
-4.35816085909811;2.995752168642;-547.682203888091;115.92505069221;"T12";46.6072284267284;3;2;3;"S-8";3;"S-4"
-4.91062223406233;2.11009500078851;-548.941814153602;116.790893029505;"T12";46.896251779981;3;2;3;"S-8";3;"S-4"
-4.81144354531625;2.15526518855724;-549.070313424902;116.846109182785;"T12";46.9224193948321;3;2;3;"S-8";3;"S-4"
-4.28556265242079;2.41043700768391;-550.734680765003;117.591655286632;"T12";47.2683378960937;3;2;3;"S-8";3;"S-4"
-4.44101933017391;2.36287917095761;-550.761478906629;117.606728040796;"T12";47.2745910170488;3;2;3;"S-8";3;"S-4"
-5.16437170338204;2.13593074896662;-551.806927685094;118.16296726411;"T12";47.5099984090775;3;2;3;"S-8";3;"S-4"
-5.14164958134678;2.03504665573982;-552.033993370823;118.256879284398;"T12";47.5539661361836;3;2;3;"S-8";3;"S-4"
-4.87004520867004;1.97476412681662;-552.228148864603;118.333725339746;"T12";47.5917274598032;3;2;3;"S-8";3;"S-4"
-4.90851001982519;1.91580766008166;-552.597716675102;118.483582111774;"T12";47.6676133694127;3;2;3;"S-8";3;"S-4"
-4.21970709601923;2.4248468248333;-553.548576362418;118.854705785814;"T12";47.8613299317658;3;2;3;"S-8";3;"S-4"
-4.0861829029856;2.63841856449802;-553.796614992124;118.99724072248;"T12";47.9201109381393;3;2;3;"S-8";3;"S-4"
-4.17947622079064;2.60619966706495;-553.971299023998;119.110032930651;"T12";47.9628608678468;3;2;3;"S-8";3;"S-4"
-4.36908248912393;2.46456924715132;-554.144063635655;119.217763911663;"T12";48.0041972943582;3;2;3;"S-8";3;"S-4"
-4.3236772646746;2.48437124889313;-554.234756560531;119.268923164009;"T12";48.0249551823363;3;2;3;"S-8";3;"S-4"
-4.13372631141516;2.62329397849107;-554.959785176582;119.685522308228;"T12";48.192643141374;3;2;3;"S-8";3;"S-4"
-4.14866840754011;2.56962268087368;-555.66452788649;120.132757361546;"T12";48.3631292008795;3;2;3;"S-8";3;"S-4"
-4.22737055353265;2.65336127973102;-555.952706778956;120.311251023966;"T12";48.4325921861455;3;2;3;"S-8";3;"S-4"
-4.23624152169288;2.85963125217338;-556.123019091276;120.418149647886;"T12";48.4728801879101;3;2;3;"S-8";3;"S-4"
-4.25988606164651;2.31952046772791;-557.441523501178;121.308192483588;"T12";48.7841241061687;3;2;3;"S-8";3;"S-4"
-4.65891135668929;2.40943976167675;-557.560079363797;121.372746498867;"T12";48.8119548652321;3;2;3;"S-8";3;"S-4"
-4.47382836829089;2.18789424222812;-558.746914828799;121.986539795414;"T12";49.0667000995018;3;2;3;"S-8";3;"S-4"
-5.08876390494371;1.92898839745371;-559.875082104396;122.538262052809;"T12";49.318870541174;3;2;3;"S-8";3;"S-4"
-5.16113311584244;1.96791196920882;-560.375505893448;122.727956780433;"T12";49.4172095088288;3;2;3;"S-8";3;"S-4"
-4.04239586458498;2.22147647638542;-562.339415153013;123.47678469314;"T12";49.7977285180241;3;2;3;"S-8";3;"S-4"
-3.96095863872805;2.58476221890668;-563.157076555276;123.926126032193;"T12";50;3;2;3;"S-8";3;"S-4"
