"Vx";"Vy";"X";"Y";"Traj";"Time";"TrueMovMode";"TrueTrajClust";"firstEstMovMode";"firstSegment";"finalEstMovMode";"finalSegment"
0;0;0;0;"T13";0;1;2;1;"S-1-NA";2;"S-1"
-6.85053118955973;4.8555583619299;0;0;"T13";0.170455116312951;1;2;1;"S-1-NA";2;"S-1"
-7.28518713601135;5.10054718344597;-0.0962105017656478;0.06819262527636;"T13";0.184499355964363;1;2;1;"S-1-NA";2;"S-1"
-13.523958011165;7.99947956982873;-1.68760882013672;1.18237158306664;"T13";0.40294238133356;1;2;1;"S-1-NA";2;"S-1"
-19.3956051940904;7.43931080005279;-5.53116930970473;3.45585421191809;"T13";0.687146198470145;1;2;4;"S-2-NA";2;"S-1"
-20.8117465675438;6.58109949067825;-7.65562224997795;4.27070198514426;"T13";0.796678895130754;1;2;4;"S-2-NA";2;"S-1"
-20.7971202558085;6.60818914391936;-7.71329060938385;4.28893789866948;"T13";0.799449847545475;1;2;4;"S-2-NA";2;"S-1"
-21.5428073869331;5.49386488354812;-11.0272619025318;5.34193700879986;"T13";0.958797452040017;1;2;4;"S-2-NA";2;"S-1"
-22.4275439144531;5.0096516566267;-13.2044703336598;5.89717053658945;"T13";1.05986173730344;1;2;4;"S-2-NA";2;"S-1"
-22.57449144022;4.9388557301318;-14.163686719988;6.11143117864469;"T13";1.10263130627573;1;2;4;"S-2-NA";2;"S-1"
-22.51791979729;4.88868890767921;-15.570859305763;6.41929292635861;"T13";1.16496593691409;1;2;4;"S-2-NA";2;"S-1"
-22.629173514241;3.94549039908029;-18.3211636600484;7.01638992779455;"T13";1.28710441058502;1;2;4;"S-2-NA";2;"S-1"
-22.4309649651623;3.73894741912777;-21.1523200623276;7.5100138065658;"T13";1.41221531666815;1;2;4;"S-2-NA";2;"S-1"
-22.0567307379814;3.31107147720547;-27.4865121808964;8.5658404868163;"T13";1.69460139004514;1;2;2;"S-3";2;"S-1"
-22.0875366229607;3.28362511537886;-27.7640632012249;8.6075053771301;"T13";1.70718489680439;1;2;2;"S-3";2;"S-1"
-21.9931606599686;3.37331931207319;-28.3098084743983;8.68863814065107;"T13";1.73189318738878;1;2;2;"S-3";2;"S-1"
-21.9866176420273;3.22691722382524;-28.8998231552102;8.77913481586574;"T13";1.7587203765288;1;2;2;"S-3";2;"S-1"
-21.9971549360658;3.31932752663834;-28.9546659782679;8.78718395071721;"T13";1.76121474942192;1;2;2;"S-3";2;"S-1"
-21.6180868407481;3.48514807681827;-29.752467377867;8.9075706168191;"T13";1.79748313967139;1;2;2;"S-3";2;"S-1"
-21.1988211196446;3.46749637023695;-31.1069535117079;9.12593335997983;"T13";1.86013836646453;1;2;2;"S-3";2;"S-1"
-21.3080732397906;2.6142027348518;-36.0808653552731;9.93951734024459;"T13";2.0947698969394;1;2;2;"S-3";2;"S-1"
-21.522945870275;2.54562039700392;-38.3606252844109;10.2192120162713;"T13";2.20176032744348;1;2;2;"S-3";2;"S-1"
-21.8520468450575;2.02182617136763;-41.8148639074868;10.6277611223286;"T13";2.36225130502135;1;2;2;"S-3";2;"S-1"
-21.4435835020082;1.85707300705593;-42.6292534114936;10.7031112268092;"T13";2.39951964467764;1;2;2;"S-3";2;"S-1"
-21.3978518908865;1.88182041471083;-43.7784562543517;10.8026353375486;"T13";2.45311156613752;1;2;2;"S-3";2;"S-1"
-21.4289322139225;1.91645366763288;-45.7047062961814;10.9720381669091;"T13";2.54313228651881;1;2;2;"S-3";2;"S-1"
-21.1586655613622;2.02847035363671;-46.383966709645;11.0327864626087;"T13";2.57483057212085;1;2;2;"S-3";2;"S-1"
-20.7436769927371;2.2939608392608;-47.1130671163618;11.1026849425276;"T13";2.60928928619251;1;2;2;"S-3";2;"S-1"
-20.1391263325955;2.8496602525939;-49.1521071248516;11.3281742774608;"T13";2.70758622791618;1;2;2;"S-3";2;"S-1"
-20.3059652646965;3.20043326563147;-50.4324122443888;11.5093357911274;"T13";2.77115924982354;1;2;2;"S-3";2;"S-1"
-20.4327209967953;3.34816718294648;-50.9450134103146;11.5901271153539;"T13";2.79640312073752;1;2;2;"S-3";2;"S-1"
-20.5156094865124;3.69546697202097;-52.6799496935369;11.8744189984026;"T13";2.88131282432005;1;2;2;"S-3";2;"S-1"
-21.6200647221775;3.2803258692014;-60.862302922449;13.3483023909839;"T13";3.28014831757173;1;2;2;"S-3";2;"S-1"
-21.8146350942748;2.21698533884597;-66.7421115515076;14.2404222157719;"T13";3.55210904963315;1;2;2;"S-3";2;"S-1"
-21.8113227249831;2.11422954503237;-67.5262337875811;14.3201112636851;"T13";3.58805382857099;1;2;2;"S-3";2;"S-1"
-21.9609785704557;2.14707620829108;-67.9272396597625;14.3589818298304;"T13";3.60643904423341;1;2;2;"S-3";2;"S-1"
-21.7483727503033;2.14257453534997;-70.1072625225843;14.5721178340972;"T13";3.70570706436411;1;2;2;"S-3";2;"S-1"
-21.3470589276142;2.00941494968825;-72.2202178403599;14.7802788910266;"T13";3.80286170402542;1;2;2;"S-3";2;"S-1"
-20.8597311958098;2.51522367306042;-77.7042661040413;15.296496539707;"T13";4.05976118054241;1;2;2;"S-3";2;"S-1"
-20.6965620885982;2.6739496652529;-78.1427766898831;15.3493712482084;"T13";4.08078305190429;1;2;2;"S-3";2;"S-1"
-20.8737397935213;2.54727362850348;-78.4246033676375;15.3857826264564;"T13";4.09440012881532;1;2;2;"S-3";2;"S-1"
-21.0087703022048;2.66050860524927;-78.7945255465972;15.4309251366334;"T13";4.11212202161551;1;2;2;"S-3";2;"S-1"
-21.3622268127828;2.37207701773597;-87.032188739494;16.4741263091241;"T13";4.50422794092447;1;2;2;"S-3";2;"S-1"
-21.6373074936202;2.08276871975991;-88.0151555900854;16.583275654645;"T13";4.55024219118059;1;2;2;"S-3";2;"S-1"
-21.3007819047572;2.13289616379226;-88.95780554488;16.6740134620228;"T13";4.59380814572796;1;2;2;"S-3";2;"S-1"
-21.0791271656111;2.31134010883374;-91.2647488734372;16.9050129904704;"T13";4.70211136853322;1;2;2;"S-3";2;"S-1"
-21.6470493621639;1.97611322188985;-93.8703294392526;17.1907166071929;"T13";4.82572087785229;1;2;2;"S-3";2;"S-1"
-22.0249806460714;2.16894209599314;-97.6119571708112;17.5322818666432;"T13";4.99856788665056;1;2;2;"S-3";2;"S-1"
-22.0124601121134;2.20414150306463;-98.23745112814;17.5938782964717;"T13";5.02696718322113;1;2;2;"S-3";2;"S-1"
-21.8763158506677;2.03056925760663;-101.896047747023;17.9602192056468;"T13";5.19317289581522;1;2;2;"S-3";2;"S-1"
-22.1305420685973;1.98283910351022;-102.222541386228;17.990524488817;"T13";5.20809742156416;1;2;2;"S-3";2;"S-1"
-21.7954429511593;2.02598152160512;-104.269728985178;18.1739471818011;"T13";5.3006025031209;1;2;2;"S-3";2;"S-1"
-21.7398739114465;2.05865229400196;-105.195637914589;18.2600144567759;"T13";5.34308427013457;1;2;2;"S-3";2;"S-1"
-21.5236046272482;1.96266548182869;-112.110211843645;18.9147884236848;"T13";5.66114379325882;1;2;2;"S-3";2;"S-1"
-21.2274381026149;2.171613775493;-114.620235050014;19.1436690406189;"T13";5.77776102581993;1;2;2;"S-3";2;"S-1"
-20.8244083203665;2.29072871830287;-117.479761270605;19.4362048851235;"T13";5.91246999101713;1;2;2;"S-3";2;"S-1"
-21.2132061997825;2.55581676867325;-120.957497395916;19.8187631741452;"T13";6.07947286916897;1;2;2;"S-3";2;"S-1"
-21.3180985055301;2.55694105570313;-121.920910764231;19.9348374732735;"T13";6.12488860497251;1;2;2;"S-3";2;"S-1"
-21.3026928435078;2.46515482889927;-123.793727671762;20.159467378208;"T13";6.21273963479325;1;2;2;"S-3";2;"S-1"
-21.0581579492943;3.06115702707779;-127.208203342737;20.5545916589877;"T13";6.37302339309826;1;2;2;"S-3";2;"S-1"
-21.0508224532199;3.05713061686635;-127.253278440158;20.5611440816427;"T13";6.37516389833763;1;2;2;"S-3";2;"S-1"
-21.7504877851256;3.12775124870238;-130.707068822507;21.0627248795227;"T13";6.53923304053023;1;2;2;"S-3";2;"S-1"
-21.7696928588366;2.86437624678788;-133.451612859489;21.4573942369915;"T13";6.66541614336893;1;2;2;"S-3";2;"S-1"
-21.8275005585057;2.97230119648696;-140.476711010331;22.3817308551105;"T13";6.98811698239297;1;2;2;"S-3";2;"S-1"
-21.7196790787378;2.85633148896174;-141.597533238834;22.5343558082928;"T13";7.0394660695456;1;2;2;"S-3";2;"S-1"
-21.5200665406659;2.88013826586548;-141.817689779628;22.5633083567025;"T13";7.04960233997554;1;2;2;"S-3";2;"S-1"
-21.5190904659339;2.89650897720926;-141.87262373774;22.5706604433958;"T13";7.05215502530336;1;2;2;"S-3";2;"S-1"
-21.8399788566144;2.67571220692592;-144.174318169814;22.8804727282529;"T13";7.15911560691893;1;2;2;"S-3";2;"S-1"
-22.3481955491402;2.54073485915769;-151.12765086597;23.732356207448;"T13";7.47749195434153;1;2;2;"S-3";2;"S-1"
-21.7733748329213;2.26227177861141;-153.963864788372;24.0548013715254;"T13";7.60440215235576;1;2;2;"S-3";2;"S-1"
-21.4325705585029;2.19278723909199;-155.693341429389;24.2344954348832;"T13";7.68383295508102;1;2;2;"S-3";2;"S-1"
-21.3970853701879;2.27020693999053;-155.863401563724;24.2518944534203;"T13";7.69176761386916;1;2;2;"S-3";2;"S-1"
-21.4769190417425;2.30118921290928;-155.936630470065;24.2596639588697;"T13";7.69518999150023;1;2;2;"S-3";2;"S-1"
-21.5338562009758;2.35268667099069;-157.750135320978;24.4539757124489;"T13";7.77962970314547;1;2;2;"S-3";2;"S-1"
-21.7449410484881;2.38728098770546;-158.520388671628;24.5381299286956;"T13";7.81539911404252;1;2;2;"S-3";2;"S-1"
-21.5550949080956;2.57474048323967;-160.613331641871;24.7679048887689;"T13";7.91164876427501;1;2;2;"S-3";2;"S-1"
-21.5069556178381;2.64643650355071;-171.840001873581;26.1089225210646;"T13";8.43248480232432;1;2;2;"S-3";2;"S-1"
-21.2645356897322;3.05229102435895;-176.683643264093;26.7049338586865;"T13";8.65769758820534;1;2;2;"S-3";2;"S-1"
-21.9548714835251;2.79394742215324;-178.853835619713;27.0164411845384;"T13";8.75975447706878;1;2;2;"S-3";2;"S-1"
-21.7087316807191;2.6976092379513;-179.183017303357;27.0583324029464;"T13";8.77474803710356;1;2;2;"S-3";2;"S-1"
-21.4370773909318;2.58821849974411;-181.713246109228;27.3727482196433;"T13";8.89130154391751;1;2;2;"S-3";2;"S-1"
-21.3084778431868;2.40163566134545;-183.287306572275;27.5627933613331;"T13";8.96472855238244;1;2;2;"S-3";2;"S-1"
-21.2285198475986;2.42587145578228;-183.749167997511;27.614848833226;"T13";8.9864035602659;1;2;2;"S-3";2;"S-1"
-21.312976940063;2.36968065718016;-185.084028231127;27.7673888765938;"T13";9.04928407398984;1;2;2;"S-3";2;"S-1"
-21.1290551341821;2.43408505977654;-185.569174331485;27.8213297846687;"T13";9.07204701798037;1;2;2;"S-3";2;"S-1"
-20.6534903572007;2.31398103220491;-192.505531908884;28.6204040566223;"T13";9.40033228835091;1;2;2;"S-3";2;"S-1"
-20.1304239461761;2.8894451454855;-194.017789102586;28.7898347146622;"T13";9.47355270618573;1;2;2;"S-3";2;"S-1"
-20.0753315724273;3.00844532574746;-195.340202810512;28.9796489917438;"T13";9.53924499917775;1;2;2;"S-3";2;"S-1"
-20.9654989732946;3.40376394879503;-199.233842315733;29.5631413005691;"T13";9.73319644108415;1;2;2;"S-3";2;"S-1"
-21.0639988843083;3.33148923351039;-200.274705014196;29.7321261138181;"T13";9.7828428959474;1;2;2;"S-3";2;"S-1"
-21.5616211233311;2.76379536906261;-204.678314395957;30.4286024725806;"T13";9.99190146103501;1;2;2;"S-3";2;"S-1"
-21.5810973834562;2.83997447319242;-206.58020944576;30.6723897416836;"T13";10.080108884722;1;2;2;"S-3";2;"S-1"
-22.2701372072841;2.04410929380729;-213.529503596864;31.5868853136729;"T13";10.4021172621287;1;2;2;"S-3";2;"S-1"
-21.981511564786;2.25626276440602;-215.224613312459;31.7424743651197;"T13";10.4782330803573;1;2;2;"S-3";2;"S-1"
-21.8765795170713;2.33450417816353;-216.14116487788;31.8365525709165;"T13";10.5199295561761;1;2;2;"S-3";2;"S-1"
-22.1046005585412;1.97975393506467;-224.972996501832;32.7790192765029;"T13";10.9236412798055;1;2;2;"S-3";2;"S-1"
-21.4197576078463;2.13804256926444;-226.963937265235;32.9573338676392;"T13";11.0137103474699;1;2;2;"S-3";2;"S-1"
-21.3410019803832;2.10910317895768;-227.083335992748;32.9692518158631;"T13";11.0192845808342;1;2;2;"S-3";2;"S-1"
-21.2454676439623;2.36459115076177;-229.289302104547;33.1872645475682;"T13";11.1226520850323;1;2;2;"S-3";2;"S-1"
-21.3539303705647;2.7419151321144;-235.232347957401;33.8487173274144;"T13";11.4023844944313;1;2;2;"S-3";2;"S-1"
-20.9227847921041;2.98088344325104;-240.905605432219;34.5771823101431;"T13";11.6680619306862;1;2;2;"S-3";2;"S-1"
-21.5104595835343;2.73675268651292;-243.529178942187;34.9509646204677;"T13";11.7934550624341;1;2;2;"S-3";2;"S-1"
-22.0863148388437;2.22045101049361;-246.903106195298;35.3802257637823;"T13";11.9503056048416;1;2;2;"S-3";2;"S-1"
-21.9630871861747;2.08176048519728;-248.38842269229;35.5295522829737;"T13";12.0175561401993;1;2;2;"S-3";2;"S-1"
-21.8565203296767;2.10677074120883;-249.087358391793;35.595800561669;"T13";12.0493793394417;1;2;2;"S-3";2;"S-1"
-21.5436944333364;2.02501280634844;-252.193008599481;35.8951571331312;"T13";12.1914719580673;1;2;2;"S-3";2;"S-1"
-21.5072153223268;2.18781175525811;-257.063030161763;36.3529178046506;"T13";12.4175251810811;1;2;2;"S-3";2;"S-1"
-21.2023340808706;2.46905735162285;-258.986690708536;36.5486013040847;"T13";12.5069677480496;1;2;2;"S-3";2;"S-1"
-20.9943585552806;2.53374626909322;-259.41338241544;36.5982904699941;"T13";12.5270924996585;1;2;2;"S-3";2;"S-1"
-21.2964855898276;2.50918545047753;-260.57843545417;36.7388972326348;"T13";12.5825861236081;1;2;2;"S-3";2;"S-1"
-21.2342105789706;2.39510810278356;-260.770450145834;36.7615207058163;"T13";12.5916023855098;1;2;2;"S-3";2;"S-1"
-21.6995700926467;2.19352123384654;-262.740058559362;36.9836822527694;"T13";12.6843587611802;1;2;2;"S-3";2;"S-1"
-21.2092771618235;2.60461501317959;-272.623285112902;37.9827374050856;"T13";13.1398160126992;1;2;2;"S-3";2;"S-1"
-20.8928560661099;2.91652882484271;-274.945728028664;38.2679460729479;"T13";13.2493172888644;1;2;2;"S-3";2;"S-1"
-21.3874856355321;2.98717761665546;-279.309392339864;38.8770898254957;"T13";13.4581764461473;1;2;2;"S-3";2;"S-1"
-21.3254027658324;3.02130267912558;-279.490814126362;38.9024289003658;"T13";13.4666590602137;1;2;2;"S-3";2;"S-1"
-21.1367301574877;3.32896008407301;-283.105108146694;39.414488453317;"T13";13.6361420969479;1;2;2;"S-3";2;"S-1"
-20.8173969643187;3.42540376565648;-283.815201142075;39.5263255832794;"T13";13.6697373120114;1;2;2;"S-3";2;"S-1"
-20.7597392937252;3.45884775128828;-286.130126640308;39.9072355756504;"T13";13.7809387990274;1;2;2;"S-3";2;"S-1"
-22.0342041465853;2.5627113585056;-298.900748129289;42.0349903992895;"T13";14.3961017020047;1;2;2;"S-3";2;"S-1"
-21.3538732781491;2.39239668521864;-313.660344933943;43.7516208764611;"T13";15.0659510283731;1;2;2;"S-3";2;"S-1"
-21.7656152080001;2.18099136308527;-322.907383520881;44.7876195533905;"T13";15.4989890288562;1;2;2;"S-3";2;"S-1"
-21.7804734111616;1.95389932047892;-331.576743226844;45.6563199536087;"T13";15.8972943201661;1;2;2;"S-3";2;"S-1"
-21.447884064741;1.91023247751395;-332.970638214283;45.7813645482491;"T13";15.9612917806953;1;2;2;"S-3";2;"S-1"
-21.0823107867597;2.18014343488229;-336.325166007606;46.080131919342;"T13";16.1176954512484;1;2;2;"S-3";2;"S-1"
-20.4212944671698;2.92933724570415;-343.101600946251;46.7808900237465;"T13";16.4391229744069;1;2;2;"S-3";2;"S-1"
-20.4606879316832;2.85968317170048;-344.692592369754;47.0091101516113;"T13";16.5170314256102;1;2;2;"S-3";2;"S-1"
-20.7145888113072;2.76175090892412;-345.852345148497;47.1712027222901;"T13";16.5737134288065;1;2;2;"S-3";2;"S-1"
-20.8693319316633;2.82271869399275;-350.236003187895;47.7556493499785;"T13";16.7853352031671;1;2;2;"S-3";2;"S-1"
-20.9519646345347;3.13986126949794;-352.706223022282;48.0897633373178;"T13";16.9037012266926;1;2;2;"S-3";2;"S-1"
-21.1930839799692;3.11469193113878;-353.444644905513;48.20042323543;"T13";16.938944789581;1;2;2;"S-3";2;"S-1"
-21.4636892319548;2.86606097088894;-353.812583823426;48.2544982525373;"T13";16.9563060626388;1;2;2;"S-3";2;"S-1"
-21.8302839326983;2.83113167312774;-356.774763904016;48.650040166417;"T13";17.0943149598315;1;2;2;"S-3";2;"S-1"
-21.8690967627049;2.97420976359148;-360.836361343045;49.176781696146;"T13";17.2803683090024;1;2;2;"S-3";2;"S-1"
-21.7844304870848;3.0346171128734;-361.497728089965;49.266727954894;"T13";17.3106103786267;1;2;2;"S-3";2;"S-1"
-21.5972485529456;3.3158857964684;-362.281767886122;49.3759463521343;"T13";17.3466012114659;1;2;2;"S-3";2;"S-1"
-21.7620785579245;3.08377250007876;-363.024879051261;49.4900382815596;"T13";17.3810088890605;1;2;2;"S-3";2;"S-1"
-21.5266782034709;3.5280891628409;-365.452234963059;49.834004203233;"T13";17.4925495171919;1;2;2;"S-3";2;"S-1"
-21.3223482056903;3.13447675639;-370.817403405054;50.7133220644517;"T13";17.7417829749174;1;2;2;"S-3";2;"S-1"
-21.3357538632338;3.09128071211476;-371.23049589503;50.7740484345296;"T13";17.761156661436;1;2;2;"S-3";2;"S-1"
-21.7913022939583;2.78288068799371;-373.552442437368;51.1104691022454;"T13";17.8699855576269;1;2;2;"S-3";2;"S-1"
-21.6327870075071;2.83209866255206;-374.450710350173;51.2251833305862;"T13";17.9112069541588;1;2;2;"S-3";2;"S-1"
-21.798586692677;2.58693351051057;-378.907241199191;51.8086187914329;"T13";18.1172151234932;1;2;2;"S-3";2;"S-1"
-22.0674096763403;2.65154558124161;-381.592558486272;52.127297124769;"T13";18.2404028018937;1;2;2;"S-3";2;"S-1"
-21.7992807212476;2.64025307558865;-383.191649667582;52.3194385323014;"T13";18.3128667296842;1;2;2;"S-3";2;"S-1"
-21.914721545716;2.40054217886435;-385.085189451956;52.5487774863417;"T13";18.3997292187996;1;2;2;"S-3";2;"S-1"
-21.9094646124072;2.40534895267247;-385.169281649567;52.5579889594082;"T13";18.4035664657131;1;2;2;"S-3";2;"S-1"
-22.0593616958727;2.08178672080632;-388.054298812738;52.8747229889539;"T13";18.5352455009706;1;2;2;"S-3";2;"S-1"
-22.0073804816276;2.11065929544654;-388.226816661361;52.8910038483602;"T13";18.5430661193095;1;2;2;"S-3";2;"S-1"
-21.8766997903426;2.41812088209196;-390.220798639754;53.0822404474258;"T13";18.6336712678894;1;2;2;"S-3";2;"S-1"
-21.1976501901943;2.04885582364051;-403.372845732078;54.5359898712875;"T13";19.2348609911278;1;2;2;"S-3";2;"S-1"
-20.7984892704366;2.31962204194728;-404.668671409983;54.6612377154012;"T13";19.2959916195832;1;2;2;"S-3";2;"S-1"
-21.4595683426232;2.31691806696888;-406.541713356531;54.8701350698297;"T13";19.3860482540913;1;2;2;"S-3";2;"S-1"
-21.6278220249641;2.77252644229396;-414.837868775518;55.7658433184647;"T13";19.7726429556496;1;2;2;"S-3";2;"S-1"
-21.3887248101494;2.70375399636135;-417.672884408803;56.1292713048115;"T13";19.9037248385139;1;2;2;"S-3";2;"S-1"
-21.4280193438859;2.75989373697814;-418.407301373313;56.2221091350428;"T13";19.9380614794791;1;2;2;"S-3";2;"S-1"
-21.3731623539138;2.54243003175822;-420.173414171212;56.4495815659518;"T13";20.0204822001979;1;2;2;"S-3";2;"S-1"
-20.8787412482766;2.64737307162547;-420.893578532201;56.5352482290717;"T13";20.0541769969277;1;2;2;"S-3";2;"S-1"
-20.626296933429;2.86126539302675;-423.378141652012;56.8502847257611;"T13";20.1731766574085;1;2;2;"S-3";2;"S-1"
-20.6201946011682;3.07467457975272;-424.119581271776;56.9531367079612;"T13";20.2091229846701;1;2;2;"S-3";2;"S-1"
-20.742281129493;3.26506958913872;-424.773297308664;57.0506122226143;"T13";20.2408256940544;1;2;2;"S-3";2;"S-1"
-21.3835738940711;3.15723151734031;-431.934719296554;58.1779010199106;"T13";20.5860828980803;1;2;2;"S-3";2;"S-1"
-21.7924500534635;2.44794550473906;-443.80253111733;59.9301539271202;"T13";21.1410795454867;1;2;2;"S-3";2;"S-1"
-21.8887270480111;2.37819148213483;-444.27528779896;59.9832586762784;"T13";21.1627731448971;1;2;2;"S-3";2;"S-1"
-21.7677672153132;2.38817799127536;-445.928139313646;60.1628395804048;"T13";21.2382846861146;1;2;2;"S-3";2;"S-1"
-21.9583618582862;2.22631969675252;-448.970640516768;60.4966374541075;"T13";21.3780556223355;1;2;2;"S-3";2;"S-1"
-21.9022703381343;2.14066440788199;-449.240012362413;60.5239485918681;"T13";21.3903230149299;1;2;2;"S-3";2;"S-1"
-21.919405078119;2.09755464354736;-454.380761934475;61.0263905519414;"T13";21.6250361059792;1;2;2;"S-3";2;"S-1"
-21.8730962936683;2.11285500602908;-454.516262400124;61.0393571279006;"T13";21.631217864342;1;2;2;"S-3";2;"S-1"
-21.575194133458;2.18339163810665;-455.659281452379;61.1497682692461;"T13";21.6834747116081;1;2;2;"S-3";2;"S-1"
-21.3387474606964;2.18934318706212;-456.332049603326;61.2178518445815;"T13";21.7146571958438;1;2;2;"S-3";2;"S-1"
-20.869365561047;2.18976835615127;-459.182473371145;61.510303679808;"T13";21.8482369091362;1;2;2;"S-3";2;"S-1"
-20.9464559107405;2.02089593912187;-460.956754666782;61.6964744105248;"T13";21.9332553679124;1;2;2;"S-3";2;"S-1"
-20.9310224152843;1.80712046396406;-461.58380781495;61.7569719556058;"T13";21.9631913700141;1;2;2;"S-3";2;"S-1"
-20.6990402877249;2.09893341564884;-462.230203401513;61.812779773739;"T13";21.9940735492855;1;2;2;"S-3";2;"S-1"
-21.1513070141343;2.27165257235735;-464.939785516224;62.0875380409802;"T13";22.1249773050658;1;2;2;"S-3";2;"S-1"
-21.125583008283;2.3547305580449;-465.123277825891;62.1072451341156;"T13";22.1336525282823;1;2;2;"S-3";2;"S-1"
-21.5909473391536;3.16627126156982;-477.105880906599;63.4428675227618;"T13";22.7008606889285;1;2;2;"S-3";2;"S-1"
-22.1345536399529;2.55859140721525;-482.089289716123;64.173674923215;"T13";22.9316707933322;1;2;2;"S-3";2;"S-1"
-22.0298066626427;2.48864022948594;-485.389917704459;64.555203213631;"T13";23.0807873304002;1;2;2;"S-3";2;"S-1"
-21.8545904029448;2.24733374807077;-489.884607468682;65.0629546404862;"T13";23.284814984072;1;2;2;"S-3";2;"S-1"
-21.3083268887972;2.23396669076358;-491.467832201768;65.2257595390382;"T13";23.3572585624643;1;2;2;"S-3";2;"S-1"
-21.0048977511773;2.31843865317363;-492.136821520656;65.2958964325949;"T13";23.3886542380787;1;2;2;"S-3";2;"S-1"
-21.191032183605;2.21930393313762;-497.608713875572;65.8998625595394;"T13";23.6491597839631;1;2;2;"S-3";2;"S-1"
-21.3826279109245;2.25217035558475;-498.159616326168;65.9575577187364;"T13";23.675156745594;1;2;2;"S-3";2;"S-1"
-20.9584973387863;2.31606310204358;-503.051434777353;66.4727988082114;"T13";23.9039321080782;1;2;2;"S-3";2;"S-1"
-20.993237017675;2.26080701880285;-503.896724494006;66.5662093372025;"T13";23.9442637073807;1;2;2;"S-3";2;"S-1"
-21.1457620555187;2.38906912883316;-505.582160421265;66.7477175710629;"T13";24.0245484164916;1;2;2;"S-3";2;"S-1"
-20.5598979404159;2.61548990459646;-508.347213384154;67.0601159918852;"T13";24.1553099825978;1;2;2;"S-3";2;"S-1"
-21.1877437425764;2.50412081003373;-510.791547042276;67.3710674384736;"T13";24.2741983965971;1;2;2;"S-3";2;"S-1"
-21.0303980269493;2.55082396625942;-511.148781534969;67.4132879947576;"T13";24.2910588276573;1;2;2;"S-3";2;"S-1"
-14.6108229069416;-1.94693891180414;-515.700385576318;67.9653622188744;"T13";24.5074885897338;3;2;1;"S-4-NA";3;"S-2"
-9.06678041231798;-2.45381629058746;-519.66994200057;67.4364061214524;"T13";24.7791746165603;3;2;1;"S-4-NA";3;"S-2"
-7.69266661085773;-1.88485928970479;-520.37860779809;67.2446141512648;"T13";24.8573353048414;3;2;1;"S-4-NA";3;"S-2"
-7.21799183258183;-1.83769441136684;-520.61124646471;67.1876129611568;"T13";24.887576920446;3;2;7;"S-5-NA";3;"S-2"
-6.29877617859449;-1.56277136252257;-521.114903955952;67.0593822041309;"T13";24.9573549837805;3;2;7;"S-5-NA";3;"S-2"
-5.56081174135541;-1.1805481889699;-521.480449212184;66.9686878149437;"T13";25.0153893139213;3;2;7;"S-5-NA";3;"S-2"
-3.51792772206901;0.290172102306768;-523.208036707888;66.6019247623173;"T13";25.326061132364;3;2;7;"S-5-NA";3;"S-2"
-2.96989276795727;1.76175517116433;-524.282304237878;66.6905344474059;"T13";25.6314305472188;3;2;7;"S-5-NA";3;"S-2"
-2.91159678318541;1.9789376004142;-524.5049512915;66.8226097877332;"T13";25.7063985918649;3;2;3;"S-6";3;"S-2"
-3.27188772555209;2.33839944384945;-525.136444801539;67.251819717711;"T13";25.9232876589522;3;2;3;"S-6";3;"S-2"
-3.35672917308024;2.37521382175699;-525.643540029871;67.6142377770624;"T13";26.0782731813379;3;2;3;"S-6";3;"S-2"
-3.81155067045847;2.52994891629148;-526.003313797788;67.8688128655487;"T13";26.1854530428536;3;2;3;"S-6";3;"S-2"
-4.48527458717226;2.21210822502897;-526.873502189646;68.4464077525885;"T13";26.4137560268864;3;2;3;"S-6";3;"S-2"
-4.79225292070481;2.13127612302014;-527.117310101176;68.5666522272446;"T13";26.468113437295;3;2;3;"S-6";3;"S-2"
-5.04130446442446;2.00429160163295;-528.013969486748;68.9654268267017;"T13";26.6552194603719;3;2;3;"S-6";3;"S-2"
-4.95679197467954;1.77516414203705;-528.406694966018;69.1215642679937;"T13";26.7331210197881;3;2;3;"S-6";3;"S-2"
-5.03976903427425;1.7979724603624;-528.525318364094;69.1640465839244;"T13";26.7570525058545;3;2;3;"S-6";3;"S-2"
-5.10324869550481;1.57267980318855;-528.851340747899;69.2803573242691;"T13";26.8217424512841;3;2;3;"S-6";3;"S-2"
-4.74353571632119;2.19931593897736;-530.703439768909;69.8511229086336;"T13";27.1846679388545;3;2;3;"S-6";3;"S-2"
-4.5081827710249;2.30601482048225;-530.896199697611;69.9404950582167;"T13";27.2253042785451;3;2;3;"S-6";3;"S-2"
-4.22301344385156;2.47045514209565;-531.517042386274;70.2580670187962;"T13";27.3630189010873;3;2;3;"S-6";3;"S-2"
-4.79334289249672;2.31373318565134;-534.173273665974;71.8119574600129;"T13";27.9920084401965;3;2;3;"S-6";3;"S-2"
-4.16555981702099;2.03220939116711;-535.040013252947;72.2303302304723;"T13";28.1728299683891;3;2;3;"S-6";3;"S-2"
-4.12869858949832;2.06348776242336;-535.057183443008;72.2387068768349;"T13";28.1769519089721;3;2;3;"S-6";3;"S-2"
-4.02141945404273;2.13383930484474;-535.073755511662;72.2469894530815;"T13";28.1809657812119;3;2;3;"S-6";3;"S-2"
-3.76847512848538;2.22695082280566;-535.758494229673;72.6103244413211;"T13";28.3512386726215;3;2;3;"S-6";3;"S-2"
-3.56852341880148;2.06554407742778;-536.171691283017;72.8544999994851;"T13";28.4608843619935;3;2;3;"S-6";3;"S-2"
-3.31505736994009;2.20474680943232;-536.222405496718;72.8838545619913;"T13";28.4750959021039;3;2;3;"S-6";3;"S-2"
-3.89911280899734;2.11112979978774;-536.614940801175;73.1449182069035;"T13";28.5935057094321;3;2;3;"S-6";3;"S-2"
-3.76548543310226;2.12411458809686;-536.717502411086;73.2004490113723;"T13";28.6198095418513;3;2;3;"S-6";3;"S-2"
-3.77807433630711;1.99585445724284;-536.754011678581;73.2210439304243;"T13";28.629505308345;3;2;3;"S-6";3;"S-2"
-4.05890814955715;2.63889311297149;-538.982146928836;74.3981075016267;"T13";29.2192595195957;3;2;3;"S-6";3;"S-2"
-4.00495704676691;2.53207533290768;-539.277059565002;74.5898445145946;"T13";29.2919176397845;3;2;3;"S-6";3;"S-2"
-4.39556530192426;2.34817442196723;-539.774794334784;74.9045300201265;"T13";29.4161973171867;3;2;3;"S-6";3;"S-2"
-4.32399704832737;2.06364901593451;-540.249130869246;75.1579274425557;"T13";29.5241098385304;3;2;3;"S-6";3;"S-2"
-4.33351944099509;2.07744033939204;-540.275583563065;75.1705521217492;"T13";29.5302274869755;3;2;3;"S-6";3;"S-2"
-4.0222206435587;2.54545274672212;-540.864028072399;75.4526457820705;"T13";29.6660165418871;3;2;3;"S-6";3;"S-2"
-4.73076349981427;2.03200940062256;-542.101806319297;76.2359707951937;"T13";29.9737515859306;3;2;3;"S-6";3;"S-2"
-4.37931341678441;2.2944906573831;-542.579032026994;76.4409540128703;"T13";30.074628686998;3;2;3;"S-6";3;"S-2"
-4.18751898697526;2.54383971602136;-542.870264959476;76.5935421423567;"T13";30.1411306485534;3;2;3;"S-6";3;"S-2"
-4.05893067113828;2.5611096275364;-543.532429850465;76.9957949687899;"T13";30.2992588607594;3;2;3;"S-6";3;"S-2"
-3.41182597535897;2.46030938135604;-544.216289414612;77.4272976121028;"T13";30.4677415522747;3;2;3;"S-6";3;"S-2"
-3.31244121529816;2.45959658639169;-544.566100637694;77.6795507575056;"T13";30.5702705867589;3;2;3;"S-6";3;"S-2"
-3.30754237097774;2.95869416739755;-545.034350160674;78.0272414343943;"T13";30.7116314419545;3;2;3;"S-6";3;"S-2"
-3.3800799211758;3.07685005840457;-545.274089511015;78.2416953515306;"T13";30.7841140660457;3;2;3;"S-6";3;"S-2"
-3.68299723795417;3.15349694803131;-545.54584945509;78.4890754784207;"T13";30.8645145152695;3;2;3;"S-6";3;"S-2"
-4.06175967575892;3.03841745716109;-545.770339664577;78.6812909878935;"T13";30.9254676452838;3;2;3;"S-6";3;"S-2"
-4.543980003389;2.17898835914355;-547.400871359507;79.9010175009852;"T13";31.3269024481997;3;2;3;"S-6";3;"S-2"
-4.52571221865794;2.06618697709908;-547.440591971818;79.9200648453347;"T13";31.335643818602;3;2;3;"S-6";3;"S-2"
-4.40981673113407;2.28424618349056;-548.221645070363;80.27664998877;"T13";31.5082250745036;3;2;3;"S-6";3;"S-2"
-4.19391210226496;2.31520174825976;-548.315121165346;80.3250697817525;"T13";31.5294223488308;3;2;3;"S-6";3;"S-2"
-4.10521875310551;2.33146191070177;-548.340538614445;80.3391011970891;"T13";31.5354829072021;3;2;3;"S-6";3;"S-2"
-4.31757691010987;2.49163396023423;-549.003869451576;80.715824259604;"T13";31.6970652434975;3;2;3;"S-6";3;"S-2"
-4.24655293968316;2.43900056928538;-549.286816695622;80.8791105141161;"T13";31.7625990486704;3;2;3;"S-6";3;"S-2"
-4.29606758038442;2.63558502864855;-549.40940374778;80.9495181822291;"T13";31.7914664745331;3;2;3;"S-6";3;"S-2"
-4.03429736785258;2.53344065885839;-549.702987988906;81.1296285310723;"T13";31.8598043755628;3;2;3;"S-6";3;"S-2"
-4.50032953340412;2.30732536360405;-550.178061634933;81.4279632300433;"T13";31.9775630836375;3;2;3;"S-6";3;"S-2"
-4.63902052381052;2.1383893159057;-550.389896902496;81.5365714735345;"T13";32.0246341405436;3;2;3;"S-6";3;"S-2"
-4.69652345232054;2.16596954632505;-550.407065783562;81.5444855906739;"T13";32.0283351116814;3;2;3;"S-6";3;"S-2"
-4.67775681407742;2.24216810656138;-550.47978951529;81.5780247371974;"T13";32.0438196999021;3;2;3;"S-6";3;"S-2"
-4.72191700875619;2.07413057686623;-550.902690322928;81.7807318767112;"T13";32.1342264534906;3;2;3;"S-6";3;"S-2"
-4.50250442761213;2.23596974255499;-551.104652264023;81.869444879632;"T13";32.1769976289943;3;2;3;"S-6";3;"S-2"
-4.25270111010547;2.2329615837694;-551.893755457476;82.2613180899043;"T13";32.3522563558072;3;2;3;"S-6";3;"S-2"
-4.40228811247348;1.97675729684626;-552.02652856955;82.3310331371045;"T13";32.3834772454575;3;2;3;"S-6";3;"S-2"
-4.34461213508426;2.39903141042551;-554.181776451705;83.2988030487308;"T13";32.873051718343;3;2;3;"S-6";3;"S-2"
-3.8387809474659;2.54163406087644;-554.890679820184;83.6902491422047;"T13";33.0362201086245;3;2;3;"S-6";3;"S-2"
-4.16013650634389;2.63911062323397;-555.229252778089;83.9144162863268;"T13";33.1244181492366;3;2;3;"S-6";3;"S-2"
-4.49222847715861;2.37883773121596;-555.523953038425;84.1013684660298;"T13";33.1952572334558;3;2;3;"S-6";3;"S-2"
-4.02140462542512;2.64563568948408;-556.369564119363;84.5491576992571;"T13";33.3834958961233;3;2;3;"S-6";3;"S-2"
-4.0287683344796;2.70413075019991;-556.381543314866;84.5570386737191;"T13";33.3864747546613;3;2;3;"S-6";3;"S-2"
-3.66467155006863;2.7866780954139;-556.56644098856;84.6811429764649;"T13";33.432369097136;3;2;3;"S-6";3;"S-2"
-4.18655826717156;2.42650452477451;-557.341449026831;85.2704721685938;"T13";33.6438499973156;3;2;3;"S-6";3;"S-2"
-4.02007280437158;2.51618034768375;-557.935205277823;85.6146097961395;"T13";33.7856744299643;3;2;3;"S-6";3;"S-2"
-4.1837397059904;2.5301405458413;-558.338136967141;85.8668064222848;"T13";33.8859043782577;3;2;3;"S-6";3;"S-2"
-4.17686513159653;2.47853317465881;-558.782243539276;86.1353824150086;"T13";33.9920550002716;3;2;3;"S-6";3;"S-2"
-4.20936787919344;2.55708505628859;-558.965159143513;86.2439237202651;"T13";34.035847557243;3;2;3;"S-6";3;"S-2"
-4.04350473474385;2.95892576223082;-559.634109238059;86.6502940683218;"T13";34.1947669279762;3;2;3;"S-6";3;"S-2"
-4.12321659516647;2.60335402849031;-560.05849170699;86.9608455088994;"T13";34.2997210449539;3;2;3;"S-6";3;"S-2"
-4.86872588539675;2.08690602802201;-561.343324533436;87.7720749550038;"T13";34.6113303909078;3;2;3;"S-6";3;"S-2"
-4.28539297455124;2.16764933442589;-561.659686378129;87.907678695339;"T13";34.6763087552972;3;2;3;"S-6";3;"S-2"
-4.22290631606214;2.20327391029619;-561.765227580525;87.9610638384252;"T13";34.700936882291;3;2;3;"S-6";3;"S-2"
-4.06170411966775;1.89918289296321;-562.576152654169;88.384158722432;"T13";34.8929669708014;3;2;3;"S-6";3;"S-2"
-3.99411689060787;1.91647547939123;-562.585814760567;88.3886765569765;"T13";34.8953458014876;3;2;3;"S-6";3;"S-2"
-3.95326652070535;2.19874456958989;-563.024852501645;88.599337658879;"T13";35.0052669062279;3;2;3;"S-6";3;"S-2"
-3.84183085754374;1.71299130254878;-564.778118659845;89.5744766797866;"T13";35.4487649980001;3;2;3;"S-6";3;"S-2"
-3.90872957792891;1.75052904918611;-564.958198226976;89.6547703584261;"T13";35.4956383700483;3;2;3;"S-6";3;"S-2"
-3.82524058131999;2.36041351632982;-565.701067358964;89.9874651558948;"T13";35.6856922269799;3;2;3;"S-6";3;"S-2"
-3.97261031737832;2.35852570793846;-566.08185594736;90.2224356137797;"T13";35.7852385379374;3;2;3;"S-6";3;"S-2"
-4.03329266815554;2.06882595255812;-566.733740273404;90.6094571987694;"T13";35.9493332449347;3;2;3;"S-6";3;"S-2"
-3.70193150948803;2.20100680552469;-566.88169107359;90.6853466717906;"T13";35.9860156313516;3;2;3;"S-6";3;"S-2"
-3.5981093291543;2.4283468534313;-567.491858284774;91.0481254484591;"T13";36.1508396454155;3;2;3;"S-6";3;"S-2"
-3.82110798885556;3.08475306209012;-568.282998618552;91.5820622926197;"T13";36.370716325473;3;2;3;"S-6";3;"S-2"
-3.43765508084985;3.19029678404587;-568.838382833485;92.0304199843278;"T13";36.5160627057776;3;2;3;"S-6";3;"S-2"
-4.44483292116455;2.9530459041301;-569.418683279349;92.5689646034593;"T13";36.684869765304;3;2;3;"S-6";3;"S-2"
-4.40949744240527;2.79095385947419;-569.647734352837;92.7211409273832;"T13";36.7364017525688;3;2;3;"S-6";3;"S-2"
-4.41859904769882;2.85919442975751;-569.804762526403;92.8205305727531;"T13";36.7720131063834;3;2;3;"S-6";3;"S-2"
-4.28791877713242;2.47712535089366;-570.794863403368;93.4612066969631;"T13";36.9960888521746;3;2;3;"S-6";3;"S-2"
-4.8578244782466;2.01752122246371;-571.018910562663;93.5906384625658;"T13";37.048339645844;3;2;3;"S-6";3;"S-2"
-4.85180840645783;1.82367897498527;-571.214372980991;93.6718166893497;"T13";37.0885762618855;3;2;3;"S-6";3;"S-2"
-4.47811261725562;1.26991851957455;-572.725343188906;94.2397543260327;"T13";37.4000003910623;3;2;3;"S-6";3;"S-2"
-4.24383785572834;1.36107332594265;-572.992364390491;94.3154771132858;"T13";37.4596284586005;3;2;3;"S-6";3;"S-2"
-3.96470129917173;1.65270769734941;-573.43706684862;94.4581010009831;"T13";37.5644162646495;3;2;3;"S-6";3;"S-2"
-4.03692362753121;1.42936418755307;-573.651267767464;94.5473918404786;"T13";37.6184432650916;3;2;3;"S-6";3;"S-2"
-3.94736940184823;1.53699257060377;-573.784921598377;94.5947150046161;"T13";37.6515511074103;3;2;3;"S-6";3;"S-2"
-3.86212799582171;1.71254600127219;-574.047757468105;94.6970557632164;"T13";37.7181361778639;3;2;3;"S-6";3;"S-2"
-4.15577986474411;2.18142775387254;-576.185639906875;95.6450362614459;"T13";38.2716865628026;3;2;3;"S-6";3;"S-2"
-4.32046107455945;2.36328847985468;-576.806750078323;95.971065793882;"T13";38.4211435099132;3;2;3;"S-6";3;"S-2"
-3.87436686592417;2.6740310160464;-577.485125674526;96.3421366596655;"T13";38.5781581397168;3;2;3;"S-6";3;"S-2"
-4.06840688181304;2.67315167719238;-577.67516874035;96.473301588023;"T13";38.627209526021;3;2;3;"S-6";3;"S-2"
-4.55766489301704;2.33963191747355;-578.446088410596;96.9798352925817;"T13";38.8166988501325;3;2;3;"S-6";3;"S-2"
-4.66111327566994;2.14313460489229;-578.730922350984;97.1260519613701;"T13";38.8791944365948;3;2;3;"S-6";3;"S-2"
-4.27847054123067;2.16087842586229;-579.10808330034;97.299466902045;"T13";38.9601109316573;3;2;3;"S-6";3;"S-2"
-4.17345039890473;2.2022239774969;-579.212250905076;97.3520776487075;"T13";38.9844578574412;3;2;3;"S-6";3;"S-2"
-4.26776682501211;1.95907460269875;-579.675170778851;97.596348730965;"T13";39.0953780384734;3;2;3;"S-6";3;"S-2"
-4.14380754830481;2.18818425790861;-581.289718810266;98.337490450481;"T13";39.4736901856959;3;2;3;"S-6";3;"S-2"
-3.9403485840194;2.19522446205422;-581.317965224376;98.3524062876613;"T13";39.480506721884;3;2;3;"S-6";3;"S-2"
-3.91369679088601;2.73159561164188;-582.817700975516;99.1879304899799;"T13";39.8611166398041;3;2;3;"S-6";3;"S-2"
-3.76873360299216;2.85640659292021;-583.46576516613;99.6402520145458;"T13";40.0267053977586;3;2;3;"S-6";3;"S-2"
-3.82731266847169;2.8653458693205;-583.537599047909;99.6946965030991;"T13";40.0457658804953;3;2;3;"S-6";3;"S-2"
-4.63639203845174;2.55979093282668;-584.863441401458;100.687298163896;"T13";40.3921818826348;3;2;3;"S-6";3;"S-2"
-4.61921402462642;2.59552588395419;-584.890767554258;100.702385162059;"T13";40.3980757226236;3;2;3;"S-6";3;"S-2"
-5.17079598335663;2.10516652426219;-585.177219296316;100.863341746242;"T13";40.4600888141431;3;2;3;"S-6";3;"S-2"
-5.12178646259133;2.04672249092409;-585.248822965628;100.892493476098;"T13";40.4739365214482;3;2;3;"S-6";3;"S-2"
-5.29031169867139;1.90567428651471;-585.626822926696;101.043546439266;"T13";40.5477388878353;3;2;3;"S-6";3;"S-2"
-5.24827605669909;1.77502537918541;-586.486403319862;101.353184197068;"T13";40.7102208817378;3;2;3;"S-6";3;"S-2"
-4.45236871768054;2.27865341014317;-588.200991687995;101.933077067681;"T13";41.036916419398;3;2;3;"S-6";3;"S-2"
-4.33968164114814;2.44413271027244;-588.265454392082;101.966068082085;"T13";41.0513947135769;3;2;3;"S-6";3;"S-2"
-4.32634076150376;2.04066778704251;-588.691369299054;102.205945714133;"T13";41.1495389882475;3;2;3;"S-6";3;"S-2"
-4.40159693665661;2.34411779883562;-589.496402635388;102.585667443769;"T13";41.3356161792763;3;2;3;"S-6";3;"S-2"
-4.80711101044259;2.18951824117399;-589.933116421598;102.818244068568;"T13";41.4348333026282;3;2;3;"S-6";3;"S-2"
-4.81866270861564;2.18848238902295;-589.941756024277;102.822179190436;"T13";41.4366305572912;3;2;3;"S-6";3;"S-2"
-4.86893268854275;2.02586012747806;-590.177821134776;102.929392408757;"T13";41.485620313324;3;2;3;"S-6";3;"S-2"
-5.02615621877373;1.6472792123025;-590.583062257286;103.09800468677;"T13";41.568850283511;3;2;3;"S-6";3;"S-2"
-4.36156740881183;1.82915192767219;-591.079703811564;103.260774659034;"T13";41.6676616878249;3;2;3;"S-6";3;"S-2"
-4.43894606772737;1.96357483214572;-592.082409492468;103.681288858909;"T13";41.8975574080832;3;2;3;"S-6";3;"S-2"
-4.43828912007701;2.02089859864953;-592.219194822599;103.7417960666;"T13";41.9283722294495;3;2;3;"S-6";3;"S-2"
-4.44158700665639;1.95839337143973;-592.280618008302;103.769764057543;"T13";41.942211613059;3;2;3;"S-6";3;"S-2"
-4.43170717031189;2.04056134294478;-592.60195738256;103.911449653162;"T13";42.0145594864152;3;2;3;"S-6";3;"S-2"
-4.34017869387518;2.28792151493523;-593.478038682012;104.31483768496;"T13";42.2122443211265;3;2;3;"S-6";3;"S-2"
-4.37377284300661;2.30184309354971;-593.857973794759;104.515120157191;"T13";42.2997833695263;3;2;3;"S-6";3;"S-2"
-4.6395565511734;2.02966142276022;-594.762505114222;104.991159779124;"T13";42.5065913936123;3;2;3;"S-6";3;"S-2"
-4.65926028619653;1.71331685453277;-595.006732636608;105.098001710049;"T13";42.5592316663824;3;2;3;"S-6";3;"S-2"
-4.96286019405101;1.67118473252563;-595.78114892419;105.382772338097;"T13";42.7254418027587;3;2;3;"S-6";3;"S-2"
-4.57176504756047;1.18946244421188;-598.161144321775;106.184207763719;"T13";43.205003044568;3;2;3;"S-6";3;"S-2"
-4.51962236682798;1.18391244165627;-598.199224221261;106.194115230496;"T13";43.2133324095048;3;2;3;"S-6";3;"S-2"
-4.51817361890268;1.21335613045331;-598.385738670798;106.242972581715;"T13";43.2546001160517;3;2;3;"S-6";3;"S-2"
-4.21240046795965;1.38280679946738;-598.467527651131;106.264937023337;"T13";43.2727023377083;3;2;3;"S-6";3;"S-2"
-4.19172389913691;1.50157930094872;-598.560472400661;106.295448042553;"T13";43.2947668945417;3;2;3;"S-6";3;"S-2"
-3.98548880842345;1.70497749062122;-598.654013847222;106.328956905092;"T13";43.3170826407149;3;2;3;"S-6";3;"S-2"
-3.8814826135891;1.45679859993767;-598.76553322013;106.376664483689;"T13";43.3450639946386;3;2;3;"S-6";3;"S-2"
-4.73113016668199;1.06185882332271;-599.55115729295;106.671525021092;"T13";43.5474670841359;3;2;3;"S-6";3;"S-2"
-4.57947595362535;0.942149329876306;-599.627321412852;106.688619360053;"T13";43.5635655885562;3;2;3;"S-6";3;"S-2"
-4.50396567034756;0.746123112779792;-599.695889431483;106.702726064283;"T13";43.5785384848714;3;2;3;"S-6";3;"S-2"
-4.06958905068512;1.33686013191059;-600.44169472621;106.826275533519;"T13";43.7441270682029;3;2;3;"S-6";3;"S-2"
-4.11820138074088;1.24025451678384;-600.480993137659;106.839185062923;"T13";43.7537836725824;3;2;3;"S-6";3;"S-2"
-4.12832278625285;1.225514469848;-600.494247183116;106.843176705931;"T13";43.7570020789281;3;2;3;"S-6";3;"S-2"
-4.68834779198133;1.3048096721665;-601.076520979874;107.016027764408;"T13";43.8980457489379;3;2;3;"S-6";3;"S-2"
-4.7288068406101;1.24728281322543;-601.133169806122;107.031793646054;"T13";43.9101286465302;3;2;3;"S-6";3;"S-2"
-5.11283301229198;1.25162595707945;-602.178830749333;107.307599989364;"T13";44.1312543931417;3;2;3;"S-6";3;"S-2"
-3.86656275087436;1.71098496391478;-604.398689753936;107.851023399544;"T13";44.5654283626936;3;2;3;"S-6";3;"S-2"
-4.08862208792898;1.72530471374896;-604.605253776889;107.942429632968;"T13";44.618851528503;3;2;3;"S-6";3;"S-2"
-4.03289496856916;2.01143947343297;-605.960071574028;108.514131659081;"T13";44.9502144590952;3;2;3;"S-6";3;"S-2"
-3.86258396133898;2.20481626751139;-606.366270524315;108.716726720207;"T13";45.0509358895943;3;2;3;"S-6";3;"S-2"
-3.79748235812533;2.14000032142849;-606.404416731706;108.738501102186;"T13";45.0608117156662;3;2;3;"S-6";3;"S-2"
-4.29695291417332;2.38842804142698;-607.193911544878;109.183406172078;"T13";45.2687112498097;3;2;3;"S-6";3;"S-2"
-4.30577392972548;2.46651749808074;-607.459017500108;109.33076326676;"T13";45.3304075170308;3;2;3;"S-6";3;"S-2"
-4.99944939300801;2.16225469008717;-608.949213845698;110.1844066354;"T13";45.6765000824817;3;2;3;"S-6";3;"S-2"
-4.98503941974336;2.14754794406078;-608.993754972085;110.203670608662;"T13";45.6854092888534;3;2;3;"S-6";3;"S-2"
-5.10720114361555;1.79009700958365;-609.450963229924;110.400635280645;"T13";45.7771253655665;3;2;3;"S-6";3;"S-2"
-5.42596340885792;1.51040248853268;-609.734673981061;110.50007717708;"T13";45.8326764870435;3;2;3;"S-6";3;"S-2"
-5.26221336903987;1.54721842528575;-609.825558991703;110.525376453153;"T13";45.8494265098125;3;2;3;"S-6";3;"S-2"
-4.71495264307304;1.80537156113349;-611.108268124315;110.902524064829;"T13";46.093184989877;3;2;3;"S-6";3;"S-2"
-4.4605335129547;1.93618294363901;-611.547433848816;111.07068212911;"T13";46.1863281787373;3;2;3;"S-6";3;"S-2"
-4.65463429439525;1.85771245768324;-611.63855560905;111.110235334449;"T13";46.2067566229962;3;2;3;"S-6";3;"S-2"
-4.42563585515293;2.1036160442681;-612.345257696547;111.392287411751;"T13";46.3585842517205;3;2;3;"S-6";3;"S-2"
-4.39298531277312;2.19105058596299;-612.469936845191;111.451550547277;"T13";46.3867562822998;3;2;3;"S-6";3;"S-2"
-4.2548468657209;2.17701395185738;-612.670370090626;111.551518871455;"T13";46.4323820313439;3;2;3;"S-6";3;"S-2"
-4.76146071673824;1.79147545433685;-613.529966705311;111.991335833662;"T13";46.6344096581452;3;2;3;"S-6";3;"S-2"
-4.54316616479481;2.29952365320483;-617.549703711194;113.503741502287;"T13";47.4786331527866;3;2;3;"S-6";3;"S-2"
-4.47594409739818;2.00533964415852;-618.513128147129;113.991378801507;"T13";47.6906932890415;3;2;3;"S-6";3;"S-2"
-4.22788725218232;2.17446639663142;-619.161407306512;114.281824765644;"T13";47.8355295839719;3;2;3;"S-6";3;"S-2"
-4.35575126145688;2.20497300109661;-619.211328502278;114.30749999211;"T13";47.8473371826112;3;2;3;"S-6";3;"S-2"
-4.79862617299015;1.81150750253851;-619.88211154597;114.647064492503;"T13";48.0013365740888;3;2;3;"S-6";3;"S-2"
-4.6746416285582;1.72422829890589;-620.321464199453;114.812922510893;"T13";48.0928945820779;3;2;3;"S-6";3;"S-2"
-4.38139474154465;1.79311594711484;-620.464886942812;114.865823582773;"T13";48.1235755956732;3;2;3;"S-6";3;"S-2"
-4.26143386883888;1.84648153733862;-620.615888960434;114.927622197556;"T13";48.1580399675295;3;2;3;"S-6";3;"S-2"
-4.20343826394435;1.81763330661069;-621.043154884419;115.112756747207;"T13";48.2583033852279;3;2;3;"S-6";3;"S-2"
-4.51640671324422;1.68802112962432;-621.796256154078;115.438409668703;"T13";48.4374665422365;3;2;3;"S-6";3;"S-2"
-4.09608637498829;2.41346541409211;-622.946186277011;115.868199647407;"T13";48.6920782714151;3;2;3;"S-6";3;"S-2"
-4.09657921624922;2.40044312064153;-622.962075970601;115.87756205396;"T13";48.6959575093351;3;2;3;"S-6";3;"S-2"
-4.29958730306063;2.11019097653313;-623.327553184522;116.091718113833;"T13";48.7851727288216;3;2;3;"S-6";3;"S-2"
-4.06507741722818;2.22365109340579;-623.662156123201;116.255937619602;"T13";48.8629948347807;3;2;3;"S-6";3;"S-2"
-4.26662841028077;2.83186937884355;-626.745676357564;117.94266395638;"T13";49.6215339517221;3;2;3;"S-6";3;"S-2"
-4.44454208477825;2.77099164673318;-626.9500054069;118.07828232348;"T13";49.6694240020588;3;2;3;"S-6";3;"S-2"
-4.64977827297833;2.44033929650034;-627.570825479946;118.465338448435;"T13";49.8091054498218;3;2;3;"S-6";3;"S-2"
-4.70546514735563;2.57361660726711;-627.810737786164;118.59125142626;"T13";49.8607019544579;3;2;3;"S-6";3;"S-2"
-4.66266834367916;2.5092227420478;-627.869906146832;118.623613088895;"T13";49.8732763458975;3;2;3;"S-6";3;"S-2"
-4.66480021868167;2.28519712628218;-628.110930590695;118.75332079516;"T13";49.9249687301926;3;2;3;"S-6";3;"S-2"
-4.59619165429911;2.41584805669856;-628.151760991016;118.77332283364;"T13";49.9337216024287;3;2;3;"S-6";3;"S-2"
-4.37312150118186;2.56123106726607;-628.456389208793;118.933441371614;"T13";50;3;2;3;"S-6";3;"S-2"
