"Vx";"Vy";"X";"Y";"Traj";"Time";"TrueMovMode";"TrueTrajClust";"firstEstMovMode";"firstSegment";"finalEstMovMode";"finalSegment"
0;0;0;0;"T14";0;1;2;1;"S-1-NA";2;"S-1"
-14.4937680013964;8.42830276940072;0;0;"T14";0.454783241730183;1;2;1;"S-1-NA";2;"S-1"
-15.7662748097104;8.35624109925714;-0.764798260289726;0.444739511120346;"T14";0.507550628390163;1;2;1;"S-1-NA";2;"S-1"
-19.4924781346904;6.87608586422341;-5.27456865690552;2.83495084456763;"T14";0.793589686509222;1;2;4;"S-2-NA";2;"S-1"
-19.673618570096;6.87583212513125;-6.48048283557103;3.26034413628211;"T14";0.855455303099006;1;2;4;"S-2-NA";2;"S-1"
-20.6079436259415;6.39043954080645;-8.12094966488229;3.83367915774764;"T14";0.938839395530522;1;2;4;"S-2-NA";2;"S-1"
-21.317663845843;5.5651779134818;-10.0996583902952;4.44726868944162;"T14";1.0348561918363;1;2;4;"S-2-NA";2;"S-1"
-21.6710543178963;5.08955541694784;-11.2778844676777;4.75485575856675;"T14";1.09012613538653;1;2;4;"S-2-NA";2;"S-1"
-21.8188467589179;5.02809992933734;-11.6442832292184;4.84090633894954;"T14";1.10703342361376;1;2;4;"S-2-NA";2;"S-1"
-21.7046938034715;4.18940264269962;-16.4989269834692;5.95964713159615;"T14";1.32953114807606;1;2;4;"S-2-NA";2;"S-1"
-22.1480486318393;3.36205722706262;-21.9498660878752;7.01177801609361;"T14";1.58067217562348;1;2;2;"S-3";2;"S-1"
-21.8097482676263;3.22803622969113;-25.6723672440482;7.57685090910094;"T14";1.74874572549015;1;2;2;"S-3";2;"S-1"
-21.7964199735917;2.548036551845;-30.1472703718217;8.23917627129931;"T14";1.95392476161942;1;2;2;"S-3";2;"S-1"
-21.6510390627943;2.59642973499247;-30.4672374023739;8.27658093179953;"T14";1.96860455907881;1;2;2;"S-3";2;"S-1"
-21.8681825483444;2.67493521038655;-32.6286400386191;8.53578004264876;"T14";2.06843360792845;1;2;2;"S-3";2;"S-1"
-21.7254744182859;2.70887585055842;-38.9921969803528;9.31417589192028;"T14";2.35942975850776;1;2;2;"S-3";2;"S-1"
-21.7263619879548;2.58963872648424;-42.3382555939895;9.7313846119013;"T14";2.51344520365819;1;2;2;"S-3";2;"S-1"
-21.0311138085044;2.81186924675944;-53.684839186843;11.0838223693885;"T14";3.03569479146972;1;2;2;"S-3";2;"S-1"
-21.148564245273;3.37245329093549;-56.9921159667488;11.5260067421523;"T14";3.19295116933063;1;2;2;"S-3";2;"S-1"
-21.667713209399;3.20960067108207;-58.9828600033374;11.8434605040125;"T14";3.28708257293329;1;2;2;"S-3";2;"S-1"
-21.3781758526436;3.01009529943781;-64.5400146709041;12.6666321593671;"T14";3.54355424642563;1;2;2;"S-3";2;"S-1"
-21.5278096032243;3.05586901174447;-65.1213778090877;12.7484893983371;"T14";3.57074848143384;1;2;2;"S-3";2;"S-1"
-21.369829431388;3.12914133492124;-65.362839720399;12.7827648767017;"T14";3.58196476008743;1;2;2;"S-3";2;"S-1"
-21.6057135302671;2.9208907155143;-67.6028311027619;13.110762329696;"T14";3.68678503436968;1;2;2;"S-3";2;"S-1"
-21.4357735057092;2.52584769730043;-73.7353293358553;13.9398188256482;"T14";3.97062191041186;1;2;2;"S-3";2;"S-1"
-21.6700224479016;2.06751045063347;-80.6276088534721;14.7519587908371;"T14";4.2921535554342;1;2;2;"S-3";2;"S-1"
-21.7489840311687;2.06862171382343;-81.0684780956555;14.7940215883155;"T14";4.31249821558595;1;2;2;"S-3";2;"S-1"
-21.4992436125335;2.17255102925506;-90.1308719904966;15.6559774738512;"T14";4.72917946754023;1;2;2;"S-3";2;"S-1"
-21.2702106881985;2.35951250573537;-90.7366454480891;15.7171923599424;"T14";4.75735596846789;1;2;2;"S-3";2;"S-1"
-21.2286248181306;2.3986225658713;-91.719378511938;15.8262073099089;"T14";4.80355828767642;1;2;2;"S-3";2;"S-1"
-21.4665695119518;2.38070257280132;-93.53169632314;16.0309811205406;"T14";4.88892970606685;1;2;2;"S-3";2;"S-1"
-21.9275611893415;1.62084241597972;-98.675861259182;16.6014833934507;"T14";5.1285658031702;1;2;2;"S-3";2;"S-1"
-21.6891026960302;1.88715853480709;-101.240263118424;16.7910389609479;"T14";5.24551459820941;1;2;2;"S-3";2;"S-1"
-21.686496494641;2.0661539325125;-105.341831683052;17.1479144956952;"T14";5.43462194036692;1;2;2;"S-3";2;"S-1"
-21.1781180333491;2.23648564436936;-107.907739167484;17.3923781341963;"T14";5.55294015211985;1;2;2;"S-3";2;"S-1"
-20.7775722488332;2.85308969744072;-118.130020475229;18.4718879075141;"T14";6.03562144096941;1;2;2;"S-3";2;"S-1"
-21.2389017836433;3.07009408055408;-122.170538729234;19.0267150482774;"T14";6.23008680995554;1;2;2;"S-3";2;"S-1"
-21.5187994326875;2.73636118994345;-125.795743984535;19.5507403160841;"T14";6.40077384887263;1;2;2;"S-3";2;"S-1"
-21.5044779543395;2.28662456223961;-128.1776414561;19.8536257916424;"T14";6.5114629920572;1;2;2;"S-3";2;"S-1"
-21.2441393502654;2.3776650880331;-133.85370100791;20.4571753042352;"T14";6.77541078766808;1;2;2;"S-3";2;"S-1"
-21.926409796229;2.21450875467126;-137.767701334904;20.8952340920546;"T14";6.95964985061437;1;2;2;"S-3";2;"S-1"
-22.062352129306;2.28373569915137;-142.463663950778;21.3695137584983;"T14";7.17381909489632;1;2;2;"S-3";2;"S-1"
-21.2847526805806;2.5471271223748;-146.869960419501;21.8256218147784;"T14";7.37353925360367;1;2;2;"S-3";2;"S-1"
-21.3543240851459;2.87954815892453;-149.864539288508;22.1839803624114;"T14";7.51423052279279;1;2;2;"S-3";2;"S-1"
-21.7759259430973;3.01645370105649;-152.41525441526;22.5279344495504;"T14";7.63367776526138;1;2;2;"S-3";2;"S-1"
-21.3350582358739;3.15181753722474;-154.634408520625;22.8353370202534;"T14";7.73558636428788;1;2;2;"S-3";2;"S-1"
-21.4975424725233;3.30758640441419;-156.562894399851;23.1202312796097;"T14";7.82597683137283;1;2;2;"S-3";2;"S-1"
-21.3786476588827;3.34156526261961;-158.52674965009;23.4223877207114;"T14";7.91732937796041;1;2;2;"S-3";2;"S-1"
-21.4890084721261;3.27110690773787;-158.653268156135;23.4421630522302;"T14";7.92324736248702;1;2;2;"S-3";2;"S-1"
-21.8505135471972;3.04333558528532;-161.295593268445;23.8443839335974;"T14";8.04620906710625;1;2;2;"S-3";2;"S-1"
-21.9372863421463;3.06490975242408;-161.436818613479;23.8640537741784;"T14";8.05267231771722;1;2;2;"S-3";2;"S-1"
-21.8691155084986;2.80295251250579;-165.79216696252;24.4725497121893;"T14";8.25120864901692;1;2;2;"S-3";2;"S-1"
-21.9423240304415;2.65108889210009;-166.645163923793;24.5818778637934;"T14";8.29021328827366;1;2;2;"S-3";2;"S-1"
-21.5479529696187;2.70943482011301;-167.939567567242;24.7382687327041;"T14";8.34920447086915;1;2;2;"S-3";2;"S-1"
-21.816457794556;2.61402754741614;-168.68599057896;24.8321237964002;"T14";8.38384456001222;1;2;2;"S-3";2;"S-1"
-22.5616608824044;1.73779409338599;-175.063961465542;25.5963262966935;"T14";8.67619132623076;1;2;2;"S-3";2;"S-1"
-22.6187149779486;1.81931757190933;-177.22067174055;25.7624452006425;"T14";8.77178314840421;1;2;2;"S-3";2;"S-1"
-21.9496565748509;2.08960745966034;-184.114655251079;26.3169570441926;"T14";9.07657427014783;1;2;2;"S-3";2;"S-1"
-22.0771966448214;1.75475081336227;-185.020087523352;26.4031542028547;"T14";9.11782467737794;1;2;2;"S-3";2;"S-1"
-21.9674058273454;1.61993919930475;-188.468648487229;26.6772544545146;"T14";9.27402933593839;1;2;2;"S-3";2;"S-1"
-22.0070579176858;1.64285206410656;-190.665778146115;26.8392770660309;"T14";9.37404704745859;1;2;2;"S-3";2;"S-1"
-21.5286653814479;1.88438687250364;-194.060600965236;27.0927044753889;"T14";9.52830768655986;1;2;2;"S-3";2;"S-1"
-21.5785331644365;1.75787720848369;-195.085938403553;27.18245144179;"T14";9.57593430066481;1;2;2;"S-3";2;"S-1"
-21.2543614653744;2.02160852317249;-195.737839646495;27.235558032883;"T14";9.60614493815228;1;2;2;"S-3";2;"S-1"
-21.5561230406477;2.05665685685359;-197.230135811016;27.3774977778247;"T14";9.67635622946545;1;2;2;"S-3";2;"S-1"
-21.6887064254845;1.6733153580287;-198.28201210947;27.4778566687857;"T14";9.72515332978219;1;2;2;"S-3";2;"S-1"
-21.8529491160946;1.53384165961539;-199.553412498689;27.5759470645772;"T14";9.78377371793613;1;2;2;"S-3";2;"S-1"
-20.8293290619293;2.24242752870256;-204.851535502983;27.9478182357671;"T14";10.0262180203572;1;2;2;"S-3";2;"S-1"
-21.3170683281035;1.91887853454551;-209.537834870819;28.4523321679696;"T14";10.2512036333792;1;2;2;"S-3";2;"S-1"
-20.7554969156079;2.1938939738998;-213.164219408827;28.7787650217227;"T14";10.4213201091625;1;2;2;"S-3";2;"S-1"
-20.8634930000842;2.33490918200455;-213.882373044032;28.8546751740557;"T14";10.4559207567945;1;2;2;"S-3";2;"S-1"
-20.8123912803172;2.23285555541434;-215.699394557031;29.0580246426507;"T14";10.543011710979;1;2;2;"S-3";2;"S-1"
-20.7919810580965;2.30215149454427;-215.856145281015;29.0748416301918;"T14";10.55054331664;1;2;2;"S-3";2;"S-1"
-20.7765436329405;2.39097987486991;-215.956127151516;29.0859119275317;"T14";10.5553519912064;1;2;2;"S-3";2;"S-1"
-21.1131521749287;2.44862641622005;-217.577008605147;29.2724441536638;"T14";10.6333669624291;1;2;2;"S-3";2;"S-1"
-21.3501595179526;2.4714069201928;-218.327057449741;29.359432084178;"T14";10.6688921572641;1;2;2;"S-3";2;"S-1"
-21.9760561237764;2.28161192029273;-224.404069219419;30.0628820480551;"T14";10.9535275842063;1;2;2;"S-3";2;"S-1"
-21.9881370738351;2.29463299846747;-226.296117678686;30.25931949316;"T14";11.0396234900691;1;2;2;"S-3";2;"S-1"
-22.0921755923074;2.27947964558519;-236.050404985684;31.2772551853021;"T14";11.4832393941469;1;2;2;"S-3";2;"S-1"
-21.6302955414669;2.30153105666701;-239.624287559306;31.6460098400098;"T14";11.6450108122081;1;2;2;"S-3";2;"S-1"
-21.57190890728;2.48735748910073;-245.295822690105;32.2494789057694;"T14";11.9072141242214;1;2;2;"S-3";2;"S-1"
-21.9918992398221;2.08838577244123;-248.316616850998;32.5977927713351;"T14";12.0472478214651;1;2;2;"S-3";2;"S-1"
-21.8843884121325;2.16175750004794;-248.459887100917;32.6113979424158;"T14";12.0537625043653;1;2;2;"S-3";2;"S-1"
-21.873415050605;2.17577289854107;-249.183029739671;32.6828305542617;"T14";12.0868062716909;1;2;2;"S-3";2;"S-1"
-21.5530185686571;2.30062027074341;-252.523150350929;33.0150760626572;"T14";12.2395085636526;1;2;2;"S-3";2;"S-1"
-21.3413349513964;2.40441137584816;-260.486290342144;33.8650804935539;"T14";12.6089760684408;1;2;2;"S-3";2;"S-1"
-21.4286719322745;2.50532593227969;-262.804054232396;34.1262102624716;"T14";12.7175805158913;1;2;2;"S-3";2;"S-1"
-21.4744038522495;2.61904214941225;-265.633155399443;34.4569736686801;"T14";12.8496046178043;1;2;2;"S-3";2;"S-1"
-21.7208977771007;2.63671224361452;-266.774237160975;34.5961412679271;"T14";12.9027414484881;1;2;2;"S-3";2;"S-1"
-21.4615443622873;2.81916884579035;-269.854231828492;34.9700235877763;"T14";13.0445401300676;1;2;2;"S-3";2;"S-1"
-21.7979091228342;2.7030813272476;-273.800691105449;35.4884268702693;"T14";13.228425278794;1;2;2;"S-3";2;"S-1"
-21.8802804857298;2.69447021970718;-276.624280022196;35.8385701080299;"T14";13.357960130088;1;2;2;"S-3";2;"S-1"
-21.8489271461039;2.40077833715544;-279.443711395881;36.185771958475;"T14";13.4868173161522;1;2;2;"S-3";2;"S-1"
-21.3428836369222;2.28074497614339;-280.584186767316;36.3110883434623;"T14";13.5390155483037;1;2;2;"S-3";2;"S-1"
-21.1046882227704;1.86642431039191;-284.502379207191;36.7297945443127;"T14";13.7225986341946;1;2;2;"S-3";2;"S-1"
-21.2739972809121;1.86258779301739;-285.07071853865;36.7800564734912;"T14";13.749528164044;1;2;2;"S-3";2;"S-1"
-20.9744843636394;2.05896633594762;-287.451424754697;36.9884928231916;"T14";13.8614350231364;1;2;2;"S-3";2;"S-1"
-21.2269834785285;2.40829482554603;-289.802948994607;37.2193308816725;"T14";13.9735485892743;1;2;2;"S-3";2;"S-1"
-21.1100319846184;2.42495713525062;-290.188208828417;37.2630403077053;"T14";13.9916981221177;1;2;2;"S-3";2;"S-1"
-21.0235796252114;2.72707646081977;-304.77285343071;38.9384114307426;"T14";14.6825850242749;1;2;2;"S-3";2;"S-1"
-20.4506530487686;2.9073030780524;-306.275559368581;39.133335133735;"T14";14.7540621925145;1;2;2;"S-3";2;"S-1"
-20.428803739184;2.97403753303189;-306.767412985272;39.2032579636001;"T14";14.7781129460782;1;2;2;"S-3";2;"S-1"
-20.6435938242439;2.67579861798187;-307.443430792751;39.3016730425303;"T14";14.8112043505535;1;2;2;"S-3";2;"S-1"
-21.0274774623242;3.24059876346528;-311.287797824636;39.79997542527;"T14";14.9974300176837;1;2;2;"S-3";2;"S-1"
-21.0274176737;3.233585881892;-311.41058258222;39.8188981008173;"T14";15.0032692705281;1;2;2;"S-3";2;"S-1"
-21.149524307818;3.12705519345578;-312.811872360711;40.0343877493554;"T14";15.069910348393;1;2;2;"S-3";2;"S-1"
-21.2804191050143;2.96908149662631;-314.778906356248;40.3252228424726;"T14";15.1629164116457;1;2;2;"S-3";2;"S-1"
-21.939515271425;2.26686115467713;-335.718372915169;43.2467340402791;"T14";16.14689452108;1;2;2;"S-3";2;"S-1"
-22.1183550045482;2.25713115976484;-336.841577889249;43.3627871842517;"T14";16.1980900447816;1;2;2;"S-3";2;"S-1"
-22.1510807849949;2.1436862688294;-337.751078955383;43.4555998367202;"T14";16.2392097874545;1;2;2;"S-3";2;"S-1"
-22.1855937457771;1.94472002922398;-338.51841164585;43.5298589922053;"T14";16.2738506565802;1;2;2;"S-3";2;"S-1"
-21.964055843811;2.23004790442525;-349.48372794866;44.491044457206;"T14";16.7681045597419;1;2;2;"S-3";2;"S-1"
-21.8719988419678;2.0701395754003;-350.64776299035;44.609230912561;"T14";16.8211018317379;1;2;2;"S-3";2;"S-1"
-21.3203637143358;2.50567311536145;-357.344591245486;45.2430718934783;"T14";17.1272845589556;1;2;2;"S-3";2;"S-1"
-21.3603544621761;2.46220083796708;-357.567453786025;45.2692637860619;"T14";17.1377375954762;1;2;2;"S-3";2;"S-1"
-21.3461407518047;2.36700087706801;-358.013890085637;45.3207243473999;"T14";17.1586378244683;1;2;2;"S-3";2;"S-1"
-20.8010503272248;2.63638213629637;-362.619022276964;45.8313717783631;"T14";17.3743738792837;1;2;2;"S-3";2;"S-1"
-20.7845353970584;2.60874710276979;-362.775083648056;45.8511514243156;"T14";17.3818764509633;1;2;2;"S-3";2;"S-1"
-20.9182765498266;2.4880393563096;-364.351563464084;46.0490214788571;"T14";17.4577251425944;1;2;2;"S-3";2;"S-1"
-21.319113070148;2.30574913943475;-365.090720899339;46.1369375547844;"T14";17.4930606270209;1;2;2;"S-3";2;"S-1"
-21.1861123064284;2.37179602470453;-366.867311464519;46.3290830794746;"T14";17.5763938575983;1;2;2;"S-3";2;"S-1"
-21.2854803402649;2.32802968799527;-367.459880192507;46.3954214493029;"T14";17.6043635350652;1;2;2;"S-3";2;"S-1"
-21.0458908476424;2.62428501931599;-371.674141523402;46.8563424778377;"T14";17.8023511427455;1;2;2;"S-3";2;"S-1"
-20.9172418143991;2.9536469880612;-373.779133743682;47.118821248133;"T14";17.9023702978157;1;2;2;"S-3";2;"S-1"
-21.253815195362;2.97611272510596;-382.685466533557;48.3764518312139;"T14";18.3281593606807;1;2;2;"S-3";2;"S-1"
-21.4061120947598;2.85442317658957;-383.267204957395;48.4579110473571;"T14";18.3555303723551;1;2;2;"S-3";2;"S-1"
-21.1609575592909;2.86177519642158;-385.433635625424;48.7467962910633;"T14";18.4567365446128;1;2;2;"S-3";2;"S-1"
-20.8770856375785;2.77273137317233;-386.200477368482;48.8505027832536;"T14";18.4929750626907;1;2;2;"S-3";2;"S-1"
-21.0762378525687;3.23190043185481;-388.870284928031;49.2050857604566;"T14";18.620857258793;1;2;2;"S-3";2;"S-1"
-21.0213353173673;3.2659403314012;-389.092138433823;49.2391055151298;"T14";18.631383497268;1;2;2;"S-3";2;"S-1"
-20.8393770226511;3.33529774513593;-389.158907989127;49.2494790418485;"T14";18.6345597729087;1;2;2;"S-3";2;"S-1"
-21.2942769230392;3.22599953485568;-390.410744721318;49.4498328348441;"T14";18.6946305097081;1;2;2;"S-3";2;"S-1"
-21.3075557240616;3.19826640868004;-391.84215815497;49.6666863625708;"T14";18.761851079762;1;2;2;"S-3";2;"S-1"
-21.5358776006895;2.76303840104064;-396.378249090526;50.3475541004654;"T14";18.9747375785373;1;2;2;"S-3";2;"S-1"
-21.8151794789946;2.69593377576478;-404.464048165302;51.3849566043685;"T14";19.3501947214827;1;2;2;"S-3";2;"S-1"
-21.6175143767203;1.62854214241538;-412.774955551582;52.4120238330153;"T14";19.7311637341045;1;2;2;"S-3";2;"S-1"
-21.4568837392272;1.65343803144501;-413.596145744294;52.4738876908329;"T14";19.7691509965807;1;2;2;"S-3";2;"S-1"
-20.991034807528;2.25497707310759;-417.757603897612;52.7945639484193;"T14";19.9630961287767;1;2;2;"S-3";2;"S-1"
-20.7605625166849;1.98698475312164;-420.895674598907;53.1316734596985;"T14";20.1125918887556;1;2;2;"S-3";2;"S-1"
-20.6626662628326;2.58977573012164;-428.021958223232;53.8137270840439;"T14";20.4558525118046;1;2;2;"S-3";2;"S-1"
-21.405558621691;2.69256645990348;-431.209878784292;54.2132882633018;"T14";20.6101365969516;1;2;2;"S-3";2;"S-1"
-21.4389136900337;2.65976951088874;-431.478108175308;54.2470283527138;"T14";20.6226674257778;1;2;2;"S-3";2;"S-1"
-21.0969057725299;2.60961475838245;-434.212203956785;54.5862276565854;"T14";20.7501970115118;1;2;2;"S-3";2;"S-1"
-21.0092124833079;2.610329034872;-434.380640822878;54.6070627181983;"T14";20.7581809721887;1;2;2;"S-3";2;"S-1"
-21.1658089355036;2.94876850637842;-451.353996411743;56.7159491387637;"T14";21.5660815825686;1;2;2;"S-3";2;"S-1"
-21.1396658350759;2.85863193933473;-451.746178183106;56.7705869397424;"T14";21.5846106060781;1;2;2;"S-3";2;"S-1"
-20.7742578499519;3.17545896357215;-454.722401487598;57.173049640108;"T14";21.7253991751932;1;2;2;"S-3";2;"S-1"
-12.1161820325172;-2.43792337862228;-461.882253186919;58.2674721422581;"T14";22.0700493548065;3;2;1;"S-4-NA";3;"S-2"
-11.4982020347774;-2.4805199206639;-462.191090530256;58.2053303076856;"T14";22.0955390133895;3;2;1;"S-4-NA";3;"S-2"
-7.24741927140335;-2.52893991885588;-464.365773016238;57.7361836349032;"T14";22.2846714081243;3;2;1;"S-4-NA";3;"S-2"
-6.90721809986178;-2.42675864633188;-464.620260277466;57.6473819567252;"T14";22.3197855986655;3;2;1;"S-4-NA";3;"S-2"
-6.86117187916787;-2.37815604906425;-464.659713819651;57.6335204826496;"T14";22.3254975280724;3;2;1;"S-4-NA";3;"S-2"
-4.97105731702363;-1.62471090993536;-465.628406122646;57.2977613003087;"T14";22.4666822003201;3;2;1;"S-4-NA";3;"S-2"
-4.2059208384012;-1.08010364254147;-465.972352262187;57.185347982637;"T14";22.5358719355427;3;2;1;"S-4-NA";3;"S-2"
-3.63947062173855;-0.688358630721673;-466.218834124293;57.1220500825315;"T14";22.5944754783995;3;2;1;"S-4-NA";3;"S-2"
-3.39001486275437;-0.043830106588587;-466.545484480676;57.0602684072787;"T14";22.6842276402749;3;2;1;"S-4-NA";3;"S-2"
-3.63859787865784;0.447610503750282;-467.043849427334;57.0538249580266;"T14";22.8312373044901;3;2;1;"S-4-NA";3;"S-2"
-3.90254886069885;0.272540799526738;-467.327941283076;57.0887731723939;"T14";22.9093145928346;3;2;1;"S-4-NA";3;"S-2"
-3.69048205593361;1.26283231044976;-468.04197591359;57.1386389334738;"T14";23.0922808172181;3;2;1;"S-4-NA";3;"S-2"
-3.60633279109601;1.56765138624674;-468.421489933741;57.268503422625;"T14";23.1951167108491;3;2;1;"S-4-NA";3;"S-2"
-3.43604723477177;2.27253117577964;-469.65031743131;57.8026674173561;"T14";23.5358582809567;3;2;1;"S-4-NA";3;"S-2"
-3.61743563677372;2.67821540535353;-470.815904089599;58.5735625296901;"T14";23.8750813994557;3;2;3;"S-5-NA";3;"S-2"
-3.77999654600015;2.43085168694001;-471.440648487804;59.0361001501727;"T14";24.0477850660682;3;2;3;"S-5-NA";3;"S-2"
-3.79340132939101;2.66419437266933;-471.938308624563;59.3561369460381;"T14";24.1794413072057;3;2;3;"S-5-NA";3;"S-2"
-3.72211672043772;2.80638949128821;-472.367036366444;59.6572424548267;"T14";24.2924606543966;3;2;3;"S-5-NA";3;"S-2"
-3.80474376754944;2.8377972950022;-472.437989204226;59.7107392453044;"T14";24.3115231511183;3;2;3;"S-5-NA";3;"S-2"
-4.46557428906777;2.69070555295345;-472.740445648864;59.9363287022798;"T14";24.3910177145153;3;2;1;"S-6-NA";3;"S-2"
-4.55690432902719;2.36715749412784;-473.904003193829;60.637423465182;"T14";24.6515793958679;3;2;3;"S-7-NA";3;"S-2"
-4.61923639030839;2.31034525575485;-473.924602096664;60.64812389769;"T14";24.6560997678898;3;2;3;"S-7-NA";3;"S-2"
-4.61543595410893;2.27231234744373;-473.964353213905;60.6680057130741;"T14";24.6647053281777;3;2;3;"S-7-NA";3;"S-2"
-4.2903071098077;2.30955440748388;-474.229161220461;60.7983783385385;"T14";24.7220797580667;3;2;3;"S-7-NA";3;"S-2"
-4.3920595909216;2.07419606649769;-474.392712518959;60.8864211318928;"T14";24.76020087488;3;2;3;"S-7-NA";3;"S-2"
-4.53809180969294;2.14853875890461;-474.691162092095;61.0273670634843;"T14";24.8281529522501;3;2;3;"S-7-NA";3;"S-2"
-4.77897272580304;1.78979427178855;-474.878900100556;61.1162507627598;"T14";24.8695223242976;3;2;1;"S-8-NA";3;"S-2"
-4.71770968783419;1.84631879631094;-475.202289193776;61.2373646463941;"T14";24.9371914891526;3;2;3;"S-9-NA";3;"S-2"
-4.69847444368245;2.04043418239064;-475.402107688942;61.3155654403991;"T14";24.9795464682393;3;2;3;"S-9-NA";3;"S-2"
-4.69480916135432;2.071852063606;-475.472065169576;61.3459462877384;"T14";24.9944358714856;3;2;3;"S-9-NA";3;"S-2"
-4.44153988681113;2.13852266388976;-475.567554161282;61.3880862465136;"T14";25.014775141608;3;2;3;"S-9-NA";3;"S-2"
-4.39059091200635;2.04263431561644;-475.829639895214;61.5142758780781;"T14";25.0737829948775;3;2;3;"S-9-NA";3;"S-2"
-4.61524228712037;1.98976566630759;-475.883256932097;61.5392201285523;"T14";25.0859947991557;3;2;3;"S-9-NA";3;"S-2"
-4.56207159199896;2.17672614581066;-476.513750948902;61.8110445029631;"T14";25.2226060489193;3;2;3;"S-9-NA";3;"S-2"
-4.46517685629274;2.28372104555263;-476.797199979236;61.9462880875696;"T14";25.2847376978025;3;2;3;"S-9-NA";3;"S-2"
-4.31051242190577;2.39381379484647;-478.205113814552;62.6663676184631;"T14";25.6000474561006;3;2;3;"S-9-NA";3;"S-2"
-4.09043290910058;2.34337658375673;-478.880478551983;63.0414268380582;"T14";25.7567259832285;3;2;3;"S-9-NA";3;"S-2"
-3.84108616290777;2.71055904275827;-479.825654081351;63.5829104052704;"T14";25.9877957869321;3;2;3;"S-9-NA";3;"S-2"
-3.79145521655595;2.82299889917678;-479.999137365782;63.7053332475177;"T14";26.032960950397;3;2;3;"S-9-NA";3;"S-2"
-4.57049406023206;2.60570330272744;-481.769545921837;65.02352405273;"T14";26.499907928519;3;2;1;"S-10-NA";3;"S-2"
-4.4789051788081;2.52702970617139;-482.423689909204;65.3964607912706;"T14";26.6430311836302;3;2;3;"S-11-NA";3;"S-2"
-4.09821314261771;2.82207826397754;-482.814225884101;65.6168039265888;"T14";26.7302257008851;3;2;3;"S-11-NA";3;"S-2"
-3.95438692295681;2.92053402627312;-483.060636332197;65.786485088937;"T14";26.7903520143591;3;2;3;"S-11-NA";3;"S-2"
-4.16003810473418;2.79193095574375;-483.249601073379;65.9260460290114;"T14";26.8381381174549;3;2;3;"S-11-NA";3;"S-2"
-4.42317833082821;2.38444384380353;-483.739649787089;66.2549329620598;"T14";26.9559372100048;3;2;3;"S-11-NA";3;"S-2"
-4.07215240815362;2.63948121177456;-484.180332082588;66.4924956619972;"T14";27.0555674447678;3;2;3;"S-11-NA";3;"S-2"
-4.00422825735555;2.80137844920651;-484.38532271433;66.6253661606526;"T14";27.1059070713818;3;2;3;"S-11-NA";3;"S-2"
-4.08623616508905;2.79959198405316;-484.434636396113;66.6598662631737;"T14";27.1182224736549;3;2;3;"S-11-NA";3;"S-2"
-4.24666886264513;2.70112227668469;-484.649811524714;66.8072886198027;"T14";27.1708809887059;3;2;3;"S-11-NA";3;"S-2"
-4.42604702989287;2.75480586670672;-485.52842592213;67.3661372134266;"T14";27.3777759517543;3;2;1;"S-12-NA";3;"S-2"
-4.90949119225465;2.43105029345401;-486.323597397773;67.8610580833014;"T14";27.5574332103133;3;2;1;"S-12-NA";3;"S-2"
-5.10197622256209;2.21109604077326;-487.755351213919;68.5700247355659;"T14";27.8490629862063;3;2;1;"S-12-NA";3;"S-2"
-5.09917142692464;2.31975273595172;-488.46876598137;68.8792046491777;"T14";27.9888940509409;3;2;1;"S-12-NA";3;"S-2"
-5.14502162380828;2.23170858015112;-488.627620390271;68.9514718704205;"T14";28.0200470355339;3;2;1;"S-12-NA";3;"S-2"
-4.72597620926391;1.77400555625846;-489.218689227648;69.207854348918;"T14";28.1349287368357;3;2;3;"S-13-NA";3;"S-2"
-5.08266521380607;1.37225919235062;-489.664406039888;69.3751645651399;"T14";28.2292408519424;3;2;1;"S-14-NA";3;"S-2"
-4.70930478098204;1.6506943784415;-490.195475879139;69.5185471091469;"T14";28.333727340214;3;2;1;"S-14-NA";3;"S-2"
-4.59489051086145;1.74240227020186;-490.278919912926;69.5477957145979;"T14";28.3514463109896;3;2;3;"S-15-NA";3;"S-2"
-4.36172523816469;1.85474916777792;-490.746847387318;69.7252358280769;"T14";28.4532827907242;3;2;3;"S-15-NA";3;"S-2"
-4.21941719179363;2.06675159805402;-490.91461412405;69.7965757677438;"T14";28.4917461802252;3;2;3;"S-15-NA";3;"S-2"
-3.9086109258636;2.66844897505205;-491.781250307545;70.2210708190162;"T14";28.6971385707147;3;2;3;"S-15-NA";3;"S-2"
-3.66806481402832;2.74912968625021;-492.876629023475;70.9688971612275;"T14";28.9773861411959;3;2;3;"S-15-NA";3;"S-2"
-3.85349845822987;2.51640144115634;-493.359869966917;71.33107506445;"T14";29.1091288905591;3;2;3;"S-15-NA";3;"S-2"
-3.83312856313558;2.46363534819404;-493.405866015687;71.3611112833991;"T14";29.1210650699213;3;2;3;"S-15-NA";3;"S-2"
-4.15984194441841;2.51682831350257;-494.634174151872;72.1505717183773;"T14";29.4415103970096;3;2;3;"S-15-NA";3;"S-2"
-4.38111789659924;2.36518155308466;-495.811776212807;72.8630560503786;"T14";29.7245985711925;3;2;3;"S-15-NA";3;"S-2"
-4.19746204937523;2.38378112611376;-495.948856468284;72.9370599231794;"T14";29.7558874473907;3;2;3;"S-15-NA";3;"S-2"
-3.9230480916569;2.41051637755303;-497.135171185228;73.6107800422935;"T14";30.0385141163133;3;2;3;"S-15-NA";3;"S-2"
-3.78169516596857;2.60355674395477;-498.002559521331;74.1437466899167;"T14";30.2596147288568;3;2;3;"S-15-NA";3;"S-2"
-3.72823458574867;2.66919822471701;-498.065447169453;74.187042501238;"T14";30.2762442152016;3;2;3;"S-15-NA";3;"S-2"
-3.47722693904804;2.87817781736925;-498.714286149792;74.6515733172626;"T14";30.4502780549228;3;2;1;"S-16-NA";3;"S-2"
-3.28693677075618;3.18683083618654;-499.233248289435;75.0811297841129;"T14";30.5995240341872;3;2;1;"S-16-NA";3;"S-2"
-3.62306566209908;3.48086359149204;-499.623974336413;75.45995599887;"T14";30.7183964294381;3;2;1;"S-16-NA";3;"S-2"
-3.56376183722869;3.3501122147819;-500.27961245427;76.0898609099274;"T14";30.8993586804718;3;2;1;"S-16-NA";3;"S-2"
-3.59601658186955;3.05634773461109;-500.739465487353;76.5221454826631;"T14";31.0283945291303;3;2;1;"S-16-NA";3;"S-2"
-4.26493099071608;2.76124486881211;-502.131064799178;77.7049018207805;"T14";31.4153780927882;3;2;3;"S-17-NA";3;"S-2"
-4.25515907451534;2.71413295361307;-502.154426670304;77.7200270002766;"T14";31.420855759643;3;2;3;"S-17-NA";3;"S-2"
-4.3120424752254;2.94543727721682;-502.535585025652;77.9631470422487;"T14";31.5104313427582;3;2;1;"S-18-NA";3;"S-2"
-4.35484061634625;2.89502638348072;-503.366682122054;78.5308465449309;"T14";31.7031699582003;3;2;1;"S-18-NA";3;"S-2"
-4.6938468840487;2.56072209041482;-503.578458467762;78.6716319748085;"T14";31.7518000607379;3;2;1;"S-18-NA";3;"S-2"
-4.30530563010717;2.61078920570965;-504.511981068255;79.1809140208651;"T14";31.9506822619587;3;2;3;"S-19-NA";3;"S-2"
-4.2733541957386;2.66969700827349;-504.736238377524;79.3169063551253;"T14";32.0027708541602;3;2;3;"S-19-NA";3;"S-2"
-4.50363302276802;2.69143833361191;-505.226597516022;79.6232489293808;"T14";32.117518922314;3;2;1;"S-20-NA";3;"S-2"
-4.58221455255105;2.42347855706874;-505.549639595647;79.8163036991799;"T14";32.189248141367;3;2;3;"S-21-NA";3;"S-2"
-4.75746829727521;2.40472461495608;-505.748775194682;79.9216241394773;"T14";32.2327065165155;3;2;1;"S-22-NA";3;"S-2"
-4.71348292728822;1.60752242246556;-506.792877075616;80.4493791000393;"T14";32.4521723785438;3;2;1;"S-22-NA";3;"S-2"
-4.7404424881086;1.52328004806808;-507.507791729214;80.6931990848652;"T14";32.6038467697799;3;2;1;"S-22-NA";3;"S-2"
-4.83299613254839;1.45063860058658;-507.658624431327;80.7416672281451;"T14";32.6356650446542;3;2;1;"S-22-NA";3;"S-2"
-4.9833225254529;1.38328185272803;-507.69270479655;80.7518965542109;"T14";32.6427166466601;3;2;1;"S-22-NA";3;"S-2"
-4.74350665765741;1.62507176856455;-508.309632233919;80.923144657099;"T14";32.7665150631219;3;2;1;"S-22-NA";3;"S-2"
-4.29194920383261;2.06067961352034;-510.107888813456;81.5392070368838;"T14";33.1456136307679;3;2;3;"S-23-NA";3;"S-2"
-4.35817232265272;2.14048594588212;-510.528494694039;81.7411511704887;"T14";33.2436124328524;3;2;3;"S-23-NA";3;"S-2"
-4.22505592533939;2.14358751416572;-510.639412394083;81.7956276254142;"T14";33.2690629409626;3;2;3;"S-23-NA";3;"S-2"
-4.58037542826727;2.07525056840846;-510.915186796155;81.9355421201464;"T14";33.334334124811;3;2;3;"S-23-NA";3;"S-2"
-4.44075657354218;2.25812550202894;-511.349494742645;82.1323159058179;"T14";33.4291534149088;3;2;3;"S-23-NA";3;"S-2"
-4.17695965118117;2.08987163803483;-512.774491388402;82.8569269518865;"T14";33.7500439258292;3;2;3;"S-23-NA";3;"S-2"
-4.88491690478583;1.72683499933527;-514.241483707909;83.5909119308615;"T14";34.1012544813566;3;2;1;"S-24-NA";3;"S-2"
-4.53207517709834;1.83484049904194;-514.491766236346;83.6793876691908;"T14";34.1524902614765;3;2;3;"S-25-NA";3;"S-2"
-4.57091521837492;1.74189563315497;-514.738621228962;83.7793285395741;"T14";34.2069586855359;3;2;3;"S-25-NA";3;"S-2"
-3.98162116896267;1.50668630516915;-515.682451476626;84.1390056957456;"T14";34.4134447397664;3;2;1;"S-26-NA";3;"S-2"
-3.93101676296415;2.17528735942172;-516.785024032018;84.556230464042;"T14";34.6903602243401;3;2;3;"S-27";3;"S-2"
-4.20384070897599;2.09587446388544;-517.169909335998;84.7692125465564;"T14";34.7882700851187;3;2;3;"S-27";3;"S-2"
-4.3491196740173;1.98680892939102;-519.835006909033;86.0979284360905;"T14";35.4222373920493;3;2;3;"S-27";3;"S-2"
-4.29782564620062;2.1225529184881;-519.981877191198;86.1650232069729;"T14";35.4560075094923;3;2;3;"S-27";3;"S-2"
-4.38143839406757;2.2192811796594;-520.060313957052;86.2037605127609;"T14";35.4742578463629;3;2;3;"S-27";3;"S-2"
-4.42198374821393;2.13419737238698;-520.335193672252;86.3429922726864;"T14";35.536995169241;3;2;3;"S-27";3;"S-2"
-4.42104882178663;2.02052590963938;-520.70843768178;86.5231323251498;"T14";35.6214016326703;3;2;3;"S-27";3;"S-2"
-4.20314464918806;2.27003824987734;-521.650259494107;86.9535676021123;"T14";35.8344329404645;3;2;3;"S-27";3;"S-2"
-4.18639420527879;2.06879064565974;-522.086005460104;87.1889056864759;"T14";35.9381043585017;3;2;3;"S-27";3;"S-2"
-4.35710003414987;1.93876508396508;-522.538588677127;87.4125587587494;"T14";36.0462124808691;3;2;3;"S-27";3;"S-2"
-4.50869537229954;1.90308444801867;-522.65376114958;87.4638066911991;"T14";36.0726457671262;3;2;3;"S-27";3;"S-2"
-4.48960893415237;1.86022811228901;-523.04025906511;87.6269443865857;"T14";36.158368550241;3;2;3;"S-27";3;"S-2"
-4.25084484480871;1.98678160505251;-523.155698347449;87.6747755900198;"T14";36.1840810975991;3;2;3;"S-27";3;"S-2"
-4.28911363947836;2.41695529028089;-523.621754231905;87.8926031729986;"T14";36.2937195110135;3;2;3;"S-27";3;"S-2"
-3.98641651588003;2.81059641324027;-524.108977034511;88.167157738181;"T14";36.4073147298768;3;2;3;"S-27";3;"S-2"
-3.75702754451974;2.85968855249941;-524.195437683803;88.2281162430984;"T14";36.4290035446174;3;2;3;"S-27";3;"S-2"
-4.19195047850326;2.71706719525259;-524.28298181581;88.2947510891759;"T14";36.4523049793206;3;2;3;"S-27";3;"S-2"
-3.91472732185796;2.90021265823218;-524.809005772929;88.63570035495;"T14";36.577789275907;3;2;3;"S-27";3;"S-2"
-4.13651520519817;2.4233422783453;-525.679305912504;89.2804593058893;"T14";36.8001036462374;3;2;3;"S-27";3;"S-2"
-4.34922801886606;2.17337692502519;-526.525444341705;89.7761623136381;"T14";37.0046570897102;3;2;3;"S-27";3;"S-2"
-3.77938254503188;2.52679443404644;-529.809412999004;91.4172125578008;"T14";37.75972641306;3;2;3;"S-27";3;"S-2"
-4.07593356015288;2.57192940900185;-530.142804155352;91.6401089987364;"T14";37.8479395410977;3;2;3;"S-27";3;"S-2"
-4.3686238435508;2.58981052871831;-530.966483859248;92.1598539903518;"T14";38.050023233518;3;2;3;"S-27";3;"S-2"
-4.53322963791138;2.5693837249286;-531.141584569328;92.2636573112124;"T14";38.0901046679355;3;2;3;"S-27";3;"S-2"
-4.46563589213352;2.66191423179187;-531.192236117694;92.2923660408399;"T14";38.1012780591846;3;2;3;"S-27";3;"S-2"
-4.44227015320274;2.52162136416021;-531.231529022039;92.3157880895271;"T14";38.110077008605;3;2;3;"S-27";3;"S-2"
-4.55506833422891;2.52412175846027;-531.275359823583;92.3406683155761;"T14";38.1199437659234;3;2;3;"S-27";3;"S-2"
-4.41932577572414;2.5794976111545;-532.38303801193;92.9544713172936;"T14";38.3631186443381;3;2;3;"S-27";3;"S-2"
-4.37382345379497;2.78164942163811;-532.479446260651;93.0107434411178;"T14";38.384933792986;3;2;1;"S-28-NA";3;"S-2"
-4.52238371558925;2.71434316265007;-533.532622443176;93.680538861521;"T14";38.6257245321758;3;2;1;"S-28-NA";3;"S-2"
-4.21345670936028;2.7088501776898;-533.752208798718;93.8123350027293;"T14";38.6742799775675;3;2;3;"S-29-NA";3;"S-2"
-4.06306669487309;2.84679609688649;-534.094885318433;94.0326432710587;"T14";38.7556090485305;3;2;3;"S-29-NA";3;"S-2"
-4.02868609646245;2.86579229924771;-534.200692022923;94.1067769577506;"T14";38.7816501432098;3;2;3;"S-29-NA";3;"S-2"
-4.15450254590397;2.91726435481448;-534.410725818521;94.2561837915405;"T14";38.8337847078219;3;2;3;"S-29-NA";3;"S-2"
-4.35807761952336;2.83387452248796;-534.452824018068;94.2857448702941;"T14";38.8439178583212;3;2;1;"S-30-NA";3;"S-2"
-4.47126235103221;2.76582434051814;-534.580134124983;94.3685292766171;"T14";38.8731303042732;3;2;1;"S-30-NA";3;"S-2"
-4.87483106771564;2.48348800857553;-536.288841292517;95.4254978693216;"T14";39.2552834935486;3;2;1;"S-30-NA";3;"S-2"
-3.84170270258724;2.37949369714522;-540.15315055293;97.3941744401305;"T14";40.0479897856712;3;2;3;"S-31-NA";3;"S-2"
-3.86190879714995;2.46125031022016;-540.38253840015;97.5362538718091;"T14";40.1076997281052;3;2;3;"S-31-NA";3;"S-2"
-3.67441693474697;2.34405602797114;-540.988564667988;97.922483173966;"T14";40.2646237518638;3;2;1;"S-32-NA";3;"S-2"
-4.53459419721082;1.87246172020469;-542.073732110712;98.6147544460204;"T14";40.5599542660639;3;2;3;"S-33-NA";3;"S-2"
-4.77631721571788;2.32618018560206;-542.859318687305;98.93914527982;"T14";40.7331972382963;3;2;1;"S-34-NA";3;"S-2"
-5.0584561773499;2.10874938631589;-543.020854409511;99.017817021937;"T14";40.7670173794031;3;2;1;"S-34-NA";3;"S-2"
-4.58615353035861;1.98869154061843;-543.866482790998;99.3703392674586;"T14";40.9341886173934;3;2;3;"S-35-NA";3;"S-2"
-4.63181873339833;2.13878918398369;-544.657400727624;99.7133046303667;"T14";41.1066464148462;3;2;3;"S-35-NA";3;"S-2"
-5.05048482099258;2.09172642394186;-545.412554316958;100.062004443999;"T14";41.2696824991144;3;2;1;"S-36-NA";3;"S-2"
-4.48920671523147;2.0040354417949;-546.001587439595;100.305960458296;"T14";41.3863115245476;3;2;3;"S-37-NA";3;"S-2"
-4.04715937269887;2.40649580075451;-547.410312278696;100.93483203503;"T14";41.7001141468063;3;2;3;"S-37-NA";3;"S-2"
-3.99070280446898;2.39733174457446;-547.422566878477;100.942118786106;"T14";41.7031420976855;3;2;3;"S-37-NA";3;"S-2"
-3.92271017404001;2.39399400617286;-547.449731367254;100.958437287999;"T14";41.7099490412511;3;2;3;"S-37-NA";3;"S-2"
-4.28560719438704;2.57337734807365;-548.630195500583;101.678863711137;"T14";42.0108797959983;3;2;3;"S-37-NA";3;"S-2"
-4.10637286089248;2.53718127160265;-548.755047763467;101.753833714357;"T14";42.040012718644;3;2;3;"S-37-NA";3;"S-2"
-4.31729639925315;2.39687107672397;-549.061486809154;101.943171466662;"T14";42.1146379550919;3;2;3;"S-37-NA";3;"S-2"
-4.20918554675503;2.59042832479817;-550.087118085107;102.512580122769;"T14";42.3522012773901;3;2;3;"S-37-NA";3;"S-2"
-4.35938055251641;2.49224909220775;-550.82894192126;102.969115349319;"T14";42.5284405588172;3;2;3;"S-37-NA";3;"S-2"
-4.34166552377416;2.09513263365212;-552.335398393625;103.830353484067;"T14";42.8740071947686;3;2;3;"S-37-NA";3;"S-2"
-4.2330480673673;2.03597684861129;-552.390688686765;103.857034603754;"T14";42.8867420065217;3;2;3;"S-37-NA";3;"S-2"
-4.52893703560983;2.42461534210896;-552.972848253959;104.137036952449;"T14";43.0242692818865;3;2;3;"S-37-NA";3;"S-2"
-4.77124721851594;2.42146370056924;-554.466085911202;104.936457855125;"T14";43.3539796853438;3;2;1;"S-38-NA";3;"S-2"
-4.56157184625786;2.32050998099045;-554.896466796261;105.154881181953;"T14";43.4441827004775;3;2;3;"S-39-NA";3;"S-2"
-4.2952362847921;2.69359319089135;-555.607348256085;105.516512562192;"T14";43.6000240384601;3;2;3;"S-39-NA";3;"S-2"
-3.98416337025483;2.8353887167413;-556.537643365734;106.099911566746;"T14";43.8166116829962;3;2;3;"S-39-NA";3;"S-2"
-3.68027777976114;3.24175451455017;-557.540356666905;106.813507299665;"T14";44.068286428228;3;2;1;"S-40-NA";3;"S-2"
-3.95412203679918;3.29642694952305;-558.379743805405;107.552877316964;"T14";44.2963635432534;3;2;1;"S-40-NA";3;"S-2"
-3.87796346786226;3.33385398200446;-558.415595214489;107.582765507056;"T14";44.3054303876124;3;2;1;"S-40-NA";3;"S-2"
-5.10640336402669;2.44025327107795;-559.805635168309;108.777771667788;"T14";44.6638762485236;3;2;1;"S-40-NA";3;"S-2"
-5.12608310486594;2.68006101892245;-560.374059292295;109.049410770505;"T14";44.7751921950839;3;2;1;"S-40-NA";3;"S-2"
-4.73916143003289;2.9492794080431;-560.467050907421;109.098029413178;"T14";44.7933330666274;3;2;1;"S-40-NA";3;"S-2"
-4.91834897018211;2.72876659302708;-560.61403433225;109.189500276657;"T14";44.8243477148935;3;2;1;"S-40-NA";3;"S-2"
-4.47319982648612;2.34603861579419;-561.442399794856;109.649088649682;"T14";44.9927711975761;3;2;3;"S-41-NA";3;"S-2"
-4.11385751273615;2.64958522938424;-561.848338271374;109.861989342361;"T14";45.0835202122107;3;2;3;"S-41-NA";3;"S-2"
-5.14425247045839;2.46653352386116;-563.538558570537;110.95059844591;"T14";45.4943804070354;3;2;1;"S-42-NA";3;"S-2"
-5.1744910539141;1.70345010988132;-564.687225414974;111.501353933869;"T14";45.7176717114635;3;2;1;"S-42-NA";3;"S-2"
-5.20076179632602;1.58173571924641;-564.844041096508;111.552977888217;"T14";45.7479772390798;3;2;1;"S-42-NA";3;"S-2"
-5.5427852282335;1.62038506604579;-565.432746083149;111.732023909153;"T14";45.8611731533892;3;2;1;"S-42-NA";3;"S-2"
-5.09716824529971;1.73058669464665;-565.650838468823;111.795781321755;"T14";45.9005202283151;3;2;1;"S-42-NA";3;"S-2"
-4.30583847026539;1.93711685789368;-566.575333272871;112.10966509607;"T14";46.0818944266066;3;2;3;"S-43-NA";3;"S-2"
-4.11931972407331;2.04766351599424;-566.899541117272;112.255520191469;"T14";46.1571893654764;3;2;3;"S-43-NA";3;"S-2"
-4.10687431335596;1.96862062210015;-567.308147416601;112.458633391606;"T14";46.2563820299692;3;2;3;"S-43-NA";3;"S-2"
-3.64553004880728;2.10308739369862;-567.946557523005;112.764653786906;"T14";46.4118311763741;3;2;1;"S-44-NA";3;"S-2"
-3.89947049444081;2.20633043781823;-568.08067937721;112.842027989566;"T14";46.4486219454557;3;2;3;"S-45-NA";3;"S-2"
-4.23402103553325;2.15675856983252;-568.658336172701;113.168867690577;"T14";46.596759185195;3;2;3;"S-45-NA";3;"S-2"
-4.45792140071806;2.41913567458254;-569.132742717506;113.410524586588;"T14";46.7088055214845;3;2;3;"S-45-NA";3;"S-2"
-4.25440017615214;2.97116701512818;-570.600555341861;114.207047800884;"T14";47.0380649436265;3;2;1;"S-46-NA";3;"S-2"
-4.26485406432926;2.85618406305126;-570.695704710998;114.273497748088;"T14";47.0604298752733;3;2;3;"S-47-NA";3;"S-2"
-4.44292954768776;2.77532576524697;-571.886219686788;115.070788780651;"T14";47.3395754117519;3;2;1;"S-48-NA";3;"S-2"
-5.24034311950036;2.23846281715634;-572.452752757165;115.424680016198;"T14";47.4670888157561;3;2;1;"S-48-NA";3;"S-2"
-4.57820661347887;2.36321236746654;-573.852736332914;116.022696426093;"T14";47.7342437603511;3;2;3;"S-49-NA";3;"S-2"
-4.47033312115256;1.9367957087332;-574.742788260613;116.482129977439;"T14";47.9286543675698;3;2;3;"S-49-NA";3;"S-2"
-4.27305675274001;1.82297873408325;-575.403916480461;116.768567310949;"T14";48.0765467509627;3;2;3;"S-49-NA";3;"S-2"
-3.80799538393709;1.92577079113807;-576.027603808768;117.034645858933;"T14";48.2225048705004;3;2;1;"S-50-NA";3;"S-2"
-3.99703767343573;2.0705118757055;-576.240951322657;117.142539479902;"T14";48.2785310712643;3;2;3;"S-51-NA";3;"S-2"
-3.939324305493;2.09424071333365;-576.290584578544;117.168250082139;"T14";48.2909485814162;3;2;3;"S-51-NA";3;"S-2"
-4.10413957484763;2.08459197651095;-576.54692831451;117.304528653496;"T14";48.3560216031037;3;2;3;"S-51-NA";3;"S-2"
-3.96825937961485;2.27162663622064;-577.648446005767;117.864016190239;"T14";48.6244134721346;3;2;3;"S-51-NA";3;"S-2"
-4.39249382679724;2.23863145999306;-577.870474349471;117.991116122805;"T14";48.6803645384498;3;2;3;"S-51-NA";3;"S-2"
-3.80761703013382;2.68805851781527;-578.778081038803;118.453677248251;"T14";48.8869912805967;3;2;3;"S-51-NA";3;"S-2"
-4.21415040880242;3.07288416771559;-579.613993118262;119.043805028318;"T14";49.1065280861221;3;2;1;"S-52-NA";3;"S-2"
-4.33957930645772;3.08331777018204;-579.916297475186;119.264240034691;"T14";49.178263626527;3;2;1;"S-52-NA";3;"S-2"
-4.72091976959132;2.70376230476412;-580.236038799642;119.491419684591;"T14";49.2519438848831;3;2;1;"S-52-NA";3;"S-2"
-4.08052653459771;2.61985848187883;-580.974780215535;119.914511219873;"T14";49.4084264035337;3;2;3;"S-53-NA";3;"S-2"
-4.27312687133991;2.78670711952744;-581.478718201524;120.238059221765;"T14";49.5319246780127;3;2;3;"S-53-NA";3;"S-2"
-3.89413123276138;2.82151676390186;-581.632185911065;120.338142737109;"T14";49.5678392937407;3;2;3;"S-53-NA";3;"S-2"
-3.88140300277254;2.76267524885527;-581.852797333228;120.497988101514;"T14";49.6244915761054;3;2;3;"S-53-NA";3;"S-2"
-4.40068682960623;2.42120853823926;-582.639859632367;121.05819726598;"T14";49.8272693599574;3;2;3;"S-53-NA";3;"S-2"
-4.22194302092553;2.30839239911342;-583.218409886215;121.376509126981;"T14";49.9587375321425;3;2;3;"S-53-NA";3;"S-2"
-4.16998277625764;2.15677621654028;-583.392617674411;121.471759094152;"T14";50;3;2;3;"S-53-NA";3;"S-2"
