"Vx";"Vy";"X";"Y";"Traj";"Time";"TrueMovMode";"TrueTrajClust";"firstEstMovMode";"firstSegment";"finalEstMovMode";"finalSegment"
0;0;0;0;"T15";0;1;2;1;"S-1-NA";2;"S-1"
-1.04788715556194;0.834007579668613;0;0;"T15";0.0267108669504523;1;2;1;"S-1-NA";2;"S-1"
-1.28576665550039;1.30475716543707;-0.010465386045523;0.00832934275393779;"T15";0.0366979977115989;1;2;7;"S-2-NA";3;"S-2"
-2.91924669942461;3.12581661901017;-0.0745057196966016;0.0733155390056263;"T15";0.0865051173605025;1;2;3;"S-3-NA";2;"S-3"
-3.16030652421255;3.35016423309366;-0.0963351223462395;0.0966896202707527;"T15";0.0939828692935407;1;2;3;"S-3-NA";2;"S-3"
-11.8678849354942;8.54695525515659;-0.961035897143433;1.01333792190211;"T15";0.367595814168453;1;2;1;"S-4-NA";2;"S-3"
-14.9555195108414;8.64596765425799;-2.47033978454106;2.10030100438369;"T15";0.49477128777653;1;2;1;"S-4-NA";2;"S-3"
-18.4953191596173;7.88971587510315;-4.45208778310839;3.24597361589565;"T15";0.627280760090798;1;2;4;"S-5-NA";2;"S-3"
-19.0933572654862;7.69233118642699;-5.17465157653653;3.55420420021732;"T15";0.666348147206008;1;2;4;"S-5-NA";2;"S-3"
-19.605326434436;7.37388112093399;-5.85064625753822;3.82654891645682;"T15";0.701752852182835;1;2;4;"S-5-NA";2;"S-3"
-19.5581352635535;7.32438646711076;-5.93537683275849;3.85841745948118;"T15";0.706074666231871;1;2;4;"S-5-NA";2;"S-3"
-19.6522882056303;7.31788438231821;-6.0071812366376;3.8853077124099;"T15";0.709745998028666;1;2;4;"S-5-NA";2;"S-3"
-19.8467574413328;7.20266278396329;-6.59846200648628;4.10548178404809;"T15";0.739833118859679;1;2;4;"S-5-NA";2;"S-3"
-19.9571513880755;7.22175960077439;-6.718442229401;4.14902426643868;"T15";0.745878450106829;1;2;4;"S-5-NA";2;"S-3"
-20.7081188328942;7.0061243641916;-7.74847420214929;4.5217549805397;"T15";0.797490624245256;1;2;4;"S-5-NA";2;"S-3"
-20.9126102631968;6.73070987880587;-8.21422359120099;4.67933076849873;"T15";0.819981773383915;1;2;4;"S-5-NA";2;"S-3"
-21.2893242885455;6.45599790334609;-9.23673775317135;5.0084262799904;"T15";0.868876394815743;1;2;4;"S-5-NA";2;"S-3"
-22.4063346602382;5.21900978232863;-12.314833408548;5.94186027855569;"T15";1.01346039446071;1;2;4;"S-5-NA";2;"S-3"
-22.2828021092068;5.16350950553136;-12.6341258478459;6.01623167349324;"T15";1.02771049132571;1;2;4;"S-5-NA";2;"S-3"
-22.1628429408234;4.02098310541239;-17.1342718704047;7.05903350110363;"T15";1.22966651106253;1;2;4;"S-5-NA";2;"S-3"
-22.1477612644079;3.99980087426849;-17.1856944437085;7.06836304871823;"T15";1.2319867266342;1;2;4;"S-5-NA";2;"S-3"
-22.707680562777;2.89273703957866;-21.9554058498054;7.92975466407638;"T15";1.44734535133466;1;2;2;"S-6";2;"S-3"
-22.3983865570938;2.84796936546234;-22.8698032613057;8.04623997634018;"T15";1.48761355085298;1;2;2;"S-6";2;"S-3"
-22.7376719512606;2.61755730742643;-25.5063666228324;8.38148071631886;"T15";1.6053257510066;1;2;2;"S-6";2;"S-3"
-22.812074134042;2.56023203833025;-25.6796353552284;8.40142738621557;"T15";1.61294608842582;1;2;2;"S-6";2;"S-3"
-21.8730333072316;2.47128131880072;-30.0973514343406;8.89723404437085;"T15";1.80660301120952;1;2;2;"S-6";2;"S-3"
-22.2063926668506;2.61349836532358;-31.244318376057;9.02682183114611;"T15";1.8590405001305;1;2;2;"S-6";2;"S-3"
-22.3236565048445;2.43908493113555;-31.9270421844581;9.1071724573821;"T15";1.88978497171775;1;2;2;"S-6";2;"S-3"
-22.3894543248477;2.4294864979688;-32.225024726551;9.13973005958327;"T15";1.90313325729221;1;2;2;"S-6";2;"S-3"
-22.4769044700723;2.37097458970942;-32.4697141331896;9.16628138151365;"T15";1.91406203666702;1;2;2;"S-6";2;"S-3"
-22.5101491662486;2.191365459906;-33.3258141337772;9.25658702615195;"T15";1.9521500216797;1;2;2;"S-6";2;"S-3"
-22.5439344370013;2.18509043888218;-34.9542151786789;9.41511204428123;"T15";2.0244907704182;1;2;2;"S-6";2;"S-3"
-22.5950555284062;2.08970135625554;-36.3587746633574;9.55125019307637;"T15";2.0867939805612;1;2;2;"S-6";2;"S-3"
-22.2644780949091;2.20207496675871;-36.6893728295095;9.58182553002631;"T15";2.1014254190959;1;2;2;"S-6";2;"S-3"
-22.1300531290724;2.09662543777561;-37.8077851757669;9.69244244274749;"T15";2.15165845584124;1;2;2;"S-6";2;"S-3"
-21.7156199271265;2.33294995534895;-38.5067243006827;9.75866069989347;"T15";2.18324171146378;1;2;2;"S-6";2;"S-3"
-21.7948621579907;2.32251678429787;-38.7481176271496;9.78459403967802;"T15";2.19435782637447;1;2;2;"S-6";2;"S-3"
-21.9399838741581;2.16233974416349;-39.5540762001607;9.87047906614426;"T15";2.2313371184282;1;2;2;"S-6";2;"S-3"
-21.9229851362681;2.12779862746244;-40.4909300954848;9.9628126076798;"T15";2.27403787430376;1;2;2;"S-6";2;"S-3"
-21.6598674756827;2.37895031587484;-46.3365576456516;10.530176869462;"T15";2.5406816508621;1;2;2;"S-6";2;"S-3"
-21.1322615269858;2.08739507550938;-50.1729263548025;10.9515335819485;"T15";2.71780040347949;1;2;2;"S-6";2;"S-3"
-21.2482125239768;1.99788185650422;-50.4905594566714;10.9829086324519;"T15";2.732831123285;1;2;2;"S-6";2;"S-3"
-21.1466256873623;1.82981792917153;-51.1416702494144;11.0441298969666;"T15";2.76347420876846;1;2;2;"S-6";2;"S-3"
-21.1702168639892;1.79528624959211;-51.1931987402904;11.0485886582774;"T15";2.76591093279421;1;2;2;"S-6";2;"S-3"
-21.2624834476197;1.73249519628336;-51.4141031327384;11.0673218918944;"T15";2.77634561061859;1;2;2;"S-6";2;"S-3"
-21.3757216283416;1.69310518580462;-52.5252206610675;11.1578572136539;"T15";2.82860279548913;1;2;2;"S-6";2;"S-3"
-21.4477888508396;2.15033020097411;-54.260367639221;11.2952928707009;"T15";2.90977652184665;1;2;2;"S-6";2;"S-3"
-21.5611287397086;2.19656473658118;-54.8055378795391;11.3499510007572;"T15";2.93519500410184;1;2;2;"S-6";2;"S-3"
-21.5862531038111;2.06702093544785;-55.7242050826391;11.4435412764493;"T15";2.97780256951228;1;2;2;"S-6";2;"S-3"
-21.1809411747312;2.21649108862426;-57.2690143066525;11.5914665783511;"T15";3.04936706088483;1;2;2;"S-6";2;"S-3"
-21.0222346303793;2.05543253222156;-62.0322632852521;12.0899193537433;"T15";3.27425078721717;1;2;2;"S-6";2;"S-3"
-20.7525590542726;2.21986920452851;-63.0329769957138;12.1877633533032;"T15";3.32185341976583;1;2;2;"S-6";2;"S-3"
-20.9415620479522;2.24536011042371;-63.4127258678776;12.2283845039077;"T15";3.34015231346712;1;2;2;"S-6";2;"S-3"
-20.8612924483617;2.20223819284543;-63.5499394890382;12.2430965865525;"T15";3.34670452866703;1;2;2;"S-6";2;"S-3"
-20.626449110867;2.33359606963741;-65.7521126593708;12.4755706710307;"T15";3.45226717181504;1;2;2;"S-6";2;"S-3"
-20.8686385904721;2.37350867252123;-67.3314604376963;12.6542519238378;"T15";3.52883622981608;1;2;2;"S-6";2;"S-3"
-20.818197277605;2.39021422896012;-67.413128132292;12.6635404541148;"T15";3.53274964727461;1;2;2;"S-6";2;"S-3"
-20.8874717126926;2.53846064263884;-67.7638243628881;12.7038051854571;"T15";3.54959530523047;1;2;2;"S-6";2;"S-3"
-21.1216939498486;2.5333304657806;-70.7330489783999;13.0646559350981;"T15";3.69174868101254;1;2;2;"S-6";2;"S-3"
-21.3879518902099;2.66101141881121;-71.8709024747768;13.2011297868077;"T15";3.74561999924481;1;2;2;"S-6";2;"S-3"
-21.2290718274599;2.63268502622529;-73.7364179141219;13.4332304531804;"T15";3.83284272393212;1;2;2;"S-6";2;"S-3"
-21.1078379087096;2.76556211051533;-74.3191391190931;13.5054955716586;"T15";3.86029193177819;1;2;2;"S-6";2;"S-3"
-20.9286583870371;2.82481629472623;-79.2978031412081;14.1578032423966;"T15";4.09615995595232;1;2;2;"S-6";2;"S-3"
-21.5151728591888;3.06438731067427;-81.9249189368826;14.5123945100505;"T15";4.22168715158477;1;2;2;"S-6";2;"S-3"
-21.6056397526315;3.13491452777634;-82.3001714556499;14.5658413991057;"T15";4.23912844853476;1;2;2;"S-6";2;"S-3"
-21.6415677981315;2.69245074840372;-83.5505702780913;14.7472705758793;"T15";4.29700217209756;1;2;2;"S-6";2;"S-3"
-21.6688592830589;2.70628678377162;-84.4762937519139;14.8624408298626;"T15";4.33977742213756;1;2;2;"S-6";2;"S-3"
-21.8457842002087;2.68183777913904;-86.2699821745608;15.0864597876214;"T15";4.42255466477945;1;2;2;"S-6";2;"S-3"
-22.1741412286135;2.51801642154141;-91.195311945475;15.6911043878473;"T15";4.64801371563226;1;2;2;"S-6";2;"S-3"
-22.2991247284818;2.40872051429616;-93.3627869943345;15.9372351268031;"T15";4.74576158449054;1;2;2;"S-6";2;"S-3"
-22.325980392401;2.14673019177407;-95.3074202072288;16.1472917083826;"T15";4.83296829042956;1;2;2;"S-6";2;"S-3"
-21.5108436946266;2.75464549899474;-99.118728516962;16.5137638845138;"T15";5.00368009088561;1;2;2;"S-6";2;"S-3"
-21.5494897827308;2.682640893484;-99.3973148453804;16.549439220477;"T15";5.01663106260821;1;2;2;"S-6";2;"S-3"
-21.4456100735903;2.7709472900276;-99.5394647915158;16.5671351038763;"T15";5.02322750398889;1;2;2;"S-6";2;"S-3"
-21.4164735554302;2.77266594492242;-99.6142531188359;16.5767983641987;"T15";5.02671485301107;1;2;2;"S-6";2;"S-3"
-21.3841121734392;2.93673202599464;-100.049792462421;16.6331851032436;"T15";5.04705150378868;1;2;2;"S-6";2;"S-3"
-21.7297156699946;2.75449921568474;-101.653339747292;16.8534041438323;"T15";5.12203929247335;1;2;2;"S-6";2;"S-3"
-21.7691473792492;2.77085653745885;-101.918177669675;16.8869754919607;"T15";5.13422711519524;1;2;2;"S-6";2;"S-3"
-21.6882696728353;2.75661368070855;-102.145318784351;16.9158868421189;"T15";5.14466119930148;1;2;2;"S-6";2;"S-3"
-21.6711432051873;2.99925489360135;-103.113779357112;17.0389797261696;"T15";5.18931485712528;1;2;2;"S-6";2;"S-3"
-21.5829996976448;2.91585897876316;-104.396069907631;17.2164468847893;"T15";5.24848527275026;1;2;2;"S-6";2;"S-3"
-21.5006256386669;2.85922921307701;-105.308000548658;17.3396485335359;"T15";5.29073753859848;1;2;2;"S-6";2;"S-3"
-21.4876275957072;2.41430277588628;-109.303163340009;17.8709394064622;"T15";5.47655365662649;1;2;2;"S-6";2;"S-3"
-21.425526083729;2.35662522919778;-109.412604738085;17.8832360022587;"T15";5.48164688516408;1;2;2;"S-6";2;"S-3"
-21.2627724441662;2.34662703429809;-110.611590796965;18.0151142480843;"T15";5.53760752081871;1;2;2;"S-6";2;"S-3"
-21.1792477927256;2.63836041215084;-111.181077774623;18.0779646379365;"T15";5.56439080974087;1;2;2;"S-6";2;"S-3"
-20.8357076774965;2.79567094044185;-111.660042590513;18.1376306761936;"T15";5.58700562687591;1;2;2;"S-6";2;"S-3"
-20.9434967368764;2.76188692718644;-112.230504112136;18.2141734422627;"T15";5.61438465956599;1;2;2;"S-6";2;"S-3"
-20.7260213208636;2.90409682715648;-113.168525611979;18.337873383604;"T15";5.65917285857722;1;2;2;"S-6";2;"S-3"
-20.9457649090121;2.61782614571009;-114.905122216529;18.5812025113344;"T15";5.74296108679846;1;2;2;"S-6";2;"S-3"
-20.8643469223962;2.68462504939989;-115.119423163384;18.6079860937991;"T15";5.75319231720641;1;2;2;"S-6";2;"S-3"
-20.8367727713815;2.75104633103548;-116.816796859376;18.8263879426276;"T15";5.83454514853656;1;2;2;"S-6";2;"S-3"
-20.4205607047062;2.73250248474005;-118.308631398342;19.023352510028;"T15";5.90614138636738;1;2;2;"S-6";2;"S-3"
-20.2865172660001;3.32574899031958;-120.180501697383;19.2738299732673;"T15";5.99780734628439;1;2;2;"S-6";2;"S-3"
-20.3459652547117;3.35037100742929;-120.430547089105;19.3148221356059;"T15";6.01013303967193;1;2;2;"S-6";2;"S-3"
-20.5178163737063;3.29189319634463;-120.937666673531;19.3983295402285;"T15";6.03505786275491;1;2;2;"S-6";2;"S-3"
-20.3337546015367;3.4230698999198;-122.033808427815;19.5741953106124;"T15";6.0884817619808;1;2;2;"S-6";2;"S-3"
-20.8779294867028;3.18325523653119;-128.346721766958;20.6369377335189;"T15";6.39894647756591;1;2;2;"S-6";2;"S-3"
-20.8778998793278;3.16659778912402;-129.405959797078;20.7984396203923;"T15";6.44968129927292;1;2;2;"S-6";2;"S-3"
-20.7583792624005;3.16653085478491;-129.923668088549;20.8769615953352;"T15";6.47447825176641;1;2;2;"S-6";2;"S-3"
-20.9168069183089;3.18931804711353;-131.965276517797;21.1883932347171;"T15";6.57282930333167;1;2;2;"S-6";2;"S-3"
-20.9231091258926;3.18988083334491;-132.127242017132;21.2130891403616;"T15";6.58057262189686;1;2;2;"S-6";2;"S-3"
-21.3819780439341;2.81873026035773;-132.959172848853;21.3399230730629;"T15";6.62033396074548;1;2;2;"S-6";2;"S-3"
-21.4181556751619;2.76253527006042;-133.529112942177;21.4150567854043;"T15";6.64698912296444;1;2;2;"S-6";2;"S-3"
-21.4958675285176;2.77172803267021;-133.779928436422;21.4474072202241;"T15";6.65869953809306;1;2;2;"S-6";2;"S-3"
-21.6931344017539;2.6816614919973;-136.340934314017;21.7776293791273;"T15";6.77783899009228;1;2;2;"S-6";2;"S-3"
-21.1382101294758;2.71525319329175;-138.403595111086;22.0326113438408;"T15";6.87292256625369;1;2;2;"S-6";2;"S-3"
-21.0043181250773;2.83033958158035;-138.553095563871;22.0518150313495;"T15";6.87999508809298;1;2;2;"S-6";2;"S-3"
-21.2654662025972;2.75450293745187;-139.548495823064;22.1859455818551;"T15";6.92738535581157;1;2;2;"S-6";2;"S-3"
-21.5485523014017;2.71732539780016;-139.956891689858;22.2388448507454;"T15";6.94659000728279;1;2;2;"S-6";2;"S-3"
-21.4884589232958;2.73812738313042;-140.015513981888;22.2462372658265;"T15";6.94931048201397;1;2;2;"S-6";2;"S-3"
-21.5592651081181;2.78945595057336;-140.461005647904;22.3030032225677;"T15";6.9700421532616;1;2;2;"S-6";2;"S-3"
-21.2872840732998;2.98359790541523;-141.096799993643;22.385265781712;"T15";6.99953269213438;1;2;2;"S-6";2;"S-3"
-21.2331631728283;3.53823053312927;-145.153147642079;22.9537981649806;"T15";7.19008530722931;1;2;2;"S-6";2;"S-3"
-21.1635677176946;3.38476807683067;-145.469097538394;23.0064471066846;"T15";7.20496532740071;1;2;2;"S-6";2;"S-3"
-22.1315311588484;2.77501760178659;-147.608863367272;23.3486678119123;"T15";7.30607142904773;1;2;2;"S-6";2;"S-3"
-22.0008429860753;2.62416835734194;-148.203218277974;23.4231924946858;"T15";7.33292700024322;1;2;2;"S-6";2;"S-3"
-21.729946149573;2.82897187450126;-149.275124670363;23.5510449973703;"T15";7.38164815120399;1;2;2;"S-6";2;"S-3"
-21.7744481586103;2.40139862015646;-151.630621716719;23.8577017579875;"T15";7.49004681129009;1;2;2;"S-6";2;"S-3"
-21.526694843516;2.14765996001588;-153.01244252094;24.0100960941556;"T15";7.55350746912882;1;2;2;"S-6";2;"S-3"
-21.5386279053131;2.08447847340072;-153.21540621572;24.0303452315074;"T15";7.56293593440205;1;2;2;"S-6";2;"S-3"
-21.5128589376226;2.01338942209811;-153.29723532077;24.0382645385646;"T15";7.56673511350527;1;2;2;"S-6";2;"S-3"
-21.5151610279908;1.89088309693686;-153.534694012223;24.0604883080294;"T15";7.57777310209349;1;2;2;"S-6";2;"S-3"
-21.6185174178265;2.01992031925133;-154.227281586676;24.1213571128679;"T15";7.60996377794072;1;2;2;"S-6";2;"S-3"
-21.5238605682107;2.10676661956289;-155.89701899135;24.2773685750014;"T15";7.68720022169873;1;2;2;"S-6";2;"S-3"
-21.7598408341015;1.94484978511439;-157.406134246444;24.4250815577365;"T15";7.75731381727383;1;2;2;"S-6";2;"S-3"
-21.6024367547695;2.03841746294684;-157.809102462259;24.46109802743;"T15";7.7758327126503;1;2;2;"S-6";2;"S-3"
-21.4944161123848;2.16618234186874;-158.912084254118;24.5651759780501;"T15";7.82689092447981;1;2;2;"S-6";2;"S-3"
-21.7868517002772;2.04991412941765;-161.10534863627;24.7862106202952;"T15";7.92892972240224;1;2;2;"S-6";2;"S-3"
-21.2454491281644;1.89977556622582;-162.158127508763;24.8852660650912;"T15";7.97725147567689;1;2;2;"S-6";2;"S-3"
-21.0853055712221;2.054999147025;-162.881785416242;24.949975810818;"T15";8.01131326006725;1;2;2;"S-6";2;"S-3"
-21.2873385389946;2.24347831913767;-166.002143526426;25.2540896512924;"T15";8.15930059179664;1;2;2;"S-6";2;"S-3"
-21.2756611363453;2.28818304609095;-166.093506059258;25.2637183731363;"T15";8.1635924638249;1;2;2;"S-6";2;"S-3"
-21.4426964310211;2.42966864908997;-167.365380958583;25.4005076631487;"T15";8.22337321005762;1;2;2;"S-6";2;"S-3"
-21.0425179678621;2.62544553775416;-169.370181750887;25.6276713339306;"T15";8.3168689510785;1;2;2;"S-6";2;"S-3"
-21.1722759023425;2.83640336963796;-174.108638903089;26.218882005823;"T15";8.54205384384841;1;2;2;"S-6";2;"S-3"
-21.4578798161983;2.86128120461776;-178.598444721353;26.8203714446855;"T15";8.7541144574061;1;2;2;"S-6";2;"S-3"
-21.4643663733474;2.75221703333128;-178.777311875133;26.84422232043;"T15";8.76245019026101;1;2;2;"S-6";2;"S-3"
-21.2358338495794;2.69653315511512;-179.540353171099;26.9420614653348;"T15";8.79799940157682;1;2;2;"S-6";2;"S-3"
-21.2898658497289;2.64420059549237;-179.814458946811;26.9768675067388;"T15";8.8109071017243;1;2;2;"S-6";2;"S-3"
-21.1365334103206;3.01307388952781;-188.85270113349;28.0994168708779;"T15";9.23543970566243;1;2;2;"S-6";2;"S-3"
-21.2098223343334;3.06202109218582;-189.220610766106;28.1518634516971;"T15";9.25284604309127;1;2;2;"S-6";2;"S-3"
-21.0887324131853;2.89194015487915;-192.899381474362;28.6829604747853;"T15";9.42629260243848;1;2;2;"S-6";2;"S-3"
-21.600625064594;3.10276830521803;-194.806522246253;28.9444905123039;"T15";9.51672671362758;1;2;2;"S-6";2;"S-3"
-21.3503799081203;3.08582392885212;-195.977843290357;29.1127420235455;"T15";9.57095297053456;1;2;2;"S-6";2;"S-3"
-21.6831275332676;3.11351372849293;-196.887294129599;29.2441872331353;"T15";9.61354944156483;1;2;2;"S-6";2;"S-3"
-21.519228229663;2.92012217841728;-198.287200822469;29.4452019945056;"T15";9.67811146983877;1;2;2;"S-6";2;"S-3"
-21.764117572583;2.77287052561395;-198.830138842593;29.5188777479829;"T15";9.70334183657542;1;2;2;"S-6";2;"S-3"
-21.5327616463792;2.33750173446011;-202.254091329993;29.9551084796793;"T15";9.86066282493994;1;2;2;"S-6";2;"S-3"
-21.9072119496881;1.94109853545947;-203.974108087829;30.1418259207939;"T15";9.94054188486189;1;2;2;"S-6";2;"S-3"
-21.7996385039901;1.77703035876674;-204.648926763083;30.201618538186;"T15";9.97134537901729;1;2;2;"S-6";2;"S-3"
-22.2133928900381;1.51678244704517;-207.104180120146;30.4017622127321;"T15";10.0839735474437;1;2;2;"S-6";2;"S-3"
-22.2437327402471;1.52007681425426;-207.517905256345;30.4300123331704;"T15";10.1025985786691;1;2;2;"S-6";2;"S-3"
-21.9269974868743;2.26319815817938;-211.763697513416;30.7201583461387;"T15";10.2934744674712;1;2;2;"S-6";2;"S-3"
-21.8995742423381;2.13867503378279;-212.837168524131;30.8309568088905;"T15";10.3424310567789;1;2;2;"S-6";2;"S-3"
-21.9898956778096;2.10863971610877;-212.92801165813;30.8398283942705;"T15";10.3465792257339;1;2;2;"S-6";2;"S-3"
-21.9151825356576;2.18844524897697;-213.139817437338;30.8601387261011;"T15";10.3562111849897;1;2;2;"S-6";2;"S-3"
-21.8287881673067;2.17299528273328;-214.278303511035;30.9738276919564;"T15";10.4081608355045;1;2;2;"S-6";2;"S-3"
-21.6329636153044;2.37179904687606;-215.539959134859;31.0994220079574;"T15";10.4659586213529;1;2;2;"S-6";2;"S-3"
-21.4642751341473;2.56239801445105;-216.863208234572;31.2445006485584;"T15";10.5271268053912;1;2;2;"S-6";2;"S-3"
-21.3785160508815;2.5938938016988;-217.028197552737;31.2641970183929;"T15";10.5348134995438;1;2;2;"S-6";2;"S-3"
-21.2009779325041;2.61832219696848;-218.815154955857;31.481011773955;"T15";10.6184000964276;1;2;2;"S-6";2;"S-3"
-21.3850120262642;2.4902017124145;-219.783421110044;31.6005927089549;"T15";10.6640709214844;1;2;2;"S-6";2;"S-3"
-21.424354030854;2.41380955938368;-219.885719919629;31.612505008583;"T15";10.6688545900397;1;2;2;"S-6";2;"S-3"
-21.4658396401316;2.25408804195457;-220.329973120757;31.6625575152828;"T15";10.6895904871635;1;2;2;"S-6";2;"S-3"
-21.4653077797106;2.29924167626848;-220.407599085883;31.670708874031;"T15";10.6932067428716;1;2;2;"S-6";2;"S-3"
-21.3985798176174;2.36887718570068;-222.200796314735;31.8627859616114;"T15";10.7767460634932;1;2;2;"S-6";2;"S-3"
-21.2668764366012;2.42794178847067;-222.239612488179;31.867083010691;"T15";10.7785600237548;1;2;2;"S-6";2;"S-3"
-21.5061870609861;2.51151834786078;-223.687872795905;32.0324242507265;"T15";10.8466593665071;1;2;2;"S-6";2;"S-3"
-21.6374118946705;2.99476565446837;-225.334804105181;32.2247548665248;"T15";10.9232387854718;1;2;2;"S-6";2;"S-3"
-21.7833795686952;2.76129636918462;-227.201594469287;32.4831314086793;"T15";11.0095148324035;1;2;2;"S-6";2;"S-3"
-21.8674783762617;2.69149296190092;-227.411261220925;32.5097091046796;"T15";11.0191399115138;1;2;2;"S-6";2;"S-3"
-21.8474265035468;2.56115393573425;-228.435439369863;32.6357669990637;"T15";11.0659755882807;1;2;2;"S-6";2;"S-3"
-22.1121744405965;2.52267958503918;-229.959300324417;32.8144078326022;"T15";11.1357257235795;1;2;2;"S-6";2;"S-3"
-22.0655503125759;2.46439768440293;-230.096439581513;32.8300534401889;"T15";11.1419277032837;1;2;2;"S-6";2;"S-3"
-22.0196497410481;2.57189953244665;-230.316975005209;32.8546840059253;"T15";11.1519222613424;1;2;2;"S-6";2;"S-3"
-22.4091896050276;2.05796260304633;-233.56403009754;33.2339406958366;"T15";11.2993839662522;1;2;2;"S-6";2;"S-3"
-22.286568856471;2.05867070289442;-233.781494546817;33.2539116859523;"T15";11.3090882194228;1;2;2;"S-6";2;"S-3"
-21.523996957791;1.66677152551017;-241.146563460603;33.9342430413645;"T15";11.6395594086498;1;2;2;"S-6";2;"S-3"
-21.5545954769472;1.59649756685764;-241.454641355774;33.9580999237232;"T15";11.6538726375438;1;2;2;"S-6";2;"S-3"
-21.4875778191202;1.69502230744679;-241.939659329648;33.9940240502511;"T15";11.676374473609;1;2;2;"S-6";2;"S-3"
-21.7536330779592;1.55415534410362;-242.570652735406;34.043799223033;"T15";11.7057399707846;1;2;2;"S-6";2;"S-3"
-21.6918285990803;1.5329589568127;-243.38626975954;34.1020697451227;"T15";11.743233341258;1;2;2;"S-6";2;"S-3"
-21.5138859615185;1.89349641754602;-244.937349587272;34.2116843727596;"T15";11.8147386005148;1;2;2;"S-6";2;"S-3"
-21.4117022103331;1.87840248980746;-245.65731313062;34.2750503491589;"T15";11.8482036632486;1;2;2;"S-6";2;"S-3"
-21.4114065277909;2.40329948440126;-247.251072043594;34.4148673838287;"T15";11.9226376758888;1;2;2;"S-6";2;"S-3"
-21.2391430606775;2.73451116956508;-251.609207091187;34.9040413995216;"T15";12.1261803549714;1;2;2;"S-6";2;"S-3"
-21.5373720626318;2.60492322765852;-252.874520500484;35.0669488031225;"T15";12.1857549529523;1;2;2;"S-6";2;"S-3"
-21.5320652946035;2.55125839489615;-253.214536265034;35.1080733637361;"T15";12.2015421977267;1;2;2;"S-6";2;"S-3"
-21.669329138527;2.72487209229129;-254.119231050291;35.2152674546941;"T15";12.2435583616607;1;2;2;"S-6";2;"S-3"
-21.6476640301632;2.75805063665241;-254.556011616092;35.270191682694;"T15";12.2637149877846;1;2;2;"S-6";2;"S-3"
-21.5419740046394;2.74415631291914;-258.301586001701;35.7474017781787;"T15";12.4367394018918;1;2;2;"S-6";2;"S-3"
-21.70724267978;2.60440748313118;-260.945674293762;36.0842228873775;"T15";12.559480627533;1;2;2;"S-6";2;"S-3"
-20.9232057720117;2.87869092115833;-263.286964307081;36.3651278977845;"T15";12.6673381775618;1;2;2;"S-6";2;"S-3"
-20.9701682787675;3.11347217309713;-266.258453850384;36.7739562610779;"T15";12.8093570237979;1;2;2;"S-6";2;"S-3"
-21.0880000021651;2.98897340229384;-266.626161593533;36.8285503783452;"T15";12.8268918255344;1;2;2;"S-6";2;"S-3"
-21.0269443204319;2.93657583227469;-266.77386316841;36.8494853213811;"T15";12.8338958835229;1;2;2;"S-6";2;"S-3"
-21.0620263126224;2.99176367259097;-266.814607772978;36.8551756213717;"T15";12.8358336165547;1;2;2;"S-6";2;"S-3"
-21.7545286819886;2.717390540649;-275.421015940081;38.0776761977002;"T15";13.2444556569681;1;2;2;"S-6";2;"S-3"
-21.5975600942519;2.74780699986189;-276.253625328021;38.1816786749738;"T15";13.282728579361;1;2;2;"S-6";2;"S-3"
-21.5532424116012;2.67328726703613;-276.553038178871;38.2197722709088;"T15";13.2965918513946;1;2;2;"S-6";2;"S-3"
-21.4848887604345;2.6282708639725;-276.678522663688;38.2353363363551;"T15";13.3024139213376;1;2;2;"S-6";2;"S-3"
-21.5571318035929;2.66239556455318;-278.736902731914;38.4871403098651;"T15";13.3982198662125;1;2;2;"S-6";2;"S-3"
-21.6525004146193;2.63811059687486;-279.313557638044;38.5583595925761;"T15";13.4249699418433;1;2;2;"S-6";2;"S-3"
-21.5195163979731;2.37359748086744;-283.968914704061;39.1255618358701;"T15";13.6399731505662;1;2;2;"S-6";2;"S-3"
-21.3439645047187;2.67013628098047;-285.305718744821;39.2730109999164;"T15";13.7020936934277;1;2;2;"S-6";2;"S-3"
-21.091132689735;2.9119928000189;-286.562863973042;39.4302802402955;"T15";13.7609930243343;1;2;2;"S-6";2;"S-3"
-20.9660801271507;3.08830647782569;-287.032546449786;39.4951279661475;"T15";13.7832622160204;1;2;2;"S-6";2;"S-3"
-21.02983684633;3.05974769981998;-287.068784361927;39.5004658155752;"T15";13.784990622662;1;2;2;"S-6";2;"S-3"
-21.032720386502;3.04499047515986;-287.108007387257;39.5061725912582;"T15";13.7868557358161;1;2;2;"S-6";2;"S-3"
-21.3008806521667;2.76122827865543;-289.441553819169;39.8440093773677;"T15";13.8978041242808;1;2;2;"S-6";2;"S-3"
-21.55741841148;2.45997021065262;-292.179441081864;40.1989210759484;"T15";14.0263381181285;1;2;2;"S-6";2;"S-3"
-21.4262539917618;2.46295839757509;-294.494550528758;40.4631039277656;"T15";14.1337308217771;1;2;2;"S-6";2;"S-3"
-21.5194043880403;2.42713480814829;-294.624406340056;40.4780309169178;"T15";14.139791415073;1;2;2;"S-6";2;"S-3"
-21.5132494207771;2.53816607557311;-295.112987719828;40.5331371295283;"T15";14.1624956391752;1;2;2;"S-6";2;"S-3"
-21.5921764702761;2.48437942367395;-295.330575733684;40.5588084962483;"T15";14.1726097790524;1;2;2;"S-6";2;"S-3"
-21.6000495167023;2.45931066941473;-295.696425146694;40.6009028518172;"T15";14.1895533888601;1;2;2;"S-6";2;"S-3"
-21.3227103306555;2.32779140054151;-298.638937808793;40.9359276756812;"T15";14.3257805146277;1;2;2;"S-6";2;"S-3"
-20.6985474870199;2.47405214802612;-303.043738409196;41.4167979215232;"T15";14.5323584089056;1;2;2;"S-6";2;"S-3"
-20.81838807699;2.39285711711048;-303.139233174308;41.4282122021097;"T15";14.5369720063172;1;2;2;"S-6";2;"S-3"
-21.1255073302157;2.39824988649054;-305.475039445471;41.6966888314949;"T15";14.6491711959243;1;2;2;"S-6";2;"S-3"
-21.0514921849322;2.49723390428558;-305.93566779393;41.7489811559887;"T15";14.6709755645134;1;2;2;"S-6";2;"S-3"
-21.2232072478383;2.45308054485728;-311.748622117369;42.4385430403925;"T15";14.9471058393829;1;2;2;"S-6";2;"S-3"
-21.0775575926059;2.61536756582595;-313.685564845833;42.6624242129322;"T15";15.0383711559698;1;2;2;"S-6";2;"S-3"
-21.206034075227;2.62283477236469;-313.89945902616;42.6889648545263;"T15";15.048519114498;1;2;2;"S-6";2;"S-3"
-20.9408347244268;2.8591725854764;-316.5327310757;43.0146569416053;"T15";15.1726947166026;1;2;2;"S-6";2;"S-3"
-21.3432677151883;2.82883272707611;-317.654407759443;43.1678059094536;"T15";15.226258803159;1;2;2;"S-6";2;"S-3"
-21.6059143127589;2.63989656350821;-319.183968660909;43.3705336264022;"T15";15.2979235979728;1;2;2;"S-6";2;"S-3"
-21.8882111519886;2.26086470990954;-320.404770468872;43.5196960479;"T15";15.3544267290272;1;2;2;"S-6";2;"S-3"
-21.6230852189533;2.54302456811312;-321.716645934275;43.655201545491;"T15";15.414361981675;1;2;2;"S-6";2;"S-3"
-21.3348871764662;2.67650711107838;-322.884860761958;43.7925916994653;"T15";15.4683882603422;1;2;2;"S-6";2;"S-3"
-21.7755576311974;2.64787061890085;-325.664752655711;44.1413350680202;"T15";15.5986862024292;1;2;2;"S-6";2;"S-3"
-21.317334132755;2.46648469330182;-331.619583055035;44.8654322747121;"T15";15.8721501706168;1;2;2;"S-6";2;"S-3"
-21.5893101527488;2.43263764254485;-334.597541517341;45.2099917266033;"T15";16.0118467407301;1;2;2;"S-6";2;"S-3"
-21.6413152022607;2.05478752073428;-340.839042020174;45.9132707550544;"T15";16.300948173739;1;2;2;"S-6";2;"S-3"
-21.3072374813234;2.28475834219499;-342.173877924553;46.0400100097121;"T15";16.3626281544566;1;2;2;"S-6";2;"S-3"
-21.1735309713309;2.31916070313071;-342.512729080699;46.0763447530802;"T15";16.3785312557593;1;2;2;"S-6";2;"S-3"
-21.0999583518372;2.08499781949816;-343.29777218877;46.1623314092013;"T15";16.4156078826636;1;2;2;"S-6";2;"S-3"
-21.0954334735422;2.0836527417858;-343.363100760987;46.1687868688924;"T15";16.4187040296383;1;2;2;"S-6";2;"S-3"
-21.2395562415022;2.00671480493043;-343.940360696298;46.2258043863775;"T15";16.4460682426579;1;2;2;"S-6";2;"S-3"
-21.2141985970228;2.02544695519183;-344.115406385471;46.2423427157102;"T15";16.4543097373098;1;2;2;"S-6";2;"S-3"
-21.294927754318;2.29647363249868;-345.245229861515;46.3502137488294;"T15";16.5075676282868;1;2;2;"S-6";2;"S-3"
-20.7151634153479;2.52108048849319;-349.242132059476;46.7812450542741;"T15";16.6952603147365;1;2;2;"S-6";2;"S-3"
-20.5771450844664;2.66625748777062;-349.635407246665;46.8291075007898;"T15";16.7142452090047;1;2;2;"S-6";2;"S-3"
-20.7403536945806;2.74776862335633;-350.936258270998;46.9976636231219;"T15";16.7774634552188;1;2;2;"S-6";2;"S-3"
-20.8423493944845;2.80164837564096;-351.712193889353;47.1004628124345;"T15";16.8148753349669;1;2;2;"S-6";2;"S-3"
-21.160667781452;2.65730841350675;-353.234939038732;47.3051516598157;"T15";16.8879354838282;1;2;2;"S-6";2;"S-3"
-21.3320239762978;2.70616913242588;-354.297420316783;47.4385756362476;"T15";16.9381456798874;1;2;2;"S-6";2;"S-3"
-21.235561208843;2.77853112620052;-354.530636741819;47.4681613469757;"T15";16.949078370817;1;2;2;"S-6";2;"S-3"
-21.3006828219198;2.88182450878549;-357.575872533405;47.8666100788142;"T15";17.0924810227007;1;2;2;"S-6";2;"S-3"
-21.4295368761065;3.07767824016045;-360.582355877864;48.2733649917789;"T15";17.2336259507574;1;2;2;"S-6";2;"S-3"
-21.0273270016615;2.91109932613231;-362.522982613641;48.5520749196465;"T15";17.3241844517179;1;2;2;"S-6";2;"S-3"
-21.3830414444859;2.8516591334655;-364.581871267122;48.837114923602;"T15";17.4220993532799;1;2;2;"S-6";2;"S-3"
-21.3945854587325;2.85187588255533;-364.626795163794;48.8431060096031;"T15";17.4242002656683;1;2;2;"S-6";2;"S-3"
-21.2569421280067;2.85547783210296;-365.68163371777;48.9837148864553;"T15";17.4735042615794;1;2;2;"S-6";2;"S-3"
-21.7245584331913;2.61621013549145;-367.291700968365;49.1999977043029;"T15";17.5492473877966;1;2;2;"S-6";2;"S-3"
-21.7665012603799;2.56930349358401;-367.821995154979;49.2638591185673;"T15";17.5736572826281;1;2;2;"S-6";2;"S-3"
-21.5306762777312;2.52842957650728;-368.295395836296;49.3197390236482;"T15";17.5954063306563;1;2;2;"S-6";2;"S-3"
-21.4775535020576;2.51564716326135;-369.666922640349;49.4808026563742;"T15";17.6591073861346;1;2;2;"S-6";2;"S-3"
-21.5360625162217;2.37478624666488;-370.337443214684;49.5593401481129;"T15";17.6903269835748;1;2;2;"S-6";2;"S-3"
-21.5244263549723;2.4697540731416;-370.612836144129;49.5897077856874;"T15";17.7031145081855;1;2;2;"S-6";2;"S-3"
-21.5910308445236;2.47695230609775;-370.837519539585;49.6154883905659;"T15";17.7135530393571;1;2;2;"S-6";2;"S-3"
-21.6175027727891;2.47603813160395;-371.037355980048;49.638413897718;"T15";17.7228085696697;1;2;2;"S-6";2;"S-3"
-21.528937404689;2.37512420689705;-371.662622220395;49.7100310067697;"T15";17.751732643228;1;2;2;"S-6";2;"S-3"
-21.392827341578;2.55223524170154;-372.612006465896;49.8147693624419;"T15";17.7958306972869;1;2;2;"S-6";2;"S-3"
-21.1494770132673;2.74838254043561;-378.956632171902;50.5717042483138;"T15";18.0924079380929;1;2;2;"S-6";2;"S-3"
-21.1522661987447;2.44735681949323;-379.615452014772;50.6573181361797;"T15";18.123558582738;1;2;2;"S-6";2;"S-3"
-21.413807781119;2.4447670038742;-381.562308122797;50.8825730345333;"T15";18.2155986549333;1;2;2;"S-6";2;"S-3"
-21.4346220250187;1.95447493390744;-386.54024291052;51.450892823375;"T15";18.4480624389835;1;2;2;"S-6";2;"S-3"
-21.0071243907829;2.12647117378239;-389.585089836746;51.7285313554632;"T15";18.5901151853614;1;2;2;"S-6";2;"S-3"
-20.8578882696153;2.39298706008606;-391.215163149535;51.8935374670242;"T15";18.6677113990299;1;2;2;"S-6";2;"S-3"
-20.8092216575494;2.32730597206094;-393.916536420687;52.2034610412024;"T15";18.7972246669233;1;2;2;"S-6";2;"S-3"
-21.0106700698609;2.28167561594842;-395.667942030126;52.3993384652322;"T15";18.8813895452768;1;2;2;"S-6";2;"S-3"
-21.1760239246511;2.1453854855135;-398.089144966174;52.6622715217256;"T15";18.9966263715178;1;2;2;"S-6";2;"S-3"
-21.1929531348369;2.1538601216322;-398.452055722225;52.6990387388075;"T15";19.0137641853653;1;2;2;"S-6";2;"S-3"
-20.8463682757249;2.42265375335686;-401.135468915575;52.9717565913053;"T15";19.1403823671862;1;2;2;"S-6";2;"S-3"
-21.0624336130893;2.73861078186836;-404.284807869472;53.3377559700142;"T15";19.2914561135694;1;2;2;"S-6";2;"S-3"
-21.1991708990609;2.74432925419145;-405.227346690702;53.4603081415992;"T15";19.3362058722414;1;2;2;"S-6";2;"S-3"
-21.1347527422961;2.93321854727064;-408.210455037066;53.8464851077801;"T15";19.4769240333699;1;2;2;"S-6";2;"S-3"
-21.0996043280489;3.35648333898259;-410.14493614594;54.1149649872035;"T15";19.5684548467398;1;2;2;"S-6";2;"S-3"
-21.6514797621832;2.75291423066584;-416.529252927999;55.1305694780081;"T15";19.8710347758606;1;2;2;"S-6";2;"S-3"
-21.6231766183113;2.70758026835597;-417.47385923479;55.2506730539717;"T15";19.9146625702269;1;2;2;"S-6";2;"S-3"
-21.5525111514949;2.74296999906848;-422.663480018591;55.9004996304503;"T15";20.1546652708203;1;2;2;"S-6";2;"S-3"
-21.2660720003225;2.42604531003611;-426.250632018081;56.3570334537035;"T15";20.3211030457169;1;2;2;"S-6";2;"S-3"
-20.8757528262069;2.39309396963932;-431.916591753398;57.0034092885314;"T15";20.587534934748;1;2;2;"S-6";2;"S-3"
-20.7872924403451;2.38101393490158;-432.106120000749;57.0251358777274;"T15";20.5966138048097;1;2;2;"S-6";2;"S-3"
-20.8004051712309;2.36612862069099;-432.372142742981;57.0556066019967;"T15";20.6094111781567;1;2;2;"S-6";2;"S-3"
-20.7958515895916;2.40129769064323;-432.624920441386;57.0843610681692;"T15";20.6215637153946;1;2;2;"S-6";2;"S-3"
-20.7686242897517;2.46374759921847;-433.748816710055;57.2141374085537;"T15";20.6756079685874;1;2;2;"S-6";2;"S-3"
-20.5928392885191;2.81788603355018;-435.652514980798;57.4399699903725;"T15";20.7672701915726;1;2;2;"S-6";2;"S-3"
-20.8688914963586;2.70778125054545;-436.519912593186;57.5586630750529;"T15";20.8093915134668;1;2;2;"S-6";2;"S-3"
-21.3073603108942;2.57064927714625;-439.566222543244;57.9539280064729;"T15";20.9553652442992;1;2;2;"S-6";2;"S-3"
-21.2077283850606;2.55574500885045;-441.203632476801;58.1514750794408;"T15";21.032212395221;1;2;2;"S-6";2;"S-3"
-21.4185645825714;2.54585734609196;-443.288025367189;58.4026654299285;"T15";21.130496985279;1;2;2;"S-6";2;"S-3"
-21.1757686619977;2.56399381258227;-443.804947534062;58.4641079271986;"T15";21.1546312901191;1;2;2;"S-6";2;"S-3"
-20.8794564686388;3.21257751176649;-452.14735500322;59.4742191290341;"T15";21.5485913679004;1;2;2;"S-6";2;"S-3"
-20.6178646744488;3.04150966968678;-453.794783157136;59.7276975013025;"T15";21.6274932376109;1;2;2;"S-6";2;"S-3"
-20.5467082821288;3.12426692295249;-454.594807282296;59.8457155963418;"T15";21.6662957100198;1;2;2;"S-6";2;"S-3"
-20.480974519953;3.4100796662063;-462.951320741487;61.1163803779344;"T15";22.0730038476177;1;2;2;"S-6";2;"S-3"
-20.6893895358374;3.4990520454275;-463.543074009132;61.2149072221254;"T15";22.1018966753036;1;2;2;"S-6";2;"S-3"
-20.8746031700422;3.48532191033226;-464.262429329012;61.3365667664563;"T15";22.1366659621708;1;2;2;"S-6";2;"S-3"
-21.27327927354;3.07612359818749;-465.489171055317;61.5413893339648;"T15";22.1954331500456;1;2;2;"S-6";2;"S-3"
-21.3858761838352;2.65146822210612;-469.611181386003;62.1374334645924;"T15";22.3891978384927;1;2;2;"S-6";2;"S-3"
-21.6801242860378;2.79056077936001;-470.796465627835;62.2843876260383;"T15";22.4446215317585;1;2;2;"S-6";2;"S-3"
-21.8581100157876;2.9508538319577;-472.146360199159;62.4581395288091;"T15";22.506885684561;1;2;2;"S-6";2;"S-3"
-21.9828446764068;2.79053711514719;-472.599309235969;62.5192878348606;"T15";22.5276079261675;1;2;2;"S-6";2;"S-3"
-21.8806836333579;2.73347037349915;-472.765589609333;62.5403957287763;"T15";22.5351720233448;1;2;2;"S-6";2;"S-3"
-21.9364468225007;2.53241828413394;-473.601733569274;62.6448520054071;"T15";22.5733858183958;1;2;2;"S-6";2;"S-3"
-21.8585512293953;2.52929660106657;-473.773607832655;62.6646937569305;"T15";22.5812209188007;1;2;2;"S-6";2;"S-3"
-22.097628744304;2.48587437562285;-474.557889716351;62.7554445794299;"T15";22.6171007845551;1;2;2;"S-6";2;"S-3"
-22.1869955001873;2.36330315804368;-475.20934846437;62.8287304793431;"T15";22.6465817191638;1;2;2;"S-6";2;"S-3"
-22.0666444925593;2.18409620940728;-477.918737020659;63.1173277583839;"T15";22.7686977828853;1;2;2;"S-6";2;"S-3"
-21.824165348149;2.35635547320893;-478.993846255504;63.2237391344006;"T15";22.8174187941477;1;2;2;"S-6";2;"S-3"
-21.9052610801265;2.44073248111848;-479.480872092724;63.2763233216454;"T15";22.8397346916609;1;2;2;"S-6";2;"S-3"
-21.8095129267802;2.62355521037191;-479.769378053358;63.3084692918093;"T15";22.8529053158127;1;2;2;"S-6";2;"S-3"
-21.6033738850779;2.63030121409711;-480.960304842099;63.4517307297086;"T15";22.907511156518;1;2;2;"S-6";2;"S-3"
-21.7837603866051;2.42147598640268;-482.50525611124;63.6398350147411;"T15";22.9790255078115;1;2;2;"S-6";2;"S-3"
-21.7314120937802;2.23227870873232;-483.074255054682;63.7030847592012;"T15";23.0051458347589;1;2;2;"S-6";2;"S-3"
-21.2515315730547;2.26829810167366;-487.776726078802;64.1861286543826;"T15";23.2215363299474;1;2;2;"S-6";2;"S-3"
-21.4091856091926;2.33866826568773;-490.180508582055;64.4426981759827;"T15";23.3346473542042;1;2;2;"S-6";2;"S-3"
-21.2127748039435;2.34718434531824;-490.339186997635;64.4600316786082;"T15";23.3420590520836;1;2;2;"S-6";2;"S-3"
-21.4299734990132;2.05760221327171;-493.078266530957;64.7631096427414;"T15";23.4711831086315;1;2;2;"S-6";2;"S-3"
-21.1150034139788;2.20504758042698;-494.102975584521;64.8614972406854;"T15";23.5189997358248;1;2;2;"S-6";2;"S-3"
-21.5562754106037;2.02564222894702;-496.193645756955;65.0798266965141;"T15";23.6180132254958;1;2;2;"S-6";2;"S-3"
-21.4998422055301;1.97729553164461;-497.609805965688;65.2129032075126;"T15";23.6837091855705;1;2;2;"S-6";2;"S-3"
-21.168689833633;2.09707987559756;-498.371855028691;65.2829872663985;"T15";23.719153588172;1;2;2;"S-6";2;"S-3"
-21.5053412235339;1.97087002949647;-500.157973260391;65.4599293742272;"T15";23.8035290618427;1;2;2;"S-6";2;"S-3"
-21.6502387704983;2.24722122574675;-502.303305606166;65.6565396572098;"T15";23.9032871788368;1;2;2;"S-6";2;"S-3"
-18.4122956891296;0.141072021791681;-504.076029061141;65.8405423288491;"T15";23.985167266801;3;2;1;"S-7-NA";3;"S-4"
-17.0907327286779;-0.402163290111238;-504.676600279082;65.8451438080657;"T15";24.0177852101624;3;2;1;"S-7-NA";3;"S-4"
-16.202332957696;-0.890575959732322;-505.204539818484;65.8327208238955;"T15";24.0486756083556;3;2;1;"S-7-NA";3;"S-4"
-10.8054015191547;-2.38578787946783;-508.447260761325;65.6544817194805;"T15";24.2488147458062;3;2;1;"S-7-NA";3;"S-4"
-9.9755412244886;-2.4379563773312;-508.961142777127;65.5410186998413;"T15";24.2963726283051;3;2;1;"S-7-NA";3;"S-4"
-8.88222904561923;-2.69305483820111;-509.584206703632;65.388745992133;"T15";24.3588317884132;3;2;1;"S-7-NA";3;"S-4"
-7.80553104692507;-2.42808343193682;-510.219161662757;65.1962302941105;"T15";24.4303177809343;3;2;7;"S-8-NA";3;"S-4"
-6.51387079115196;-1.79987174584725;-510.991256597618;64.9560530521078;"T15";24.5292341685854;3;2;7;"S-8-NA";3;"S-4"
-5.91046020639405;-1.28960971289787;-511.493665419287;64.8172306111998;"T15";24.6063632424921;3;2;7;"S-8-NA";3;"S-4"
-5.42477679334855;-1.05173230565451;-511.757623903172;64.7596372237591;"T15";24.6510227909312;3;2;7;"S-8-NA";3;"S-4"
-5.38803163654234;-1.07639923645929;-511.779240698129;64.7554462528737;"T15";24.6550076175481;3;2;7;"S-8-NA";3;"S-4"
-5.27431391103411;-1.0453456636787;-512.045213904142;64.7023111981481;"T15";24.7043713228777;3;2;7;"S-8-NA";3;"S-4"
-4.64054761515098;-0.597410968618209;-512.329023274106;64.646061437666;"T15";24.7581810457632;3;2;7;"S-8-NA";3;"S-4"
-4.37745857869639;-0.619615591103456;-512.492078232525;64.6250702037157;"T15";24.7933180537075;3;2;7;"S-8-NA";3;"S-4"
-4.31972798775325;-0.565679871543257;-512.61098135969;64.6082398373975;"T15";24.8204806470312;3;2;7;"S-8-NA";3;"S-4"
-3.41888803519716;1.00095370750181;-513.557593341967;64.4842784800958;"T15";25.0396175892092;3;2;7;"S-8-NA";3;"S-4"
-3.50000999991597;1.45623204482539;-513.935217813759;64.5948362436706;"T15";25.1500700134784;3;2;3;"S-9";3;"S-4"
-4.11780529389025;1.99056205351935;-514.769201820417;64.9418278909505;"T15";25.3883504774421;3;2;3;"S-9";3;"S-4"
-3.47283321201117;2.52181750609691;-515.180475237887;65.1406389565567;"T15";25.4882273264229;3;2;3;"S-9";3;"S-4"
-3.64218741106667;2.57397221807464;-515.270926534704;65.2063206780326;"T15";25.5142727168277;3;2;3;"S-9";3;"S-4"
-3.63337396209951;2.56503950656042;-515.381382835854;65.28438130984;"T15";25.5445996299386;3;2;3;"S-9";3;"S-4"
-3.9837346207249;2.53593453534446;-515.531547433736;65.390392452671;"T15";25.5859288736247;3;2;3;"S-9";3;"S-4"
-4.17728407519277;2.6361094575855;-515.671130302688;65.4792470204617;"T15";25.6209670682438;3;2;3;"S-9";3;"S-4"
-4.2659823296084;2.12101812630548;-516.575051905832;66.0496741793703;"T15";25.8373568532988;3;2;3;"S-9";3;"S-4"
-3.58596052936572;2.16828141564445;-517.428549069481;66.4740273095473;"T15";26.0374273406342;3;2;3;"S-9";3;"S-4"
-3.47848097151791;2.05369359353926;-517.541871795538;66.5425488559687;"T15";26.0690291179344;3;2;3;"S-9";3;"S-4"
-3.54206977987369;2.30492527293669;-517.679717473577;66.623932881986;"T15";26.1086572427303;3;2;3;"S-9";3;"S-4"
-2.96080794014119;2.74359285583748;-518.237607072222;66.9869674677901;"T15";26.2661610846408;3;2;3;"S-9";3;"S-4"
-3.18856527856835;2.79768585368628;-518.45337085527;67.1869020753994;"T15";26.3390343636274;3;2;3;"S-9";3;"S-4"
-3.35773661096339;2.89043952871535;-518.558824527588;67.2794284066768;"T15";26.3721068156883;3;2;3;"S-9";3;"S-4"
-4.24893963490953;2.6207610614473;-519.474172504646;68.06738716639;"T15";26.6447154455818;3;2;3;"S-9";3;"S-4"
-4.22767664755019;2.76181867324643;-519.52696120831;68.0999474263453;"T15";26.657139416784;3;2;3;"S-9";3;"S-4"
-4.67232906459418;2.47790125032532;-519.833563266238;68.300241668179;"T15";26.7296620062552;3;2;3;"S-9";3;"S-4"
-4.63927380621368;2.74069187119612;-520.135375720953;68.4603034807279;"T15";26.7942577251233;3;2;3;"S-9";3;"S-4"
-4.60692830729638;2.74639949434684;-520.522075045073;68.6887495131204;"T15";26.8776111421175;3;2;3;"S-9";3;"S-4"
-4.42162211107559;2.8241668238096;-520.587245288584;68.7276004593227;"T15";26.8917572801001;3;2;3;"S-9";3;"S-4"
-4.86668506971363;2.52477221870755;-520.865338302572;68.9052232964417;"T15";26.9546511699446;3;2;3;"S-9";3;"S-4"
-4.70918441698195;2.74533780021751;-521.031850905594;68.9916078452986;"T15";26.9888659589924;3;2;3;"S-9";3;"S-4"
-4.59734309753843;2.78055953126834;-521.113965782372;69.039478783282;"T15";27.00630313484;3;2;3;"S-9";3;"S-4"
-4.59047864759224;2.78685263652205;-521.360343288973;69.1884925309478;"T15";27.0598944160156;3;2;3;"S-9";3;"S-4"
-4.56938262414891;2.75150447183684;-521.43169189439;69.2318078504132;"T15";27.0754371536896;3;2;3;"S-9";3;"S-4"
-4.5556207582989;2.69735272727566;-521.447198922545;69.2411455795603;"T15";27.0788308349438;3;2;3;"S-9";3;"S-4"
-4.52057798010324;2.73147836535787;-521.48076917099;69.2610223002099;"T15";27.0861998084001;3;2;3;"S-9";3;"S-4"
-4.51132202715069;2.49380506972258;-521.708793544302;69.398801948126;"T15";27.1366412285715;3;2;3;"S-9";3;"S-4"
-4.34838816439415;2.68687507108872;-522.040381599325;69.5820998744763;"T15";27.2101425332949;3;2;3;"S-9";3;"S-4"
-4.35109272570676;2.76821591476666;-522.222431672988;69.6945888672071;"T15";27.252008637879;3;2;3;"S-9";3;"S-4"
-4.39715114947107;2.63362902767848;-522.417482261216;69.8186823252317;"T15";27.2968365927227;3;2;3;"S-9";3;"S-4"
-4.41014921933969;2.44822612280635;-522.473249465724;69.8520835260529;"T15";27.3095191689208;3;2;3;"S-9";3;"S-4"
-4.33319317064872;2.76257472509346;-523.056720706147;70.1759885600241;"T15";27.4418210959993;3;2;3;"S-9";3;"S-4"
-4.23033871446677;2.68591730793152;-523.133685360701;70.2250564416125;"T15";27.4595827446319;3;2;3;"S-9";3;"S-4"
-4.33143730326465;2.90849499702684;-524.483867289748;71.0823109682257;"T15";27.7787491329946;3;2;3;"S-9";3;"S-4"
-4.36872989705785;2.90386215370137;-524.498491422601;71.0921308534647;"T15";27.7821254101582;3;2;3;"S-9";3;"S-4"
-4.45039064855097;2.98734079056766;-524.646526733505;71.1905288196646;"T15";27.8160106157884;3;2;3;"S-9";3;"S-4"
-4.68795841274599;2.8613529065477;-524.781006387783;71.2807987731249;"T15";27.8462281101383;3;2;3;"S-9";3;"S-4"
-5.16767071206573;2.4755987190815;-525.317744875146;71.6084036910133;"T15";27.9607211239636;3;2;3;"S-9";3;"S-4"
-5.26676821021182;2.62235688257986;-525.479787839095;71.6860311901981;"T15";27.9920781846158;3;2;3;"S-9";3;"S-4"
-5.61547827050498;2.79740030660704;-525.782132495871;71.8365704886755;"T15";28.0494842911139;3;2;3;"S-9";3;"S-4"
-5.70124282227128;2.65857934896978;-526.090377858861;71.990125650213;"T15";28.1043763854541;3;2;3;"S-9";3;"S-4"
-5.359418809226;2.28530169736782;-526.871192703174;72.3542319135614;"T15";28.2413315842859;3;2;3;"S-9";3;"S-4"
-4.18600931269743;2.14707203737175;-527.907000676771;72.7959092305371;"T15";28.434600296896;3;2;3;"S-9";3;"S-4"
-4.41587199229537;1.92962704477096;-528.035236856618;72.8616836460634;"T15";28.4652347676456;3;2;3;"S-9";3;"S-4"
-4.0588893692986;1.98113945094806;-528.463498631807;73.0488234692032;"T15";28.5622171475552;3;2;3;"S-9";3;"S-4"
-3.86788038766223;2.12155859443621;-528.740976297456;73.1842600135774;"T15";28.6305801011622;3;2;3;"S-9";3;"S-4"
-4.037578446434;2.09883870720791;-528.810603627655;73.2224510758611;"T15";28.6485815187916;3;2;3;"S-9";3;"S-4"
-4.10566191525828;2.26917111246454;-529.114179100746;73.3802575338494;"T15";28.7237690296024;3;2;3;"S-9";3;"S-4"
-3.95601018782549;2.43417766198301;-529.746736796162;73.7298678230141;"T15";28.8778386311606;3;2;3;"S-9";3;"S-4"
-3.74239828795337;2.41888921888514;-529.953131432578;73.8568647693472;"T15";28.9300110540353;3;2;3;"S-9";3;"S-4"
-3.61397790329354;2.51451180337993;-530.461847913864;74.1856723193111;"T15";29.0659443358891;3;2;3;"S-9";3;"S-4"
-3.59784225818503;2.62829754886743;-530.511742393095;74.2203875998987;"T15";29.0797503083013;3;2;3;"S-9";3;"S-4"
-3.53807055971265;2.63003649563248;-530.549436255668;74.247923739479;"T15";29.0902271051891;3;2;3;"S-9";3;"S-4"
-3.70649226306062;2.58011558504796;-530.599576698893;74.2851958043971;"T15";29.1043987963349;3;2;3;"S-9";3;"S-4"
-3.64967898441187;2.7073843397948;-530.842660754491;74.4544083416998;"T15";29.1699821129441;3;2;3;"S-9";3;"S-4"
-3.45970066355748;3.28970427214424;-531.385814365512;74.8573274989361;"T15";29.3188044102862;3;2;3;"S-9";3;"S-4"
-3.73814354036458;3.13468632343973;-531.526591462969;74.991187350975;"T15";29.3594949529506;3;2;3;"S-9";3;"S-4"
-3.78767991376306;3.00861609233614;-531.554295234116;75.014418837831;"T15";29.3669060571119;3;2;3;"S-9";3;"S-4"
-4.66870686479707;2.85888726722985;-532.100005426548;75.4478853672324;"T15";29.5109811122529;3;2;3;"S-9";3;"S-4"
-4.42039998145697;2.94133563777717;-532.701123187317;75.8159804227019;"T15";29.6397357713431;3;2;3;"S-9";3;"S-4"
-4.6445139410167;2.72882237836578;-532.979836725837;76.0014365051878;"T15";29.7027874272317;3;2;3;"S-9";3;"S-4"
-4.65187369429773;2.70853154323507;-533.024858196842;76.0278882715395;"T15";29.7124809003435;3;2;3;"S-9";3;"S-4"
-4.52911454867253;2.6248752602871;-533.17967042877;76.1180269642493;"T15";29.7457604436204;3;2;3;"S-9";3;"S-4"
-4.52797092907937;2.54364609755131;-533.365582506031;76.2257734137918;"T15";29.7868086607195;3;2;3;"S-9";3;"S-4"
-4.33009216233502;2.25081061690724;-534.956279766738;77.1193681260719;"T15";30.1381133147515;3;2;3;"S-9";3;"S-4"
-4.3936836090204;2.02087298085974;-535.903793614985;77.6118921069354;"T15";30.3569340263493;3;2;3;"S-9";3;"S-4"
-4.43968055723098;1.95680058959649;-535.915136975094;77.6171094807834;"T15";30.3595157689415;3;2;3;"S-9";3;"S-4"
-4.33921415107538;1.84406350275776;-536.338830184031;77.8038533490342;"T15";30.4549490334466;3;2;3;"S-9";3;"S-4"
-3.90924326823182;2.28084887902502;-536.930558522678;78.0553239137162;"T15";30.5913166608661;3;2;3;"S-9";3;"S-4"
-3.9930644737813;2.32251162595838;-536.942319927855;78.0621861082566;"T15";30.5943252751604;3;2;3;"S-9";3;"S-4"
-4.42542765557949;2.15986525103373;-537.278362151098;78.2576404955872;"T15";30.6784817483276;3;2;3;"S-9";3;"S-4"
-4.33600850455513;2.27645150953011;-537.663802833751;78.4457578938567;"T15";30.7655785698444;3;2;3;"S-9";3;"S-4"
-4.37190768603243;2.21498166631777;-537.725461495614;78.4781293603162;"T15";30.7797987130471;3;2;3;"S-9";3;"S-4"
-4.42890057578312;2.18059897025009;-538.238875065517;78.7382450183406;"T15";30.897233390715;3;2;3;"S-9";3;"S-4"
-4.40220419770398;2.13594654550573;-538.399902867181;78.8175281389439;"T15";30.9335918049328;3;2;3;"S-9";3;"S-4"
-4.62843013302443;2.00599519167339;-538.55925751778;78.8948469093079;"T15";30.9697906370275;3;2;3;"S-9";3;"S-4"
-4.61898101023043;2.00581214352186;-538.568023798873;78.8986462791193;"T15";30.9716846444644;3;2;3;"S-9";3;"S-4"
-4.68381584903857;1.97702964178808;-538.58459714081;78.9058433233249;"T15";30.9752727393061;3;2;3;"S-9";3;"S-4"
-4.7251494671145;1.9791673930413;-538.706253558879;78.9571942628981;"T15";31.0012465226464;3;2;3;"S-9";3;"S-4"
-4.65932815271005;1.94970236850138;-538.74653051155;78.9740645930269;"T15";31.0097704757936;3;2;3;"S-9";3;"S-4"
-4.45321747751983;1.92874979467027;-539.146835859636;79.1415729246375;"T15";31.0956852976233;3;2;3;"S-9";3;"S-4"
-4.59640778759948;1.95893711905002;-539.226962553437;79.1762768987856;"T15";31.1136782867834;3;2;3;"S-9";3;"S-4"
-4.68300648898789;1.94207999356814;-539.242720325811;79.1829926835125;"T15";31.1171065666713;3;2;3;"S-9";3;"S-4"
-4.55954880184904;1.86008027944521;-539.572843231667;79.3198972751223;"T15";31.1876003630459;3;2;3;"S-9";3;"S-4"
-4.112175225067;1.66588464435966;-540.261872737009;79.6009887274874;"T15";31.3387182774022;3;2;3;"S-9";3;"S-4"
-3.95888785799754;1.65185686418117;-540.404440304692;79.6587443212519;"T15";31.3733879011124;3;2;3;"S-9";3;"S-4"
-4.12050718376601;1.47292139981253;-541.031306857067;79.9203061170414;"T15";31.5317320055328;3;2;3;"S-9";3;"S-4"
-4.13518086772349;1.47317145686769;-541.054385806459;79.9285559457465;"T15";31.5373330027796;3;2;3;"S-9";3;"S-4"
-4.15652021052075;1.84032019274315;-541.390889650577;80.0484365202939;"T15";31.6187088494189;3;2;3;"S-9";3;"S-4"
-4.28300644586876;1.85761994530771;-541.463612420628;80.0806348918691;"T15";31.6362049197778;3;2;3;"S-9";3;"S-4"
-3.87030619702339;2.12600442689885;-541.691684699256;80.179554101799;"T15";31.6894554300234;3;2;3;"S-9";3;"S-4"
-3.70264031577479;2.27113270219545;-541.981854622811;80.3389478320692;"T15";31.7644288064912;3;2;3;"S-9";3;"S-4"
-3.60428639996615;2.44721900854966;-542.155502792993;80.4454604836752;"T15";31.8113272776827;3;2;3;"S-9";3;"S-4"
-3.6784528985814;2.22511633761857;-542.368995155456;80.5904163805221;"T15";31.8705601850525;3;2;3;"S-9";3;"S-4"
-3.78613159843912;2.72431157672841;-542.593451735365;80.7261913970335;"T15";31.9315794738941;3;2;3;"S-9";3;"S-4"
-3.61547415629777;2.80252918138003;-542.738905572905;80.8308527283124;"T15";31.9699970073998;3;2;3;"S-9";3;"S-4"
-3.64616194176898;2.88225737398344;-542.80510431445;80.8821665800869;"T15";31.9883068441413;3;2;3;"S-9";3;"S-4"
-3.77622782973798;2.84292363949425;-542.994208361754;81.0316515847293;"T15";32.0401707082056;3;2;3;"S-9";3;"S-4"
-3.94540195523568;2.85159148722809;-543.025055981936;81.0548751381247;"T15";32.0483396062627;3;2;3;"S-9";3;"S-4"
-3.67062470089004;2.98041883878449;-543.211482650243;81.189617480317;"T15";32.0955912349746;3;2;3;"S-9";3;"S-4"
-3.77301534480058;3.03631543901816;-543.330168225466;81.285986015133;"T15";32.1279251249507;3;2;3;"S-9";3;"S-4"
-4.38143145751028;2.7135785642055;-544.073005230681;81.883780421328;"T15";32.3248066473752;3;2;3;"S-9";3;"S-4"
-4.84643778838354;2.87224201716213;-544.721022653385;82.2851209887965;"T15";32.472707494162;3;2;3;"S-9";3;"S-4"
-4.36015942294118;2.7498197655777;-545.210668592608;82.5753097215478;"T15";32.5737396255136;3;2;3;"S-9";3;"S-4"
-4.6191363709764;2.30491246874066;-545.885265260871;83.0007572963363;"T15";32.7284579747356;3;2;3;"S-9";3;"S-4"
-4.63129032795382;2.23005363982398;-546.029284791829;83.072621901749;"T15";32.7596368617378;3;2;3;"S-9";3;"S-4"
-4.74656744061904;2.10333871220204;-546.198805919579;83.1542495219576;"T15";32.7962402952835;3;2;3;"S-9";3;"S-4"
-4.81682570816228;2.06719681319203;-546.309464279097;83.2032853808839;"T15";32.8195536392741;3;2;3;"S-9";3;"S-4"
-5.08369490009515;1.94026392340431;-546.465963577261;83.2704488761051;"T15";32.8520437702537;3;2;3;"S-9";3;"S-4"
-4.61225077128293;2.12404822155162;-546.909057360046;83.4395618733085;"T15";32.939203560818;3;2;3;"S-9";3;"S-4"
-4.55162837454974;2.07452387138156;-547.018506206227;83.489965599951;"T15";32.96293359017;3;2;3;"S-9";3;"S-4"
-4.49893575299712;2.07698494527045;-547.080985544085;83.5184421949602;"T15";32.9766604001634;3;2;3;"S-9";3;"S-4"
-4.67445484416345;1.91451204230216;-547.345253680742;83.6404445909681;"T15";33.0354005447589;3;2;3;"S-9";3;"S-4"
-4.42109951097092;1.89524967224884;-547.703837107293;83.7873092652857;"T15";33.1121118273586;3;2;3;"S-9";3;"S-4"
-4.28747908413301;2.04832148947697;-547.900705278098;83.8717032797767;"T15";33.1566410604864;3;2;3;"S-9";3;"S-4"
-3.93085654092351;2.31035415095364;-548.223326410535;84.0258338972239;"T15";33.2318883389235;3;2;3;"S-9";3;"S-4"
-3.98065850403486;2.44268769719898;-548.599021136821;84.2466478245019;"T15";33.3274641307071;3;2;3;"S-9";3;"S-4"
-3.97815592276442;2.70522687723219;-548.762525450645;84.3469804642927;"T15";33.3685388206504;3;2;3;"S-9";3;"S-4"
-3.98967911198279;2.74955320535933;-548.805415762832;84.3761467482581;"T15";33.3793202764355;3;2;3;"S-9";3;"S-4"
-4.02794647984581;2.62460735138877;-549.051104209825;84.5454669963256;"T15";33.4409012808464;3;2;3;"S-9";3;"S-4"
-4.75329779307544;2.37604393199293;-549.786598113607;85.0247143538627;"T15";33.6234990158118;3;2;3;"S-9";3;"S-4"
-4.63479582393241;2.34307261030423;-549.970790469632;85.1167870892363;"T15";33.6622494505718;3;2;3;"S-9";3;"S-4"
-4.41373802202173;2.4756354946052;-550.206147679285;85.2357694678619;"T15";33.7130299420096;3;2;3;"S-9";3;"S-4"
-4.54300780684405;2.51416208711557;-550.449553516911;85.3722941388354;"T15";33.7681772653013;3;2;3;"S-9";3;"S-4"
-4.65208333853278;2.63120789147518;-550.674243614656;85.4966406839258;"T15";33.8176357094198;3;2;3;"S-9";3;"S-4"
-4.59732171565394;2.49545898245997;-550.949773336536;85.6524796760055;"T15";33.8768628775142;3;2;3;"S-9";3;"S-4"
-4.73201727660748;2.1587790189459;-551.337914838121;85.8631656485138;"T15";33.9612906216644;3;2;3;"S-9";3;"S-4"
-4.55434772288388;2.1849805219076;-551.551599161265;85.9606499150571;"T15";34.006447752472;3;2;3;"S-9";3;"S-4"
-4.60794957390232;2.17245302900236;-551.646338162124;86.0061016205783;"T15";34.0272496338002;3;2;3;"S-9";3;"S-4"
-4.64138400295503;1.98828356443333;-551.946247636811;86.1474962335751;"T15";34.0923348674551;3;2;3;"S-9";3;"S-4"
-4.6807437793942;1.96670346506922;-552.190288332839;86.2520387805088;"T15";34.1449141618796;3;2;3;"S-9";3;"S-4"
-4.86116503515482;1.89643613771938;-552.320732555298;86.3068473999074;"T15";34.1727824299596;3;2;3;"S-9";3;"S-4"
-4.69095381335999;1.98202830902296;-552.505505939773;86.3789311331429;"T15";34.210792533122;3;2;3;"S-9";3;"S-4"
-4.68195195952449;1.85524851233161;-552.539451392654;86.3932738129581;"T15";34.2180288978852;3;2;3;"S-9";3;"S-4"
-4.57157099840079;1.85984350745227;-552.635548943081;86.4313529814351;"T15";34.2385540017858;3;2;3;"S-9";3;"S-4"
-4.43135050748897;2.11280268193865;-552.816791612475;86.5050875908427;"T15";34.2781996005215;3;2;3;"S-9";3;"S-4"
-4.46515651093435;2.09229829586389;-553.066015138904;86.6239136990801;"T15";34.3344405875541;3;2;3;"S-9";3;"S-4"
-4.37818184109934;2.05090623491475;-553.280484684816;86.7244105717716;"T15";34.3824723968282;3;2;3;"S-9";3;"S-4"
-4.20391139421062;2.82880271456907;-554.389705245505;87.2440115034774;"T15";34.6358242677525;3;2;3;"S-9";3;"S-4"
-4.34722474368536;2.72060627710813;-554.687868096246;87.4446446287907;"T15";34.706749371253;3;2;3;"S-9";3;"S-4"
-4.40042320967476;2.84203002850426;-555.28616014046;87.8190713462948;"T15";34.8443755763583;3;2;3;"S-9";3;"S-4"
-4.09949406132398;3.11236141239789;-555.418123843755;87.9043006048385;"T15";34.8743644426577;3;2;3;"S-9";3;"S-4"
-4.16056239191275;3.12962975954577;-555.484280875468;87.9545274351695;"T15";34.8905022954568;3;2;3;"S-9";3;"S-4"
-4.31354374336778;3.08110122548434;-555.654944956978;88.0829032022097;"T15";34.931521769613;3;2;3;"S-9";3;"S-4"
-4.38526812601111;3.03614649848901;-555.787782627681;88.1777872081087;"T15";34.9623172543943;3;2;3;"S-9";3;"S-4"
-4.0838869215346;2.9716429220797;-555.89334428869;88.2508729712228;"T15";34.9863891373388;3;2;3;"S-9";3;"S-4"
-4.0889744611932;2.86545636521455;-556.016507887003;88.3404930420559;"T15";35.0165475625545;3;2;3;"S-9";3;"S-4"
-4.14441800730703;2.89020227878785;-556.091793096705;88.3932511322313;"T15";35.0349593209103;3;2;3;"S-9";3;"S-4"
-4.44436874353998;2.6153504495159;-556.443471257115;88.6385017364961;"T15";35.1198151824065;3;2;3;"S-9";3;"S-4"
-4.73464406608909;2.65863451734963;-556.758534128549;88.8239048544591;"T15";35.1907055359334;3;2;3;"S-9";3;"S-4"
-4.62191864190459;2.67600938383121;-556.919216274022;88.914132354629;"T15";35.2246430702507;3;2;3;"S-9";3;"S-4"
-4.79964565555168;2.57278497422043;-557.294244728993;89.1312672162439;"T15";35.3057843632996;3;2;3;"S-9";3;"S-4"
-4.6841376031555;2.63242374903429;-557.345380006775;89.1586775885448;"T15";35.3164383326657;3;2;3;"S-9";3;"S-4"
-4.86440935606606;2.66311287654084;-557.367312516606;89.1710033707154;"T15";35.3211206267588;3;2;3;"S-9";3;"S-4"
-5.04064857810262;1.8993485045591;-558.270547397135;89.6654963841124;"T15";35.506802960299;3;2;3;"S-9";3;"S-4"
-5.20473319732361;1.77324423589382;-558.338097648955;89.6909497494461;"T15";35.5202040635049;3;2;3;"S-9";3;"S-4"
-4.98585508955757;1.99118492756176;-559.364338037136;90.0405882004467;"T15";35.7173785101622;3;2;3;"S-9";3;"S-4"
-4.73803498510314;1.90186971505536;-559.953996797774;90.2760783251089;"T15";35.8356448356062;3;2;3;"S-9";3;"S-4"
-4.76253112516577;1.96730447507839;-560.154770049374;90.3566696605487;"T15";35.8780196285807;3;2;3;"S-9";3;"S-4"
-4.42468968716392;1.55298105745594;-561.228877028925;90.8003613471854;"T15";36.1035524285398;3;2;3;"S-9";3;"S-4"
-4.26900559384078;1.49353217428672;-561.832554556484;91.0122405593774;"T15";36.2399862962775;3;2;3;"S-9";3;"S-4"
-3.66948566046794;2.11460463867072;-562.125084204925;91.1145834662384;"T15";36.3085103686899;3;2;3;"S-9";3;"S-4"
-3.3676078757081;2.25735033853121;-562.223106866623;91.1710707220287;"T15";36.33522328455;3;2;3;"S-9";3;"S-4"
-3.30684446845104;2.31326218700412;-562.333523376029;91.2450843109281;"T15";36.368011101149;3;2;3;"S-9";3;"S-4"
-3.01780100605585;2.37656051380912;-562.384016503795;91.2804061545404;"T15";36.383280379232;3;2;3;"S-9";3;"S-4"
-3.08907894584265;2.49742729245126;-562.423107582896;91.3111909262486;"T15";36.3962338771671;3;2;3;"S-9";3;"S-4"
-3.07634692321726;2.56155357322294;-562.460513952619;91.3414328495846;"T15";36.4083431079052;3;2;3;"S-9";3;"S-4"
-3.238007100524;2.45372545991671;-562.641834253971;91.4924111616601;"T15";36.4672832423821;3;2;3;"S-9";3;"S-4"
-3.64489093830716;2.28038502844282;-562.906878688006;91.6932588607575;"T15";36.5491374279372;3;2;3;"S-9";3;"S-4"
-3.46666834792148;2.36892151427284;-563.649925702395;92.1581378696828;"T15";36.7529973038472;3;2;3;"S-9";3;"S-4"
-3.41120126263998;2.52180645597447;-563.87866532455;92.314445355057;"T15";36.8189798551612;3;2;3;"S-9";3;"S-4"
-4.22257577002824;2.57366838197097;-564.112414925443;92.4872499500447;"T15";36.8875039857812;3;2;3;"S-9";3;"S-4"
-4.20530884458408;2.70515497167492;-564.640642776326;92.8092058822376;"T15";37.0126001071185;3;2;3;"S-9";3;"S-4"
-3.89980279373564;2.62597310739325;-564.771602622944;92.8934486081021;"T15";37.0437416597269;3;2;3;"S-9";3;"S-4"
-4.00089350960907;2.740736793614;-565.336742421584;93.2739914179921;"T15";37.1886566281319;3;2;3;"S-9";3;"S-4"
-3.98238131624046;2.75683868548778;-565.696798797774;93.5206412614904;"T15";37.2786506195553;3;2;3;"S-9";3;"S-4"
-4.18075989569827;2.85147435582353;-565.897293427695;93.6594354421846;"T15";37.3289960320108;3;2;3;"S-9";3;"S-4"
-4.11313068977697;2.2714868166799;-566.449809195367;94.036277112601;"T15";37.461152812466;3;2;3;"S-9";3;"S-4"
-4.2035943460028;2.20556242309912;-566.634202774953;94.1381089328618;"T15";37.5059832818806;3;2;3;"S-9";3;"S-4"
-4.27183632425102;2.18109355338614;-566.679739401586;94.1620013126468;"T15";37.516816065181;3;2;3;"S-9";3;"S-4"
-4.14228091077385;2.32919519324302;-566.862239059597;94.2551811063864;"T15";37.5595376593992;3;2;3;"S-9";3;"S-4"
-3.84920097883231;2.56417977193419;-567.691980314189;94.7217427383618;"T15";37.7598478924483;3;2;3;"S-9";3;"S-4"
-4.08562606225102;2.54614603807648;-567.905118737613;94.8637268116724;"T15";37.8152200137265;3;2;3;"S-9";3;"S-4"
-3.95614799262964;2.71153783398353;-568.065607869818;94.9637430054923;"T15";37.8545014187694;3;2;3;"S-9";3;"S-4"
-3.94857503313668;2.81787301480528;-568.341658557006;95.1529477278136;"T15";37.9242790630087;3;2;3;"S-9";3;"S-4"
-4.36501114124987;2.64265715450523;-568.542107863039;95.2959969761036;"T15";37.9750440362841;3;2;3;"S-9";3;"S-4"
-4.22363126513573;2.55184332184746;-568.830873638972;95.470821030167;"T15";38.0411986843683;3;2;3;"S-9";3;"S-4"
-4.37864502617887;2.31511864022488;-569.401252095552;95.8154336073501;"T15";38.1762432516553;3;2;3;"S-9";3;"S-4"
-4.50759986218686;2.19733228673261;-569.808250963434;96.0306259008453;"T15";38.2691941224039;3;2;3;"S-9";3;"S-4"
-4.29846265543424;2.10014036517077;-570.314348923772;96.2773348862254;"T15";38.3814707165584;3;2;3;"S-9";3;"S-4"
-4.36753418521129;2.14833254167388;-570.853034964413;96.5405257962762;"T15";38.5067913448438;3;2;3;"S-9";3;"S-4"
-4.40637239846496;2.17702723115299;-570.914783521046;96.5708990980046;"T15";38.5209294268861;3;2;3;"S-9";3;"S-4"
-4.35292348074736;1.98188555961681;-570.981945201353;96.6040812246377;"T15";38.5361713706516;3;2;3;"S-9";3;"S-4"
-4.35008733920789;1.74265453062299;-571.267736414962;96.7342019312896;"T15";38.601826375816;3;2;3;"S-9";3;"S-4"
-4.28348548130943;1.72738198351149;-571.828656393164;96.9589077050151;"T15";38.7307709082961;3;2;3;"S-9";3;"S-4"
-4.35859104926382;2.19470769376836;-573.118751114785;97.4791584188033;"T15";39.0319496393204;3;2;3;"S-9";3;"S-4"
-4.45807791458265;1.95688565359904;-573.485087748269;97.6636221179505;"T15";39.1159989638254;3;2;3;"S-9";3;"S-4"
-4.47175539436929;1.92035609778036;-573.518008231569;97.6780726553149;"T15";39.1233834205195;3;2;3;"S-9";3;"S-4"
-3.94428432972203;1.9125503370635;-574.186293061159;97.9650617086907;"T15";39.2728291684762;3;2;3;"S-9";3;"S-4"
-3.95856924088509;1.8856711866531;-574.624342645087;98.177468272051;"T15";39.3838885007426;3;2;3;"S-9";3;"S-4"
-4.27585000953993;1.76218546665119;-575.015662129842;98.3638739737769;"T15";39.4827422685921;3;2;3;"S-9";3;"S-4"
-4.35772901457114;2.06285197694137;-575.55737443904;98.5871272582104;"T15";39.6094334078953;3;2;3;"S-9";3;"S-4"
-4.43530846258985;2.04568446204318;-575.685384997193;98.6477246088193;"T15";39.6388089284301;3;2;3;"S-9";3;"S-4"
-4.192378687939;2.03972403749533;-575.884626301749;98.7396200980205;"T15";39.6837305626832;3;2;3;"S-9";3;"S-4"
-4.09729628118126;2.03520142417031;-575.983487346019;98.7877191041886;"T15";39.7073116968386;3;2;3;"S-9";3;"S-4"
-3.9766974903929;2.05836212479513;-576.104818323175;98.8479864025621;"T15";39.7369241458364;3;2;3;"S-9";3;"S-4"
-3.86069129853336;2.08019991451758;-576.14844969328;98.8705702576065;"T15";39.747895905748;3;2;3;"S-9";3;"S-4"
-3.47584044428292;2.16633154308493;-576.301062678997;98.9528004840848;"T15";39.7874258691445;3;2;3;"S-9";3;"S-4"
-3.39730156668059;2.19726937215629;-576.312050019741;98.959648388415;"T15";39.7905869293027;3;2;3;"S-9";3;"S-4"
-3.21947170462985;2.4993673206373;-576.610073311625;99.1524006179692;"T15";39.8783104610629;3;2;3;"S-9";3;"S-4"
-3.30002476016606;2.48548183034093;-576.945789971629;99.4130269958314;"T15";39.9825874017552;3;2;3;"S-9";3;"S-4"
-3.464426514692;2.48552181758207;-576.954865531412;99.4198624411935;"T15";39.9853375507519;3;2;3;"S-9";3;"S-4"
-3.45250045155256;2.47526820842758;-576.961862838972;99.4248825969193;"T15";39.9873573100194;3;2;3;"S-9";3;"S-4"
-3.75829841697144;2.59901436557865;-577.292540424213;99.6619617010271;"T15";40.0831364677288;3;2;3;"S-9";3;"S-4"
-3.85598026159889;2.65373844008809;-577.340164028041;99.6948953366138;"T15";40.0958080543205;3;2;3;"S-9";3;"S-4"
-4.01813627758191;2.51801085256368;-577.625272307046;99.8911107599954;"T15";40.169747301843;3;2;3;"S-9";3;"S-4"
-4.5048814189584;2.44370485525782;-577.939113780073;100.087783092758;"T15";40.2478535310365;3;2;3;"S-9";3;"S-4"
-4.45771601180294;2.34277865511447;-578.102376960412;100.176346362104;"T15";40.2840949245729;3;2;3;"S-9";3;"S-4"
-4.09664962511203;2.18974511458174;-578.771793534748;100.528162147941;"T15";40.434265229851;3;2;3;"S-9";3;"S-4"
-4.23233865589214;2.20498491684297;-578.786138069789;100.535829602667;"T15";40.4377667582594;3;2;3;"S-9";3;"S-4"
-3.82474901116913;2.22653611167422;-579.086401281716;100.692262229451;"T15";40.5087117454968;3;2;3;"S-9";3;"S-4"
-3.97252193013665;2.07743492946478;-579.556499463665;100.965924782232;"T15";40.6316212960519;3;2;3;"S-9";3;"S-4"
-3.827807674606;2.61788845947675;-580.668376538056;101.547382181897;"T15";40.9115132875741;3;2;3;"S-9";3;"S-4"
-3.65834742898876;2.72486985212864;-580.823473712705;101.653455197609;"T15";40.9520318266004;3;2;3;"S-9";3;"S-4"
-3.46089028981578;2.78181109221399;-581.618290282961;102.245463406863;"T15";41.1692929221317;3;2;3;"S-9";3;"S-4"
-4.4719188130242;2.42999047397139;-582.977716785045;103.338149798476;"T15";41.562089684885;3;2;3;"S-9";3;"S-4"
-4.14856086299864;2.49936262522689;-583.390968023027;103.562705881365;"T15";41.6544999578036;3;2;3;"S-9";3;"S-4"
-4.32727489153719;2.39985453405858;-583.591986742168;103.683812619385;"T15";41.7029550066218;3;2;3;"S-9";3;"S-4"
-4.49438161316339;2.47816412327146;-583.792766622232;103.795162722532;"T15";41.7493536951952;3;2;3;"S-9";3;"S-4"
-4.51110807227141;2.28473760219372;-583.84294512691;103.822830726888;"T15";41.7605184135027;3;2;3;"S-9";3;"S-4"
-4.86445248722121;2.21876934405975;-584.178867216079;103.992964941417;"T15";41.8349839514121;3;2;3;"S-9";3;"S-4"
-4.5601832753087;2.10898318469575;-585.117926056199;104.421287547548;"T15";42.028029076755;3;2;3;"S-9";3;"S-4"
-4.5404185138104;1.64229359082057;-585.817726652053;104.744929734757;"T15";42.1814879518934;3;2;3;"S-9";3;"S-4"
-4.63962292766728;1.66399956016793;-585.947873639044;104.792004594035;"T15";42.210152046755;3;2;3;"S-9";3;"S-4"
-4.41488322179419;1.74601112845367;-586.400035234231;104.954172232924;"T15";42.3076085862704;3;2;3;"S-9";3;"S-4"
-4.25672911455856;1.76825594160817;-586.469725338983;104.981733482527;"T15";42.3233938519843;3;2;3;"S-9";3;"S-4"
-4.06317906972186;1.61392002664428;-586.819879554993;105.127188421348;"T15";42.4056528368965;3;2;3;"S-9";3;"S-4"
-4.04985118764459;1.65292441889792;-586.948471779382;105.178266053579;"T15";42.437301017344;3;2;3;"S-9";3;"S-4"
-4.18726821942513;2.02156580455233;-587.634638764852;105.458321323063;"T15";42.6067311898805;3;2;3;"S-9";3;"S-4"
-4.25654014970948;1.98228737376088;-587.705417980524;105.492492728996;"T15";42.6236346247606;3;2;3;"S-9";3;"S-4"
-4.05566543416359;2.00698713998295;-587.837774394745;105.554131628083;"T15";42.6547294599004;3;2;3;"S-9";3;"S-4"
-5.48182622017715;1.747468280612;-588.560947776703;105.912001304743;"T15";42.8330413531512;3;2;3;"S-9";3;"S-4"
-5.44369740790364;1.773025652012;-588.736418349689;105.967936908711;"T15";42.8650508634746;3;2;3;"S-9";3;"S-4"
-5.22022816350082;1.69409638453131;-588.979052254674;106.046963369102;"T15";42.9096223902889;3;2;3;"S-9";3;"S-4"
-5.53532580801159;1.28171695680966;-589.393430072111;106.181439476346;"T15";42.9890016443096;3;2;3;"S-9";3;"S-4"
-4.67514802454447;1.34679456351136;-590.499195151442;106.437481830777;"T15";43.1887667742558;3;2;3;"S-9";3;"S-4"
-4.66388021777947;1.37634066572231;-590.620974486858;106.472563446594;"T15";43.2148150051944;3;2;3;"S-9";3;"S-4"
-3.65940470519152;1.77242731180363;-591.131567221816;106.623242604705;"T15";43.3242931030691;3;2;3;"S-9";3;"S-4"
-3.74236280989705;1.97339072543045;-591.265409924326;106.688069121728;"T15";43.3608680963516;3;2;3;"S-9";3;"S-4"
-3.56618567664438;2.20947903677851;-591.639732659696;106.885453782655;"T15";43.4608911979012;3;2;3;"S-9";3;"S-4"
-3.73724226369051;2.60254424562899;-592.110655713852;107.177220591912;"T15";43.5929435072467;3;2;3;"S-9";3;"S-4"
-4.02522626218508;2.621569464461;-592.377331950937;107.362928838074;"T15";43.6642999295145;3;2;3;"S-9";3;"S-4"
-3.94220815737496;2.28962787265978;-593.22496277279;107.914978073313;"T15";43.8748796004802;3;2;3;"S-9";3;"S-4"
-4.16032416467238;2.40877025122785;-593.355932185775;107.991044888272;"T15";43.9081019489095;3;2;3;"S-9";3;"S-4"
-4.18760925857988;2.67201521850062;-594.012236698907;108.371036140013;"T15";44.0658551640809;3;2;3;"S-9";3;"S-4"
-4.74805452583266;2.32177553600262;-594.278214994365;108.54075064998;"T15";44.1293707117438;3;2;3;"S-9";3;"S-4"
-4.54927225013951;2.35139045928072;-594.370363992613;108.585811061278;"T15";44.148778449744;3;2;3;"S-9";3;"S-4"
-5.03932740635586;2.24206490161981;-594.914001770311;108.866802088743;"T15";44.2682783934288;3;2;3;"S-9";3;"S-4"
-4.66790379754738;2.1457579256854;-595.615115707304;109.178737159321;"T15";44.4074068684131;3;2;3;"S-9";3;"S-4"
-4.59884144234243;2.35929648268193;-596.103499485812;109.403239079018;"T15";44.5120327989571;3;2;3;"S-9";3;"S-4"
-4.39345433030974;2.30273205251699;-596.29597874109;109.501984738258;"T15";44.5538866566494;3;2;3;"S-9";3;"S-4"
-4.37226477981673;2.24265016458068;-596.317780414075;109.513411603637;"T15";44.5588489645161;3;2;3;"S-9";3;"S-4"
-4.30237318044476;2.21795406832275;-596.481356279841;109.5973139885;"T15";44.596261123661;3;2;3;"S-9";3;"S-4"
-4.325421676816;2.11324937796583;-596.889054520674;109.807490078295;"T15";44.6910223690793;3;2;3;"S-9";3;"S-4"
-4.10769672510869;2.52120629302873;-597.466571243994;110.089644501033;"T15";44.8245392297395;3;2;3;"S-9";3;"S-4"
-4.07935156870661;2.47592380652312;-597.479184646877;110.097386306929;"T15";44.8276099050418;3;2;3;"S-9";3;"S-4"
-3.95040183979239;2.45085677293891;-597.601898222693;110.171866149774;"T15";44.8576915427111;3;2;3;"S-9";3;"S-4"
-3.77863930882623;2.53011244677301;-597.722790177307;110.246868359113;"T15";44.8882939876057;3;2;3;"S-9";3;"S-4"
-3.94500739475636;2.48775699494451;-598.485462290341;110.757540600702;"T15";45.0901317526586;3;2;3;"S-9";3;"S-4"
-3.9780410136395;2.42055748993544;-598.536509834737;110.789731639384;"T15";45.1030715368688;3;2;3;"S-9";3;"S-4"
-3.81750320290954;2.4178515750771;-598.586613063935;110.820218440875;"T15";45.1156664872542;3;2;3;"S-9";3;"S-4"
-3.83131571078944;2.88414401061343;-599.6778407979;111.511357794294;"T15";45.4015150316991;3;2;3;"S-9";3;"S-4"
-3.84115548925997;3.04228943522266;-599.789273077633;111.595241965279;"T15";45.4305996303447;3;2;3;"S-9";3;"S-4"
-3.9531926835714;3.01824745247333;-599.917002352605;111.69640668639;"T15";45.4638524563052;3;2;3;"S-9";3;"S-4"
-3.93524429811355;3.01604638180041;-600.072728127952;111.815302718622;"T15";45.5032448633574;3;2;3;"S-9";3;"S-4"
-3.9719163802227;2.92761742916209;-600.329238558494;112.011897211193;"T15";45.5684277112596;3;2;3;"S-9";3;"S-4"
-3.97668873385856;2.92735275431684;-600.393752589425;112.059449169316;"T15";45.5846702563576;3;2;3;"S-9";3;"S-4"
-3.86619718055373;2.76396682510289;-600.815590766946;112.369976151306;"T15";45.6907480023801;3;2;3;"S-9";3;"S-4"
-3.93511146333483;2.77326152720305;-600.87714433534;112.413981154948;"T15";45.7066689617932;3;2;3;"S-9";3;"S-4"
-3.80511378154094;2.93464672293189;-601.156301756433;112.610716760321;"T15";45.7776091177948;3;2;3;"S-9";3;"S-4"
-4.2549435910807;2.66644780199021;-601.835056299376;113.134197767587;"T15";45.9559886832722;3;2;3;"S-9";3;"S-4"
-4.77918885273795;2.59076704623504;-602.237006643328;113.386088207072;"T15";46.0504553513601;3;2;3;"S-9";3;"S-4"
-4.77834432419074;2.45590909285125;-602.40699322548;113.478236822436;"T15";46.0860234335996;3;2;3;"S-9";3;"S-4"
-4.84328949791166;2.52010192920491;-603.293494101473;113.933868609192;"T15";46.2715481291525;3;2;3;"S-9";3;"S-4"
-4.84548700821823;2.513629357645;-603.335604597181;113.955779903473;"T15";46.28024273552;3;2;3;"S-9";3;"S-4"
-4.76796291660024;2.53081666834215;-603.359390817114;113.968119166922;"T15";46.2851516786031;3;2;3;"S-9";3;"S-4"
-4.81748783057714;2.56077651635326;-603.527476166738;114.057338234262;"T15";46.3204047526233;3;2;3;"S-9";3;"S-4"
-5.12531090661844;2.1785757192364;-603.918436507949;114.265156519602;"T15";46.4015591540374;3;2;3;"S-9";3;"S-4"
-5.09826775197421;2.15551582669367;-603.95030204358;114.278701352973;"T15";46.4077764423564;3;2;3;"S-9";3;"S-4"
-5.12649276769309;2.16599432709451;-603.959068400709;114.282407714125;"T15";46.4094959199429;3;2;3;"S-9";3;"S-4"
-5.44877499721245;2.10600517647948;-604.29075369542;114.422548059441;"T15";46.4741961564869;3;2;3;"S-9";3;"S-4"
-5.46106807586688;1.69920782105396;-605.100503962768;114.735524509297;"T15";46.6228075907566;3;2;3;"S-9";3;"S-4"
-5.41127061563115;1.21426791235397;-606.113644767192;115.050762619276;"T15";46.8083282234147;3;2;3;"S-9";3;"S-4"
-5.38300216078085;1.08608135806074;-606.362037019782;115.106500866986;"T15";46.8542309827171;3;2;3;"S-9";3;"S-4"
-5.18332949701698;1.13584176961525;-606.441976401215;115.122629538191;"T15";46.8690813169815;3;2;3;"S-9";3;"S-4"
-5.06628589654201;1.26067580156028;-606.550226988981;115.146350881633;"T15";46.8899656902067;3;2;3;"S-9";3;"S-4"
-4.79633790461685;1.41746951087092;-606.82788816982;115.215443060571;"T15";46.944771357812;3;2;3;"S-9";3;"S-4"
-4.82627514713484;1.43299429862029;-606.853433861026;115.222992620076;"T15";46.9500974402763;3;2;3;"S-9";3;"S-4"
-4.73054329641588;1.08228128138648;-607.628184123836;115.453027724917;"T15";47.1106250188313;3;2;3;"S-9";3;"S-4"
-4.59390647753149;1.14327744750017;-607.692626564493;115.467771242285;"T15";47.1242476487532;3;2;3;"S-9";3;"S-4"
-4.57255533243037;1.06972319420495;-607.831243266271;115.502268537727;"T15";47.1544216852635;3;2;3;"S-9";3;"S-4"
-4.13989949031756;1.27545054058568;-608.535264211381;115.666970215331;"T15";47.3083883174695;3;2;3;"S-9";3;"S-4"
-4.15568129883831;1.36229061873047;-608.568233388186;115.677127600668;"T15";47.3163520800881;3;2;3;"S-9";3;"S-4"
-4.02396446297381;1.58978959490246;-608.787928176534;115.749146633801;"T15";47.3692182102241;3;2;3;"S-9";3;"S-4"
-3.93196254260263;1.63855766080206;-608.937019349991;115.808049638148;"T15";47.4062690278515;3;2;3;"S-9";3;"S-4"
-3.96256802027441;1.72826475510194;-609.386302085522;115.995278193912;"T15";47.5205332739279;3;2;3;"S-9";3;"S-4"
-3.87291437255309;2.04772746837029;-609.703582294644;116.133659213521;"T15";47.6006026146933;3;2;3;"S-9";3;"S-4"
-3.81865925667428;2.10503227672308;-610.064025908294;116.324236700517;"T15";47.6936704129912;3;2;3;"S-9";3;"S-4"
-3.89020571657698;2.04683216315786;-610.67957672919;116.663558504023;"T15";47.8548659477383;3;2;3;"S-9";3;"S-4"
-3.65785655601533;2.28585743130695;-610.772610643044;116.71250830797;"T15";47.8787808562629;3;2;3;"S-9";3;"S-4"
-3.60311452774469;2.15399738940723;-610.926251965561;116.808521411123;"T15";47.9207839583978;3;2;3;"S-9";3;"S-4"
-3.79571768058458;2.16385377036832;-611.208904065208;116.977495192018;"T15";47.9992305627093;3;2;3;"S-9";3;"S-4"
-3.55840799245247;2.16320866276223;-611.379559638507;117.074782118178;"T15";48.0441905907355;3;2;3;"S-9";3;"S-4"
-3.75452399769316;2.29784514046382;-611.633849718123;117.229368805328;"T15";48.1156523455866;3;2;3;"S-9";3;"S-4"
-4.01269500635707;2.46868944478908;-611.762356251888;117.308017420788;"T15";48.149879463017;3;2;3;"S-9";3;"S-4"
-4.03233116225682;2.45944749646628;-611.805801924095;117.33474605883;"T15";48.1607065186836;3;2;3;"S-9";3;"S-4"
-4.71110937582087;1.94153171207382;-612.846291925399;117.969374125284;"T15";48.4187433612533;3;2;3;"S-9";3;"S-4"
-4.52651352276442;1.97398374789302;-613.708247886389;118.324601461177;"T15";48.6017057788558;3;2;3;"S-9";3;"S-4"
-4.52704914143558;1.97569623248595;-613.758434077013;118.346487339605;"T15";48.612792941276;3;2;3;"S-9";3;"S-4"
-4.77645917958886;2.01465232116081;-613.891249223885;118.404450568431;"T15";48.6421310692094;3;2;3;"S-9";3;"S-4"
-4.86315500286835;2.02291987072467;-614.393398809123;118.616251149036;"T15";48.7472611595877;3;2;3;"S-9";3;"S-4"
-4.72092601069967;2.108916260779;-614.986712709741;118.863051112933;"T15";48.8692630082369;3;2;3;"S-9";3;"S-4"
-4.77222055313214;1.96771159644171;-615.040902977799;118.887258808039;"T15";48.8807417452335;3;2;3;"S-9";3;"S-4"
-4.78566396960185;1.9604132849148;-615.064176535762;118.896855105902;"T15";48.885618627537;3;2;3;"S-9";3;"S-4"
-4.48200685203625;1.49657601497661;-616.052210403128;119.30159616834;"T15";49.0920756361447;3;2;3;"S-9";3;"S-4"
-4.43533340907172;1.46769281800327;-616.236365153134;119.363086833348;"T15";49.1331632016227;3;2;3;"S-9";3;"S-4"
-4.44031127231503;1.56439745746463;-616.788511363258;119.545797117411;"T15";49.2576512973756;3;2;3;"S-9";3;"S-4"
-4.5353203217717;1.88912794532024;-618.112854054067;120.012385653947;"T15";49.5559057686478;3;2;3;"S-9";3;"S-4"
-4.34624417265952;2.20620917359723;-618.786267133346;120.292887002596;"T15";49.704387690872;3;2;3;"S-9";3;"S-4"
-4.3641637367535;2.27531141779197;-619.193934279826;120.499824064254;"T15";49.7981852618977;3;2;3;"S-9";3;"S-4"
-4.50532891590545;2.13245424022023;-619.397823770322;120.606124403489;"T15";49.8449042905122;3;2;3;"S-9";3;"S-4"
-4.19452886843165;1.92573935306223;-619.80112023146;120.797011964569;"T15";49.9344197218306;3;2;3;"S-9";3;"S-4"
-4.25386453384799;1.95489078545772;-619.854171903682;120.82136838126;"T15";49.9470675480552;3;2;3;"S-9";3;"S-4"
-4.28214082624205;2.08100694413445;-620.0793393837;120.924845543819;"T15";50;3;2;3;"S-9";3;"S-4"
