"Vx";"Vy";"X";"Y";"Traj";"Time";"TrueMovMode";"TrueTrajClust";"firstEstMovMode";"firstSegment";"finalEstMovMode";"finalSegment"
0;0;0;0;"T16";0;1;2;1;"S-1-NA";8;"S-1"
-2.10114836586372;1.62078045717061;0;0;"T16";0.0448449514806271;1;2;7;"S-2-NA";3;"S-2"
-7.63836350033068;5.90094543142662;-0.316248401114372;0.243947184532551;"T16";0.195357121992856;1;2;1;"S-3-NA";2;"S-3"
-8.99264644930615;6.3507455895301;-0.548465756494103;0.423344504687146;"T16";0.225758575834334;1;2;1;"S-3-NA";2;"S-3"
-9.73620159322058;6.82649130429451;-0.795177802125864;0.597576355623612;"T16";0.25319344131276;1;2;1;"S-3-NA";2;"S-3"
-10.4614228730131;7.20646038706403;-1.0171290719575;0.753196429733191;"T16";0.275989936199039;1;2;1;"S-3-NA";2;"S-3"
-10.5630287543312;7.1730653953497;-1.05127144596424;0.776715760591578;"T16";0.279253581538796;1;2;1;"S-3-NA";2;"S-3"
-10.5734169119678;7.23603785521376;-1.0714634624688;0.790427609552681;"T16";0.281165156047791;1;2;1;"S-3-NA";2;"S-3"
-17.9323366928217;7.46620490847519;-4.25233682077663;2.96729439017721;"T16";0.582001998554915;1;2;4;"S-4-NA";2;"S-3"
-20.9026390180989;6.54832484354966;-9.34554187735547;5.08787205078525;"T16";0.866025499999523;1;2;4;"S-4-NA";2;"S-3"
-22.7893714287301;5.27246199361961;-12.2014717257403;5.98257038822581;"T16";1.00265560904518;1;2;4;"S-4-NA";2;"S-3"
-23.2424852200986;5.11745108489256;-12.5351276433339;6.05976374785664;"T16";1.01729646557942;1;2;4;"S-4-NA";2;"S-3"
-23.7121862594762;4.52278952785799;-13.7807557556736;6.33402189514603;"T16";1.07088919030502;1;2;4;"S-4-NA";2;"S-3"
-23.690336133677;3.75307622740652;-15.8168279319483;6.72237604419199;"T16";1.15675525739789;1;2;4;"S-4-NA";2;"S-3"
-23.2592190264785;3.61512699099982;-16.7935620037855;6.87711244830317;"T16";1.19798447703943;1;2;4;"S-4-NA";2;"S-3"
-22.7957799867775;3.21302037839604;-19.5663246354766;7.30807657560474;"T16";1.31719581549987;1;2;4;"S-4-NA";2;"S-3"
-23.0137570077203;2.90051856608922;-22.5412040062998;7.72737997506154;"T16";1.44769713515416;1;2;4;"S-4-NA";2;"S-3"
-22.8677416028384;2.87452517098702;-23.1100687599384;7.7990763425416;"T16";1.47241560043767;1;2;4;"S-4-NA";2;"S-3"
-22.6144074205294;2.77962188250309;-24.2850462294993;7.94677358218402;"T16";1.52379703940824;1;2;2;"S-5";2;"S-3"
-22.6181449083687;2.71486808533469;-24.8505734185493;8.01628465627951;"T16";1.54880442423746;1;2;2;"S-5";2;"S-3"
-22.2182777678657;2.15264353881103;-29.6112710161142;8.587713746681;"T16";1.75928577082232;1;2;2;"S-5";2;"S-3"
-22.3440024195528;1.78087183040491;-32.5617255780367;8.87357194935699;"T16";1.89207979710773;1;2;2;"S-5";2;"S-3"
-22.2905502184178;1.73399622839675;-36.7837909438231;9.21008092097604;"T16";2.08103723125532;1;2;2;"S-5";2;"S-3"
-21.6083140728804;1.76717848494855;-39.8201004723259;9.44627739073921;"T16";2.2172523313202;1;2;2;"S-5";2;"S-3"
-21.5432876210076;1.82924496154806;-40.3768211642822;9.49180731156656;"T16";2.24301652051508;1;2;2;"S-5";2;"S-3"
-21.3631122784448;1.8521416764883;-41.485865265213;9.58597647318441;"T16";2.29449631879106;1;2;2;"S-5";2;"S-3"
-21.2218222508573;1.78133430989008;-42.5940163877533;9.68205109242306;"T16";2.34636849490926;1;2;2;"S-5";2;"S-3"
-21.6953375104485;1.70536000205576;-46.2499940022755;9.98892946902784;"T16";2.51864293823019;1;2;2;"S-5";2;"S-3"
-21.8799639552084;1.80202836206196;-46.8575226326056;10.0366842009268;"T16";2.54664566600695;1;2;2;"S-5";2;"S-3"
-21.8234509870821;1.79798055020414;-47.2699450088049;10.0706512047382;"T16";2.56549498299137;1;2;2;"S-5";2;"S-3"
-21.4792218213667;2.37980104888025;-52.4855156354657;10.5003492644311;"T16";2.80448425328359;1;2;2;"S-5";2;"S-3"
-21.2681129208511;2.50621774638703;-53.0062199459351;10.5580409571059;"T16";2.82872648676857;1;2;2;"S-5";2;"S-3"
-21.4044475254792;2.5958165278457;-54.5337995516181;10.7380497397858;"T16";2.90055136429146;1;2;2;"S-5";2;"S-3"
-21.2213485289752;2.78966447324713;-56.9229998685089;11.0277991324546;"T16";3.01217304076999;1;2;2;"S-5";2;"S-3"
-21.7057750753037;2.59829380002301;-58.0926173460054;11.1815518649827;"T16";3.06728817522526;1;2;2;"S-5";2;"S-3"
-21.7519918166208;2.52892180134844;-59.5106914454775;11.351302686036;"T16";3.1326198251918;1;2;2;"S-5";2;"S-3"
-21.8586779578966;2.4861765409808;-59.6435252111492;11.3667461547903;"T16";3.13872656552121;1;2;2;"S-5";2;"S-3"
-21.9324995373687;2.77703145373499;-61.0027201160016;11.521339149553;"T16";3.20090758614242;1;2;2;"S-5";2;"S-3"
-21.8859846552723;2.77677192459007;-64.291871986593;11.9378023157863;"T16";3.35087461862713;1;2;2;"S-5";2;"S-3"
-22.5967504679468;2.2692867973486;-67.8731842016467;12.3921792775081;"T16";3.51450957823545;1;2;2;"S-5";2;"S-3"
-22.6750320012291;2.23354815836286;-68.1273769568891;12.4177066764264;"T16";3.52575866272673;1;2;2;"S-5";2;"S-3"
-22.3668446315252;2.19670869298849;-72.1890681081472;12.817793555697;"T16";3.70488481130451;1;2;2;"S-5";2;"S-3"
-22.2740429561289;2.17532270589382;-72.3382771889534;12.8324477856646;"T16";3.71155580505729;1;2;2;"S-5";2;"S-3"
-22.278759303155;1.99883309016352;-74.873442751712;13.0800365697363;"T16";3.82537284167483;1;2;2;"S-5";2;"S-3"
-21.9099987918741;1.90417546556539;-75.9975630702551;13.1808917771315;"T16";3.87582988478243;1;2;2;"S-5";2;"S-3"
-21.9483453139201;2.02608116554757;-76.6849829112515;13.240634728658;"T16";3.90720459399745;1;2;2;"S-5";2;"S-3"
-21.513000565791;2.13879170319463;-79.9883206520815;13.5455702618116;"T16";4.05770968645811;1;2;2;"S-5";2;"S-3"
-21.3281668010939;2.12734389272492;-80.5167761326638;13.5981085487846;"T16";4.08227415755391;1;2;2;"S-5";2;"S-3"
-21.6809280101522;1.968823103792;-80.8788139684735;13.6342194338001;"T16";4.09924879204482;1;2;2;"S-5";2;"S-3"
-21.7794685690806;1.91582567652498;-81.8168314436669;13.7193998502498;"T16";4.14251342881471;1;2;2;"S-5";2;"S-3"
-21.9781313081807;1.75904915690077;-82.6584528045164;13.7934328693712;"T16";4.18115630745888;1;2;2;"S-5";2;"S-3"
-21.8589980710735;1.75547874855958;-84.2538495726504;13.9211225851417;"T16";4.25374649930745;1;2;2;"S-5";2;"S-3"
-21.8084051511706;1.71965769852541;-84.8597420982901;13.9697813319522;"T16";4.28146471967921;1;2;2;"S-5";2;"S-3"
-21.4053175064462;1.8520993684243;-87.7292321478436;14.196049168612;"T16";4.41304197302088;1;2;2;"S-5";2;"S-3"
-21.1424403088386;2.07707855179561;-92.3650090849972;14.5971606931139;"T16";4.62961324956268;1;2;2;"S-5";2;"S-3"
-21.1929517649225;2.15463152083958;-93.9785846033109;14.7556818028739;"T16";4.70593251520768;1;2;2;"S-5";2;"S-3"
-21.3650794445101;1.90204245949795;-95.8494948674519;14.9458923159018;"T16";4.79421234922484;1;2;2;"S-5";2;"S-3"
-21.3683250543702;2.036319022235;-96.6323586269451;15.0155873579645;"T16";4.83085456071422;1;2;2;"S-5";2;"S-3"
-21.5833856315362;2.18146582009883;-98.2128073058479;15.1661980258726;"T16";4.90481677697971;1;2;2;"S-5";2;"S-3"
-21.2091915155183;2.26329127282791;-99.405634381675;15.2867588841006;"T16";4.960082762409;1;2;2;"S-5";2;"S-3"
-21.492523827758;2.05079140228953;-101.065167738837;15.4638522618225;"T16";5.03832871327177;1;2;2;"S-5";2;"S-3"
-21.407295436768;2.07770063833238;-101.607264609355;15.5155785090597;"T16";5.06355129182339;1;2;2;"S-5";2;"S-3"
-21.3211239971175;2.05939105417196;-101.995308063657;15.5532403489257;"T16";5.08167798398063;1;2;2;"S-5";2;"S-3"
-21.3257737951229;2.09361689184404;-102.471991214783;15.5992828097845;"T16";5.10403530206531;1;2;2;"S-5";2;"S-3"
-21.143615918979;2.17288244093832;-103.088419013789;15.6597994252658;"T16";5.1329405978322;1;2;2;"S-5";2;"S-3"
-21.5179353850677;2.00764045479766;-104.10121626616;15.76388234913;"T16";5.18084145151079;1;2;2;"S-5";2;"S-3"
-21.5359480615651;1.9967798756172;-105.057004642785;15.853058163482;"T16";5.22525967098773;1;2;2;"S-5";2;"S-3"
-21.4437544641831;2.01552220874365;-105.514413611438;15.8954684173014;"T16";5.24649899452925;1;2;2;"S-5";2;"S-3"
-20.8923301489281;2.1998638599247;-106.795785055733;16.0159059371369;"T16";5.30625398969278;1;2;2;"S-5";2;"S-3"
-21.0182534492618;2.24122756582024;-108.622851480602;16.208287417283;"T16";5.39370552869514;1;2;2;"S-5";2;"S-3"
-20.6145289688517;2.43843938983862;-109.629503069967;16.3156291284631;"T16";5.44159968849272;1;2;2;"S-5";2;"S-3"
-20.8064541014745;2.35653463712167;-111.576426245352;16.5459256424907;"T16";5.53604391170666;1;2;2;"S-5";2;"S-3"
-20.9925447802379;2.6408161953505;-114.187376355177;16.8416413055053;"T16";5.6615314213559;1;2;2;"S-5";2;"S-3"
-21.48028148386;2.87919466948405;-118.346548750197;17.3648560912783;"T16";5.8596575865522;1;2;2;"S-5";2;"S-3"
-21.4104610302224;2.7057228380048;-122.868580533151;17.9709845451583;"T16";6.07017772272229;1;2;2;"S-5";2;"S-3"
-21.4366007018223;2.60590766763193;-123.229273527139;18.0165667150127;"T16";6.08702430035919;1;2;2;"S-5";2;"S-3"
-21.3925604905074;2.66847971197353;-123.559830173834;18.0567503295788;"T16";6.1024444992654;1;2;2;"S-5";2;"S-3"
-21.7633782766771;2.51203630156734;-124.129907401438;18.1278610092375;"T16";6.12909288611263;1;2;2;"S-5";2;"S-3"
-21.4101664694727;2.66561662303836;-124.978783667155;18.2258424883953;"T16";6.16809768835083;1;2;2;"S-5";2;"S-3"
-21.6756152243498;2.60699873728868;-125.953095480894;18.3471466254009;"T16";6.21360465884209;1;2;2;"S-5";2;"S-3"
-21.3824665400423;2.47707283550343;-128.158636656512;18.6124144390413;"T16";6.31535684224218;1;2;2;"S-5";2;"S-3"
-21.4590121449563;2.47563661249073;-128.239825927652;18.6218198898905;"T16";6.31915384437889;1;2;2;"S-5";2;"S-3"
-21.3780409973627;2.54269193394943;-128.662750553977;18.6706109377813;"T16";6.33886232972145;1;2;2;"S-5";2;"S-3"
-21.3365736737204;2.56482397020796;-128.759890473899;18.6821647041381;"T16";6.34340624092147;1;2;2;"S-5";2;"S-3"
-21.3981587817388;2.49762321272229;-128.936586717262;18.7034049823268;"T16";6.35168761946261;1;2;2;"S-5";2;"S-3"
-21.3069923271016;2.45613896665155;-129.439960936997;18.762159529796;"T16";6.37521180324256;1;2;2;"S-5";2;"S-3"
-21.4506646745037;2.43416456454357;-129.730243260867;18.7956214898907;"T16";6.3888356089592;1;2;2;"S-5";2;"S-3"
-21.4739058607482;2.51714504282106;-129.986509985227;18.8247019584438;"T16";6.40078240539879;1;2;2;"S-5";2;"S-3"
-21.6280296975407;2.48410451464397;-130.400613539133;18.8732426717489;"T16";6.42006644047797;1;2;2;"S-5";2;"S-3"
-21.0768019499434;2.64702636179959;-134.154854152285;19.3044389566907;"T16";6.59364862367511;1;2;2;"S-5";2;"S-3"
-20.6360387579851;2.82817615304093;-136.02511804627;19.5393245832036;"T16";6.68238428188488;1;2;2;"S-5";2;"S-3"
-20.8330029864387;2.99730557810072;-137.211214035079;19.7018794431798;"T16";6.73986120382324;1;2;2;"S-5";2;"S-3"
-20.8804857481463;2.94775787418619;-137.390975359012;19.7277422349867;"T16";6.74848988419399;1;2;2;"S-5";2;"S-3"
-21.3340886323923;2.92039067354179;-140.82192660211;20.2120994316907;"T16";6.91280364990234;1;2;2;"S-5";2;"S-3"
-21.1487339644751;2.9224724166139;-141.031080496566;20.2407301875309;"T16";6.92260739160702;1;2;2;"S-5";2;"S-3"
-21.4502907220132;3.21765853377197;-145.463595167879;20.8532444819991;"T16";7.13219509925693;1;2;2;"S-5";2;"S-3"
-21.7618187703688;2.93418621021522;-148.330182906097;21.2832480012156;"T16";7.26583374198526;1;2;2;"S-5";2;"S-3"
-21.9045221997333;2.89189422411238;-149.586186100412;21.4525972312425;"T16";7.3235496529378;1;2;2;"S-5";2;"S-3"
-22.7836087982807;2.34625133159918;-153.553751817192;21.9764059806651;"T16";7.50467963516712;1;2;2;"S-5";2;"S-3"
-21.821737117075;2.10980870380778;-160.63206637781;22.7053293531811;"T16";7.81535537680611;1;2;2;"S-5";2;"S-3"
-21.6924588874164;2.14841890446525;-162.348995945075;22.8713286467023;"T16";7.8940351610072;1;2;2;"S-5";2;"S-3"
-21.2483708165324;1.89351710764281;-164.698714467728;23.1040445283108;"T16";8.00235476344824;1;2;2;"S-5";2;"S-3"
-21.2288499227549;1.88855168787333;-164.746838312595;23.1083330135;"T16";8.00461958860978;1;2;2;"S-5";2;"S-3"
-21.0839592707284;2.04474931744864;-165.12108008439;23.141626146777;"T16";8.02224851213396;1;2;2;"S-5";2;"S-3"
-20.875139802405;2.0483087632663;-165.574291216912;23.1855791416574;"T16";8.04374405415729;1;2;2;"S-5";2;"S-3"
-21.1055887390725;2.08899974003738;-166.178455656461;23.2448609154656;"T16";8.07268586941063;1;2;2;"S-5";2;"S-3"
-21.1224473562232;1.96822775989609;-167.46310316559;23.3720134126448;"T16";8.13355351565406;1;2;2;"S-5";2;"S-3"
-21.2860454168649;1.88305960067819;-167.813382401795;23.4046530639497;"T16";8.15013678511605;1;2;2;"S-5";2;"S-3"
-21.2748163708257;2.00600153536153;-169.549267171716;23.558217261416;"T16";8.23168714996427;1;2;2;"S-5";2;"S-3"
-21.3632138542581;2.07840394782181;-170.663828366728;23.663309189331;"T16";8.28407590743154;1;2;2;"S-5";2;"S-3"
-21.3557529882497;2.08596282692727;-171.83968875537;23.7777073735421;"T16";8.33911726949736;1;2;2;"S-5";2;"S-3"
-21.4210126035643;2.09248145157106;-172.371348127781;23.8296381899384;"T16";8.36401263950393;1;2;2;"S-5";2;"S-3"
-21.3947105870046;2.13599479588965;-173.007434604135;23.8917734016578;"T16";8.39370714966208;1;2;2;"S-5";2;"S-3"
-21.4224564739984;2.12708230599944;-173.163264003356;23.9073310220533;"T16";8.40099069755524;1;2;2;"S-5";2;"S-3"
-21.4296680525672;2.21346594713125;-173.238404278019;23.9147918633857;"T16";8.40449824463576;1;2;2;"S-5";2;"S-3"
-21.5378381738202;2.00049528769788;-174.636601724442;24.0592113862374;"T16";8.46974411979318;1;2;2;"S-5";2;"S-3"
-21.5117719657797;2.13140016023461;-175.786588373184;24.1660253966853;"T16";8.52313790237531;1;2;2;"S-5";2;"S-3"
-21.7650202531409;1.97381761249246;-176.497997855769;24.2365123043927;"T16";8.55620860820636;1;2;2;"S-5";2;"S-3"
-21.751672171879;2.28539190051015;-178.337122878769;24.4032981524991;"T16";8.64070772659034;1;2;2;"S-5";2;"S-3"
-21.48874136084;2.25595458652682;-180.576928355505;24.6386287171933;"T16";8.7436793721281;1;2;2;"S-5";2;"S-3"
-21.4565333651974;2.29245933002206;-180.65240794665;24.6465527983189;"T16";8.74719189014286;1;2;2;"S-5";2;"S-3"
-21.7194013868754;2.28052399986382;-181.661055537732;24.754318742683;"T16";8.7942007696256;1;2;2;"S-5";2;"S-3"
-21.7450586006376;2.17368622075109;-184.177768490906;25.0185720795153;"T16";8.91007472528145;1;2;2;"S-5";2;"S-3"
-21.8352263584472;1.96489420481443;-184.411729382858;25.0419593499923;"T16";8.92083399230614;1;2;2;"S-5";2;"S-3"
-21.8110768985254;1.89622611054971;-185.344572180479;25.1259034033746;"T16";8.96355591248721;1;2;2;"S-5";2;"S-3"
-21.6062994136079;1.94580666276459;-185.968012409548;25.1801044703934;"T16";8.99213956436142;1;2;2;"S-5";2;"S-3"
-21.2922515147677;2.45170799612417;-189.085880995071;25.4608915386089;"T16";9.13644324755296;1;2;2;"S-5";2;"S-3"
-21.3469015125813;2.47067475192848;-189.35457985304;25.4918310162014;"T16";9.14906280813739;1;2;2;"S-5";2;"S-3"
-21.4229922574589;2.56307241248297;-190.033482096907;25.5704066648481;"T16";9.18086612364277;1;2;2;"S-5";2;"S-3"
-21.4333285017176;2.39407771813189;-190.333503786278;25.606301618547;"T16";9.19487078208476;1;2;2;"S-5";2;"S-3"
-20.5872961450195;2.047405221882;-196.101202758162;26.2505468458981;"T16";9.46397032821551;1;2;2;"S-5";2;"S-3"
-20.6012193753475;2.13442314833157;-196.31634763273;26.2719429892551;"T16";9.47442069882527;1;2;2;"S-5";2;"S-3"
-20.5931655795464;2.11944668726928;-196.84356035411;26.3265657286233;"T16";9.50001203455031;1;2;2;"S-5";2;"S-3"
-20.6719327995988;2.27988457391466;-197.811432601567;26.4261790503659;"T16";9.54701171722263;1;2;2;"S-5";2;"S-3"
-20.7844094099788;2.38707813116026;-198.614709597269;26.5147715805775;"T16";9.58587005734444;1;2;2;"S-5";2;"S-3"
-20.6861260768963;2.40814155282873;-198.890370309691;26.5464310636672;"T16";9.59913291735575;1;2;2;"S-5";2;"S-3"
-20.6583363503886;2.37989477663241;-199.126866547871;26.5739623866482;"T16";9.61056551896036;1;2;2;"S-5";2;"S-3"
-20.7050194372651;2.3924255770109;-199.220488965249;26.5847479357995;"T16";9.61509746266529;1;2;2;"S-5";2;"S-3"
-20.7133100291648;2.44817095185706;-199.359303076942;26.6007876421264;"T16";9.62180183269083;1;2;2;"S-5";2;"S-3"
-20.7212399509587;2.59710375714755;-201.044128104057;26.7999223861406;"T16";9.7031420446001;1;2;2;"S-5";2;"S-3"
-20.6558780266133;3.18510120028263;-204.515689764861;27.2350317644299;"T16";9.8706784308888;1;2;2;"S-5";2;"S-3"
-20.8572174130796;2.94469990090221;-205.385306206314;27.3691251381362;"T16";9.91277862340212;1;2;2;"S-5";2;"S-3"
-20.5933866262283;3.03511302610896;-206.027608743108;27.459807810661;"T16";9.94357384042814;1;2;2;"S-5";2;"S-3"
-20.6548793338899;3.02793532475562;-207.043697772242;27.6095619576589;"T16";9.99291439075023;1;2;2;"S-5";2;"S-3"
-20.6953895296871;3.09590638298566;-207.414294574921;27.6638901932266;"T16";10.0108567276038;1;2;2;"S-5";2;"S-3"
-20.715245883783;3.1190399168109;-207.760669851549;27.7157058610729;"T16";10.0275935605168;1;2;2;"S-5";2;"S-3"
-20.6123421510343;3.09385233135098;-207.937872404463;27.742386781927;"T16";10.0361477700062;1;2;2;"S-5";2;"S-3"
-20.7391050468161;3.09131744710091;-211.032867700015;28.2069365327754;"T16";10.1863002986647;1;2;2;"S-5";2;"S-3"
-20.8354094818286;2.96323286491436;-211.522501659507;28.2799201064762;"T16";10.2099095121957;1;2;2;"S-5";2;"S-3"
-21.1947663784257;2.75169546789537;-213.191515804142;28.5172889745899;"T16";10.2900142082945;1;2;2;"S-5";2;"S-3"
-21.2835867352559;2.69753942270501;-213.543501375964;28.5629869117813;"T16";10.3066214011051;1;2;2;"S-5";2;"S-3"
-21.2850927165718;2.47833797609073;-214.322557693019;28.661726619233;"T16";10.3432250209153;1;2;2;"S-5";2;"S-3"
-20.9254295912227;2.94359365037868;-218.721099842742;29.1738725701223;"T16";10.5498739751056;1;2;2;"S-5";2;"S-3"
-20.9410433674556;2.94454264573851;-219.078354213049;29.2241277723594;"T16";10.5669467127882;1;2;2;"S-5";2;"S-3"
-20.9545543737945;2.93153793468083;-219.145139097474;29.2335184668358;"T16";10.5701358988881;1;2;2;"S-5";2;"S-3"
-21.0337476625312;2.80986714572504;-220.068831425611;29.3627428374239;"T16";10.6142166419886;1;2;2;"S-5";2;"S-3"
-20.9728770906855;2.8907378783473;-222.01046215196;29.6221224056601;"T16";10.7065269025043;1;2;2;"S-5";2;"S-3"
-20.9603312651943;2.85035038312949;-222.080960610184;29.6318393635516;"T16";10.7098883134313;1;2;2;"S-5";2;"S-3"
-20.9658081552833;2.78141366620338;-222.523896287935;29.6920732340381;"T16";10.7310204068199;1;2;2;"S-5";2;"S-3"
-21.3889847098886;2.54182913339006;-224.051120597636;29.8946813345652;"T16";10.8038639766164;1;2;2;"S-5";2;"S-3"
-21.6153555160511;2.42226258714263;-225.970006264839;30.1227183152213;"T16";10.893577709794;1;2;2;"S-5";2;"S-3"
-21.8561194888926;2.4529417687548;-226.44499813446;30.1759469116293;"T16";10.9155524522066;1;2;2;"S-5";2;"S-3"
-22.0432575416419;2.40291484635762;-227.032215217189;30.241851076835;"T16";10.9424198511988;1;2;2;"S-5";2;"S-3"
-21.8661961490817;2.29876521881289;-227.690299228191;30.3135881981384;"T16";10.9722740598954;1;2;2;"S-5";2;"S-3"
-21.7886307964145;2.20195557707601;-230.502913707973;30.6092747590735;"T16";11.1009024898522;1;2;2;"S-5";2;"S-3"
-21.5188468292145;2.18598016124286;-230.994931878466;30.6589980374503;"T16";11.1234839074314;1;2;2;"S-5";2;"S-3"
-21.3823921105609;2.32759119439275;-231.23973454893;30.6838661814219;"T16";11.1348601058125;1;2;2;"S-5";2;"S-3"
-21.4262711333905;2.27273251859872;-231.85430502255;30.7507655636489;"T16";11.1636020010337;1;2;2;"S-5";2;"S-3"
-21.1744508028253;2.30383246918641;-234.38235388088;31.0189213623487;"T16";11.2815902801231;1;2;2;"S-5";2;"S-3"
-21.2055845499415;2.43076977721696;-235.361312890984;31.1254345170219;"T16";11.3278233096935;1;2;2;"S-5";2;"S-3"
-21.3051851696372;2.54265727079976;-235.666678596054;31.1604382079192;"T16";11.3422235590406;1;2;2;"S-5";2;"S-3"
-21.3758200742686;2.4164309157815;-235.98977852978;31.1989984170487;"T16";11.3573888782412;1;2;2;"S-5";2;"S-3"
-21.2701340882367;2.40177079638449;-237.387899447756;31.357049083571;"T16";11.4227955345996;1;2;2;"S-5";2;"S-3"
-21.1866189663563;2.50894044259122;-237.539706962078;31.3741908116418;"T16";11.4299326553009;1;2;2;"S-5";2;"S-3"
-21.1809300780824;2.6448075204146;-237.616030179938;31.3832290828403;"T16";11.4335350808688;1;2;2;"S-5";2;"S-3"
-21.1478464097092;2.61159790922294;-238.065349429925;31.4393344062162;"T16";11.4547484670766;1;2;2;"S-5";2;"S-3"
-21.3864890223021;2.77420044500539;-241.731356519623;31.8920583510172;"T16";11.628099787049;1;2;2;"S-5";2;"S-3"
-21.4038452766883;2.68150657363303;-241.92061544215;31.916608532515;"T16";11.6369492490776;1;2;2;"S-5";2;"S-3"
-21.478349579573;2.72247453018723;-242.10660182183;31.939909191498;"T16";11.6456386400387;1;2;2;"S-5";2;"S-3"
-21.4914298593107;2.7283947874601;-242.19019474468;31.9505049592278;"T16";11.6495306021534;1;2;2;"S-5";2;"S-3"
-21.632337404207;2.80034042011618;-243.611673258076;32.1309654772958;"T16";11.7156722466461;1;2;2;"S-5";2;"S-3"
-21.8800509044425;2.6249719424215;-244.271969499114;32.2164418739737;"T16";11.7461958201602;1;2;2;"S-5";2;"S-3"
-21.6007609469674;2.37007515868274;-245.658698203711;32.3828091259153;"T16";11.8095744983293;1;2;2;"S-5";2;"S-3"
-21.8015375522377;2.40722833785237;-246.55708069217;32.4813813023364;"T16";11.8511648150161;1;2;2;"S-5";2;"S-3"
-21.8297203181474;2.40572402546043;-247.799461048565;32.6185593886589;"T16";11.90815072041;1;2;2;"S-5";2;"S-3"
-21.3939102548629;2.7133148044947;-251.492532231104;33.0255508636795;"T16";12.0773270144127;1;2;2;"S-5";2;"S-3"
-21.4909911323234;2.8312806761771;-253.696718509161;33.3051000993671;"T16";12.1803556918167;1;2;2;"S-5";2;"S-3"
-21.222857517113;2.63157345897424;-255.921379774021;33.5981829270252;"T16";12.2838716837578;1;2;2;"S-5";2;"S-3"
-21.4917595626713;2.35399499904379;-257.015407879582;33.7338392741333;"T16";12.33542120317;1;2;2;"S-5";2;"S-3"
-21.4730798607369;2.37556338161674;-257.157330882866;33.7493841176817;"T16";12.3420248040929;1;2;2;"S-5";2;"S-3"
-21.0618624045205;2.3359115417849;-258.792489367663;33.9302814386443;"T16";12.4181740335189;1;2;2;"S-5";2;"S-3"
-21.021798633734;2.27751159876883;-260.385001660056;34.1069024692439;"T16";12.4937852146104;1;2;2;"S-5";2;"S-3"
-21.2846930080647;2.25789370699988;-261.538813521775;34.231906991628;"T16";12.5486716628075;1;2;2;"S-5";2;"S-3"
-21.2432487624439;2.29255156217246;-264.647632623155;34.5616924897109;"T16";12.6947305747308;1;2;2;"S-5";2;"S-3"
-21.4867313994866;2.26658123728909;-266.307626601755;34.7408374892066;"T16";12.7728727646172;1;2;2;"S-5";2;"S-3"
-21.5565039595862;2.40433584343747;-267.71874904027;34.8896932450305;"T16";12.838546896819;1;2;2;"S-5";2;"S-3"
-21.4044023629576;2.5704693308328;-275.645130631205;35.773773678647;"T16";13.2062494521961;1;2;2;"S-5";2;"S-3"
-22.1751091306149;1.40724440779279;-286.143641593243;37.0345470461873;"T16";13.6967331753112;1;2;2;"S-5";2;"S-3"
-21.8253573273424;1.60035856598992;-287.44388759793;37.1170613602351;"T16";13.7553685577586;1;2;2;"S-5";2;"S-3"
-21.5722069593876;1.714252768549;-289.365787555131;37.2579859285413;"T16";13.8434266787954;1;2;2;"S-5";2;"S-3"
-21.4490005855118;1.72455419446494;-289.573959681744;37.2745284939382;"T16";13.8530766940676;1;2;2;"S-5";2;"S-3"
-20.9523048989358;1.99445035801784;-292.501902396487;37.5099425343142;"T16";13.9895838801749;1;2;2;"S-5";2;"S-3"
-20.8808545763954;2.2344166202601;-293.729153608482;37.6267646038168;"T16";14.0481574460864;1;2;2;"S-5";2;"S-3"
-21.0921634540302;2.11434050146716;-295.030001131235;37.7659655792667;"T16";14.1104560228996;1;2;2;"S-5";2;"S-3"
-20.7715564352848;2.10493224258544;-297.438456023414;38.0073961814707;"T16";14.2246432136744;1;2;2;"S-5";2;"S-3"
-21.007974902597;2.05518908943329;-297.955388796049;38.0597807229834;"T16";14.2495297826827;1;2;2;"S-5";2;"S-3"
-20.7534682711609;2.29320017608709;-301.588394770617;38.41519404937;"T16";14.4224643940106;1;2;2;"S-5";2;"S-3"
-20.8141658354283;2.22697833054163;-301.710329210782;38.4286674638375;"T16";14.4283397705294;1;2;2;"S-5";2;"S-3"
-20.8066542508918;1.93876697598705;-304.77337365922;38.7563929977884;"T16";14.5755012985319;1;2;2;"S-5";2;"S-3"
-20.6331180546522;2.25173416033866;-306.248373696968;38.8938337092206;"T16";14.6463920827955;1;2;2;"S-5";2;"S-3"
-20.7176250232044;2.48401975521203;-307.79823219267;39.0629729207164;"T16";14.7215071716346;1;2;2;"S-5";2;"S-3"
-20.5906063834099;2.47277008272885;-308.098080252793;39.0989243632236;"T16";14.7359802620485;1;2;2;"S-5";2;"S-3"
-20.5558930111423;2.48290985418365;-308.134610519896;39.1033113613491;"T16";14.7377543849871;1;2;2;"S-5";2;"S-3"
-20.4622521672631;2.55351592500518;-308.327185765923;39.1265721837212;"T16";14.7471227566712;1;2;2;"S-5";2;"S-3"
-20.7152965551745;2.71322645089663;-310.259879256303;39.3677559774453;"T16";14.8415744071826;1;2;2;"S-5";2;"S-3"
-20.7572223184025;2.72009170897728;-310.378191027666;39.38325209292;"T16";14.8472857312299;1;2;2;"S-5";2;"S-3"
-20.5232283798348;2.89823762677064;-311.526821089744;39.5337721895214;"T16";14.9026221362874;1;2;2;"S-5";2;"S-3"
-20.6149412996613;2.84622339716649;-311.601420606438;39.5443069417651;"T16";14.9062570184469;1;2;2;"S-5";2;"S-3"
-20.6679687704389;2.75922671466293;-311.859569394715;39.5799485237837;"T16";14.9187794304453;1;2;2;"S-5";2;"S-3"
-20.4760777233049;3.00365005160654;-312.765714422122;39.7009212035256;"T16";14.9626223952509;1;2;2;"S-5";2;"S-3"
-20.3305097046839;3.09103782805754;-313.152476149848;39.757655549778;"T16";14.9815108627081;1;2;2;"S-5";2;"S-3"
-20.5084443708041;2.87205254306598;-314.725611137182;39.9968339975947;"T16";15.058888902422;1;2;2;"S-5";2;"S-3"
-21.127399475914;2.74387107642421;-316.691558660459;40.2721500811393;"T16";15.1547492947429;1;2;2;"S-5";2;"S-3"
-21.4678584575635;2.5182766906236;-317.670690234478;40.3993124803275;"T16";15.2010934543796;1;2;2;"S-5";2;"S-3"
-20.823641679078;2.65714293971419;-321.737961937695;40.8764218084373;"T16";15.3905521146953;1;2;2;"S-5";2;"S-3"
-20.6990226716651;2.52875509595419;-321.988380135333;40.9083757267809;"T16";15.4025777825154;1;2;2;"S-5";2;"S-3"
-20.9389483705035;2.64772028187656;-323.52829770081;41.0965041448622;"T16";15.4769734479487;1;2;2;"S-5";2;"S-3"
-20.9094907417649;2.64845904620684;-323.683685381675;41.1161528448303;"T16";15.4843944357708;1;2;2;"S-5";2;"S-3"
-21.1576641368711;2.52510566607605;-325.680803535513;41.3691138425992;"T16";15.579906955827;1;2;2;"S-5";2;"S-3"
-21.3452808838912;2.68436096126108;-327.582961483499;41.5961308602227;"T16";15.6698109232821;1;2;2;"S-5";2;"S-3"
-21.4050985288951;2.78157889059637;-327.764601515802;41.6189737271949;"T16";15.6783205340616;1;2;2;"S-5";2;"S-3"
-21.59947086281;2.59022083293634;-328.745822690792;41.7464827925549;"T16";15.7241610693745;1;2;2;"S-5";2;"S-3"
-21.5259990735448;2.41770089724674;-329.346411992211;41.8185058032321;"T16";15.7519668107852;1;2;2;"S-5";2;"S-3"
-21.4640089068426;2.37343639239477;-329.877157458146;41.8781166851622;"T16";15.7766228308901;1;2;2;"S-5";2;"S-3"
-21.4376060330776;2.5026595240012;-330.889714920993;41.9900827555334;"T16";15.8237974974327;1;2;2;"S-5";2;"S-3"
-21.7922489496967;1.95437786265498;-334.765846786804;42.4425884278221;"T16";16.0046074190177;1;2;2;"S-5";2;"S-3"
-21.746214550157;1.82296477337173;-335.162787378871;42.4781869522202;"T16";16.0228221793659;1;2;2;"S-5";2;"S-3"
-21.5425772944415;1.82923694986646;-335.637572374952;42.5179877332151;"T16";16.0446551744826;1;2;2;"S-5";2;"S-3"
-21.4371368208463;1.65988145378388;-336.574322493533;42.5975296518203;"T16";16.088138835039;1;2;2;"S-5";2;"S-3"
-21.3684141994812;1.67311224376157;-338.354457672037;42.7353658466779;"T16";16.1711786175147;1;2;2;"S-5";2;"S-3"
-21.2305456768398;1.71350003469789;-338.537698816157;42.7497133316586;"T16";16.1797539447434;1;2;2;"S-5";2;"S-3"
-21.1417163761061;1.75909621638258;-338.785060777926;42.7696777139465;"T16";16.1914051743224;1;2;2;"S-5";2;"S-3"
-21.2834620687109;1.81502989590515;-339.022556174411;42.7894385151007;"T16";16.2026386708021;1;2;2;"S-5";2;"S-3"
-21.3002461278513;1.72002423075616;-339.466420580801;42.8272907763881;"T16";16.2234935676679;1;2;2;"S-5";2;"S-3"
-20.7679235613025;2.10057005934077;-341.671615650753;43.0053633174797;"T16";16.3270226563327;1;2;2;"S-5";2;"S-3"
-20.7632515673606;2.17761402909429;-341.789628884825;43.0172997571225;"T16";16.3327051326632;1;2;2;"S-5";2;"S-3"
-20.5766616642578;2.22865385423253;-342.187974778467;43.05907758771;"T16";16.3518902729265;1;2;2;"S-5";2;"S-3"
-20.7643780983292;2.56142903605866;-344.529133546157;43.3126479965604;"T16";16.4656676584855;1;2;2;"S-5";2;"S-3"
-20.4436963311996;2.70288031957353;-345.073134178674;43.3797542209397;"T16";16.4918664027937;1;2;2;"S-5";2;"S-3"
-20.5086558116793;2.86339520129141;-345.580008906524;43.4467686054327;"T16";16.5166600956582;1;2;2;"S-5";2;"S-3"
-20.5547184446559;3.03682642021992;-348.022195132694;43.7877438689939;"T16";16.6357408510521;1;2;2;"S-5";2;"S-3"
-20.5735263999186;3.2004644877394;-349.061442671227;43.9412859566982;"T16";16.6863008984365;1;2;2;"S-5";2;"S-3"
-20.864142094164;3.08495322556851;-349.854367505205;44.0646351445458;"T16";16.7248419253156;1;2;2;"S-5";2;"S-3"
-20.801216445629;3.13414016442974;-350.437664865015;44.1508809658929;"T16";16.7527988553047;1;2;2;"S-5";2;"S-3"
-21.3981604649794;3.06990564171251;-353.414508208822;44.5994049409896;"T16";16.8959079543129;1;2;2;"S-5";2;"S-3"
-21.4295984644943;3.01833813766065;-353.572378263155;44.622053905196;"T16";16.9032856938429;1;2;2;"S-5";2;"S-3"
-21.2747557575153;3.044499236247;-353.967392136415;44.6776912257244;"T16";16.9217187911272;1;2;2;"S-5";2;"S-3"
-21.2287394694898;2.96224948766621;-357.848400279054;45.2330783925999;"T16";17.104141949676;1;2;2;"S-5";2;"S-3"
-20.8545887167007;3.04335450215611;-359.414076220638;45.4515521631445;"T16";17.1778946067207;1;2;2;"S-5";2;"S-3"
-20.8726619650808;3.04334280731597;-361.894511241968;45.8135273232408;"T16";17.2968341386877;1;2;2;"S-5";2;"S-3"
-21.0034916826293;3.17700631806762;-364.109657705689;46.1365072128589;"T16";17.4029608257115;1;2;2;"S-5";2;"S-3"
-21.0123474318585;3.18893462382122;-364.386631319087;46.178402481179;"T16";17.4161478527822;1;2;2;"S-5";2;"S-3"
-21.0965513887641;3.16311958277436;-364.532338014236;46.2005156280604;"T16";17.4230821896344;1;2;2;"S-5";2;"S-3"
-21.0706262212266;3.09660005886358;-364.59056395705;46.2092457572908;"T16";17.4258421640843;1;2;2;"S-5";2;"S-3"
-21.4666584596744;3.33796700681581;-369.15749458146;46.8804150662565;"T16";17.6425861078314;1;2;2;"S-5";2;"S-3"
-21.7106245687655;3.05893712244112;-371.514981964049;47.2469935496682;"T16";17.7524069906212;1;2;2;"S-5";2;"S-3"
-21.7091922741552;2.9573969133396;-372.169975517025;47.3392794296903;"T16";17.7825762541033;1;2;2;"S-5";2;"S-3"
-21.8937708708513;2.60535491316675;-373.715776296994;47.5498605695866;"T16";17.8537811501883;1;2;2;"S-5";2;"S-3"
-21.8689844972228;2.50605721938636;-374.686188505409;47.665339453051;"T16";17.8981048171408;1;2;2;"S-5";2;"S-3"
-22.2447701341059;2.32410120660957;-375.376081043022;47.7443970871495;"T16";17.9296514368616;1;2;2;"S-5";2;"S-3"
-22.2879232815794;2.07058878754486;-378.196544374452;48.039074990866;"T16";18.0564436363056;1;2;2;"S-5";2;"S-3"
-22.1191206121438;2.06433770007635;-378.790044636051;48.094212249351;"T16";18.0830724188127;1;2;2;"S-5";2;"S-3"
-21.6531111052359;2.34727952165139;-380.029318360729;48.2098714346968;"T16";18.139099678956;1;2;2;"S-5";2;"S-3"
-21.5961510318548;2.51540419586195;-383.233325879597;48.5571980243821;"T16";18.287069525104;1;2;2;"S-5";2;"S-3"
-21.5798587421819;2.50508769501022;-383.533098074548;48.5921138867443;"T16";18.3009503409266;1;2;2;"S-5";2;"S-3"
-22.0720439965127;2.16840112719761;-386.955634211962;48.9894173754277;"T16";18.4595489758067;1;2;2;"S-5";2;"S-3"
-22.111922009738;2.16794188306258;-387.241121187674;49.0174641788878;"T16";18.4724833001383;1;2;2;"S-5";2;"S-3"
-21.9297299521652;2.27433210951889;-387.84473517749;49.0766449253262;"T16";18.4997814241797;1;2;2;"S-5";2;"S-3"
-21.7321974314914;2.51040109099952;-389.626574789632;49.2614394965657;"T16";18.5810336610302;1;2;2;"S-5";2;"S-3"
-21.6008617715747;2.19052167682053;-391.474330364252;49.474883517818;"T16";18.6660575331189;1;2;2;"S-5";2;"S-3"
-21.6077813371614;2.3707634298859;-392.266626334025;49.5552294556143;"T16";18.7027364387177;1;2;2;"S-5";2;"S-3"
-21.5127610594798;2.39458673809804;-392.383992696771;49.5681066629664;"T16";18.7081681098789;1;2;2;"S-5";2;"S-3"
-21.4499713780346;2.35076311547107;-395.158569213277;49.8769449432734;"T16";18.8371416297741;1;2;2;"S-5";2;"S-3"
-21.3103533194649;2.46132805335582;-395.620929488884;49.9276163154071;"T16";18.8586969161406;1;2;2;"S-5";2;"S-3"
-21.2231129569231;2.50347649639943;-395.813054578606;49.9498066031981;"T16";18.8677124911919;1;2;2;"S-5";2;"S-3"
-20.8033145929771;2.77982882892545;-396.871081017437;50.0746113068039;"T16";18.9175650477409;1;2;2;"S-5";2;"S-3"
-20.9877151695842;2.682204468268;-398.115172295659;50.2408521616236;"T16";18.9773675985634;1;2;2;"S-5";2;"S-3"
-21.1202436902872;2.79286988126357;-399.843865861122;50.4617770964287;"T16";19.059734523762;1;2;2;"S-5";2;"S-3"
-21.2024263764987;3.07020308549319;-404.185650605396;51.0359200855453;"T16";19.2653090809472;1;2;2;"S-5";2;"S-3"
-20.6839387755835;3.47075216071274;-405.82771476215;51.2736980809088;"T16";19.3427560734563;1;2;2;"S-5";2;"S-3"
-20.6562537469189;3.50382295242896;-405.926201400296;51.2902240780052;"T16";19.3475175765343;1;2;2;"S-5";2;"S-3"
-20.6504868814602;3.75715060758507;-406.5992481108;51.4043898188609;"T16";19.3801007699221;1;2;2;"S-5";2;"S-3"
-20.58626278041;3.7778213465735;-406.768474489923;51.4351788746729;"T16";19.3882955587469;1;2;2;"S-5";2;"S-3"
-20.7143663014577;3.64191657313966;-407.337207042554;51.5395479872575;"T16";19.4159223581664;1;2;2;"S-5";2;"S-3"
-20.7943734741036;3.58041275402404;-407.488610680316;51.5661671659267;"T16";19.4232314708643;1;2;2;"S-5";2;"S-3"
-20.9019670297533;3.72368857666426;-408.927479715315;51.8139142332138;"T16";19.4924265844747;1;2;2;"S-5";2;"S-3"
-21.3010779173651;3.28299745656172;-412.130705733818;52.3845694311955;"T16";19.6456765639596;1;2;2;"S-5";2;"S-3"
-21.4439397838071;2.99656601583916;-413.140308386239;52.5401729622888;"T16";19.6930733509362;1;2;2;"S-5";2;"S-3"
-21.6017640081264;2.83629118750876;-413.596373531883;52.603903290308;"T16";19.7143411380239;1;2;2;"S-5";2;"S-3"
-20.505150698315;3.04450401824552;-421.662722239995;53.6630072480952;"T16";20.0877527124248;1;2;2;"S-5";2;"S-3"
-20.4759286458287;3.25815646224428;-422.829489715126;53.8362431495844;"T16";20.1446539023891;1;2;2;"S-5";2;"S-3"
-20.4428443472154;3.21058253745624;-423.722553308896;53.9783485929841;"T16";20.1882691937499;1;2;2;"S-5";2;"S-3"
-20.7177845422362;3.1710618885581;-426.957087607824;54.4863375577563;"T16";20.3464924939908;1;2;2;"S-5";2;"S-3"
-21.1102731584556;3.00239460480939;-428.084626042328;54.658918470076;"T16";20.4009161912836;1;2;2;"S-5";2;"S-3"
-20.7833984351202;3.15003806100805;-430.264754371986;54.9689857764355;"T16";20.5041895271279;1;2;2;"S-5";2;"S-3"
-21.1227729598685;2.82079523168618;-432.570627321555;55.318475662686;"T16";20.6151373567991;1;2;2;"S-5";2;"S-3"
-21.5454940972448;2.72405317618533;-435.42295862974;55.6993841053704;"T16";20.7501731929369;1;2;2;"S-5";2;"S-3"
-21.6260313337908;2.4479049635887;-437.042619244282;55.9041620334825;"T16";20.8253471762873;1;2;2;"S-5";2;"S-3"
-21.646630035395;2.50723033853959;-437.277634061863;55.9307639526971;"T16";20.8362143952399;1;2;2;"S-5";2;"S-3"
-21.2698816155307;2.66500030399514;-437.940370720605;56.0075257144375;"T16";20.8668305538595;1;2;2;"S-5";2;"S-3"
-21.1520371327998;2.42385348612146;-439.649257277513;56.2216398912803;"T16";20.947173575405;1;2;2;"S-5";2;"S-3"
-21.4618357850218;2.33479397388542;-440.057718536761;56.2684462693591;"T16";20.9664843045175;1;2;2;"S-5";2;"S-3"
-21.9590709610523;2.33183490183807;-441.684196533471;56.445387844321;"T16";21.0422689677216;1;2;2;"S-5";2;"S-3"
-22.0848197829624;2.40997989483966;-442.333314170097;56.5143176803403;"T16";21.0718293092214;1;2;2;"S-5";2;"S-3"
-21.9359007247099;2.47909293873489;-442.745803897203;56.5593301350003;"T16";21.0905068321154;1;2;2;"S-5";2;"S-3"
-21.855229033504;2.54663272461346;-442.839593227549;56.5699297666045;"T16";21.0947824409232;1;2;2;"S-5";2;"S-3"
-21.8774102263237;2.55330909243672;-445.223357901711;56.8476927274819;"T16";21.203853120096;1;2;2;"S-5";2;"S-3"
-21.196973418357;2.3198207099604;-450.271713427198;57.4368855035797;"T16";21.4346096618101;1;2;2;"S-5";2;"S-3"
-20.7682474284729;2.54128764875826;-451.135398211884;57.5314081418285;"T16";21.4753553271294;1;2;2;"S-5";2;"S-3"
-20.8114473248028;2.16113828916224;-455.546394067923;58.0711556253984;"T16";21.6877466649748;1;2;2;"S-5";2;"S-3"
-20.7762788781064;2.23670821699754;-456.018674333648;58.1201989691671;"T16";21.7104399576783;1;2;2;"S-5";2;"S-3"
-20.6277297258877;2.24348009949164;-456.330464559257;58.1537653148872;"T16";21.7254469869658;1;2;2;"S-5";2;"S-3"
-21.0480291729886;2.27190836881739;-459.314270373862;58.4782852235135;"T16";21.8700972152874;1;2;2;"S-5";2;"S-3"
-20.6373615704128;2.63972478363877;-460.458401435788;58.6017818660376;"T16";21.9244553241879;1;2;2;"S-5";2;"S-3"
-20.4197553399208;2.85565803287809;-462.804807069839;58.901910595359;"T16";22.038152301684;1;2;2;"S-5";2;"S-3"
-20.6947146492665;2.92484487610158;-464.3451589147;59.1173254250673;"T16";22.1135866944678;1;2;2;"S-5";2;"S-3"
-20.5625451573456;2.9468501899228;-464.655777864621;59.1612261146634;"T16";22.1285962732509;1;2;2;"S-5";2;"S-3"
-20.5975464910696;2.98478325557277;-465.017456877081;59.2130588940399;"T16";22.1461854875088;1;2;2;"S-5";2;"S-3"
-20.3446617057142;3.07392819805704;-467.536743268104;59.5781278035422;"T16";22.2684955107979;1;2;2;"S-5";2;"S-3"
-20.8478701565632;3.036544789854;-468.868001962037;59.7792711647534;"T16";22.333930793684;1;2;2;"S-5";2;"S-3"
-20.9890568859546;3.04230131759811;-469.260976142597;59.8365088437855;"T16";22.3527804017067;1;2;2;"S-5";2;"S-3"
-20.9706982061341;3.33428606849755;-469.792836296643;59.913600389929;"T16";22.3781202803366;1;2;2;"S-5";2;"S-3"
-21.0187831834601;3.37376030943957;-470.796857009954;60.0732370526652;"T16";22.4259975948371;1;2;2;"S-5";2;"S-3"
-20.9310795460243;3.42741808116304;-470.934665668078;60.0953569526146;"T16";22.4325540475547;1;2;2;"S-5";2;"S-3"
-20.9606672130184;3.31718388383075;-471.735674210371;60.2265203336042;"T16";22.4708229070529;1;2;2;"S-5";2;"S-3"
-20.715221488206;3.4181265190378;-473.918953687707;60.5720407992705;"T16";22.574983688537;1;2;2;"S-5";2;"S-3"
-20.743382942581;3.4095712064047;-474.164259710101;60.6125176544614;"T16";22.5868255132809;1;2;2;"S-5";2;"S-3"
-20.8220335889975;3.31147826455725;-474.705453137848;60.7014731316586;"T16";22.6129154441878;1;2;2;"S-5";2;"S-3"
-20.96125787208;3.36189867219891;-475.485075522765;60.8254621057028;"T16";22.6503576268442;1;2;2;"S-5";2;"S-3"
-21.0935846835557;3.19686105170469;-476.23633077313;60.9459531584869;"T16";22.6861978066154;1;2;2;"S-5";2;"S-3"
-21.1058802026565;3.16268118386508;-476.419357935133;60.9736920380747;"T16";22.694874717854;1;2;2;"S-5";2;"S-3"
-21.1232007500576;3.07633589224952;-476.933303299429;61.0507058995003;"T16";22.7192255319096;1;2;2;"S-5";2;"S-3"
-21.0628315234211;2.98394282220457;-479.240394885313;61.3867055775957;"T16";22.8284462704323;1;2;2;"S-5";2;"S-3"
-20.9954859587806;2.97839863708613;-479.618279427125;61.4402399689669;"T16";22.8463870938867;1;2;2;"S-5";2;"S-3"
-21.4480170622266;2.94132317076951;-481.121800844788;61.6535280133583;"T16";22.9179987451062;1;2;2;"S-5";2;"S-3"
-22.0614906069426;2.74643772066788;-484.885158748668;62.1696247588275;"T16";23.0934628867544;1;2;2;"S-5";2;"S-3"
-21.6964626389732;2.00713154934245;-491.193099315656;62.954901067739;"T16";23.3793882885948;1;2;2;"S-5";2;"S-3"
-21.2725079505121;1.94193272499409;-494.182989603015;63.2314946869243;"T16";23.5171937150881;1;2;2;"S-5";2;"S-3"
-21.3821742754425;1.96242412352865;-494.54350266656;63.2644053393736;"T16";23.5341410851106;1;2;2;"S-5";2;"S-3"
-21.3057909921947;2.33824612555409;-497.116708123555;63.5005703055063;"T16";23.6544845742173;1;2;2;"S-5";2;"S-3"
-20.8624528783109;2.59760171655594;-500.505298448286;63.8724578454148;"T16";23.8135300809518;1;2;2;"S-5";2;"S-3"
-20.9373389749647;2.50782530855761;-500.667922142456;63.8927062596159;"T16";23.8213251228444;1;2;2;"S-5";2;"S-3"
-15.6878833147856;-1.17470220496848;-504.052997437099;64.2981626313845;"T16";23.9830016042106;3;2;1;"S-6-NA";3;"S-4"
-14.0825033025407;-2.01335456313787;-505.143194736839;64.2165291091203;"T16";24.0524945547804;3;2;1;"S-6-NA";3;"S-4"
-12.6987301505117;-2.37302725678309;-505.919037064045;64.1056080849106;"T16";24.1075871977955;3;2;1;"S-6-NA";3;"S-4"
-10.2926903448827;-2.77420634176436;-507.273963156235;63.8524113865332;"T16";24.2142849601805;3;2;1;"S-6-NA";3;"S-4"
-10.1513450682516;-2.84903731254411;-507.388724292234;63.8214796222803;"T16";24.2254347307608;3;2;1;"S-6-NA";3;"S-4"
-9.66302423818661;-3.03081003275333;-507.579626457819;63.7679017575599;"T16";24.2442403337918;3;2;1;"S-6-NA";3;"S-4"
-6.44489705335137;-2.11824169738296;-509.30917652685;63.2254279344421;"T16";24.4232267490588;3;2;7;"S-7-NA";3;"S-4"
-5.90743262323327;-1.9581077901166;-509.57090563905;63.1394055334181;"T16";24.4638370350003;3;2;7;"S-7-NA";3;"S-4"
-5.85904949155517;-1.92167338590861;-509.586881411608;63.1341101222484;"T16";24.4665413862094;3;2;7;"S-7-NA";3;"S-4"
-5.76438885375877;-1.76755912640729;-509.690100165289;63.1002560419641;"T16";24.4841583655216;3;2;7;"S-7-NA";3;"S-4"
-5.58592241392991;-1.88010698895372;-509.830623480177;63.0571667789037;"T16";24.5085361995734;3;2;7;"S-7-NA";3;"S-4"
-5.24302246421651;-1.59641555382229;-510.07188111119;62.9759644054021;"T16";24.5517264935188;3;2;7;"S-7-NA";3;"S-4"
-4.67372439863799;-0.973078919441311;-510.52631490689;62.8375966634006;"T16";24.6384005062282;3;2;7;"S-7-NA";3;"S-4"
-4.25398879102369;-0.475671859271097;-510.782057068336;62.784350625575;"T16";24.6931196423247;3;2;7;"S-7-NA";3;"S-4"
-4.05261861330957;0.287636805410986;-511.220759019871;62.7352959187567;"T16";24.7962468420155;3;2;7;"S-7-NA";3;"S-4"
-3.99097705164076;0.266267612737138;-511.243513066169;62.7369108995412;"T16";24.8018614947796;3;2;7;"S-7-NA";3;"S-4"
-3.48467318903045;0.664947915495813;-511.884836089617;62.7796983042888;"T16";24.9625547323376;3;2;7;"S-7-NA";3;"S-4"
-3.36620691392369;0.848397655287687;-511.939693376645;62.7901662123766;"T16";24.9782971804962;3;2;7;"S-7-NA";3;"S-4"
-3.48623054365437;0.824561793969661;-511.995110185668;62.8041331169789;"T16";24.9947598669678;3;2;7;"S-7-NA";3;"S-4"
-3.74051404939205;1.43472885678615;-512.454427276413;62.9127706036865;"T16";25.12651165016;3;2;3;"S-8";3;"S-4"
-3.77732321175342;1.51330392810654;-512.478221786262;62.9218973358583;"T16";25.1328729442321;3;2;3;"S-8";3;"S-4"
-3.67383648779089;1.87289919862364;-512.667311496784;62.9976520927737;"T16";25.1829321263358;3;2;3;"S-8";3;"S-4"
-4.51895249806991;1.44631295723561;-513.147734540841;63.2425687996561;"T16";25.3137008869089;3;2;3;"S-8";3;"S-4"
-4.40109875604889;1.56643867900068;-513.162912339592;63.2474265287438;"T16";25.3170595853589;3;2;3;"S-8";3;"S-4"
-4.07395989657791;1.99402370361031;-513.412051266133;63.336100033387;"T16";25.3736679325812;3;2;3;"S-8";3;"S-4"
-3.60906034064108;2.25782118988249;-513.658431581852;63.4566923323094;"T16";25.4341447958723;3;2;3;"S-8";3;"S-4"
-3.74680302336108;2.29050860533227;-513.731340197652;63.5023038217666;"T16";25.4543463466689;3;2;3;"S-8";3;"S-4"
-3.87196334208398;2.21487847391595;-513.815002017345;63.5534482552342;"T16";25.4766752012074;3;2;3;"S-8";3;"S-4"
-3.68228046551056;2.33363831626215;-513.899227282089;63.6016276178365;"T16";25.4984277999029;3;2;3;"S-8";3;"S-4"
-3.86499282395098;2.37967545050575;-514.076244382496;63.7138118721358;"T16";25.5465004825965;3;2;3;"S-8";3;"S-4"
-3.88061317435665;2.5063891053271;-514.85193005186;64.191401412084;"T16";25.7471957243979;3;2;3;"S-8";3;"S-4"
-3.94980296399733;2.31220089329414;-514.959178412547;64.260670393741;"T16";25.774832686875;3;2;3;"S-8";3;"S-4"
-4.00609070235555;2.36168013514583;-515.007869232141;64.2891738298836;"T16";25.7871600915678;3;2;3;"S-8";3;"S-4"
-4.28542272253994;2.10418853057694;-515.602323426983;64.6396178830816;"T16";25.9355476940982;3;2;3;"S-8";3;"S-4"
-4.36874242297344;2.07009806265195;-515.717263230907;64.6960545598769;"T16";25.9623688063584;3;2;3;"S-8";3;"S-4"
-4.3798242635299;2.0388449163066;-515.729912794592;64.7020484672173;"T16";25.9652642766014;3;2;3;"S-8";3;"S-4"
-4.53242459819848;2.00282280837204;-515.822503290472;64.7451501193533;"T16";25.986404507421;3;2;3;"S-8";3;"S-4"
-4.53129565233097;2.03692437716484;-515.961079824468;64.8063853891255;"T16";26.0169789893553;3;2;3;"S-8";3;"S-4"
-4.56369486347975;1.79217969064725;-516.178817148867;64.9042634571035;"T16";26.0650308802724;3;2;3;"S-8";3;"S-4"
-4.47403354011949;1.81918634058123;-516.250170078502;64.9322840139516;"T16";26.0806657839566;3;2;3;"S-8";3;"S-4"
-4.41013652242255;1.84752074617419;-516.260296992508;64.9364017174659;"T16";26.082929270342;3;2;3;"S-8";3;"S-4"
-4.40222867618322;1.89702445862903;-516.335647136069;64.9679678498857;"T16";26.1000149417669;3;2;3;"S-8";3;"S-4"
-4.27056222056904;2.16723814286515;-516.434939058074;65.0107550875425;"T16";26.1225698632188;3;2;3;"S-8";3;"S-4"
-4.06751501022106;2.55450193204264;-516.755758016945;65.1735652864598;"T16";26.1976932175457;3;2;3;"S-8";3;"S-4"
-3.98945299803701;2.60331525129043;-516.805657998656;65.2049037325058;"T16";26.2099611456506;3;2;3;"S-8";3;"S-4"
-4.48848617425861;2.40202443078509;-517.282668961495;65.516176960992;"T16";26.3295291573741;3;2;3;"S-8";3;"S-4"
-4.46320724095371;2.45529723038557;-517.358042504819;65.5565132983381;"T16";26.3463217997923;3;2;3;"S-8";3;"S-4"
-4.49029189395445;2.37089752990019;-517.500137193345;65.6346823539873;"T16";26.3781587011181;3;2;3;"S-8";3;"S-4"
-4.69648096972486;2.25146729787579;-517.749677421003;65.7664408951548;"T16";26.4337319764309;3;2;3;"S-8";3;"S-4"
-4.39036809733116;2.4943545415379;-517.952321401798;65.8635873115487;"T16";26.4768800232559;3;2;3;"S-8";3;"S-4"
-4.52894425328636;2.35384168966678;-518.035387798703;65.9107808588268;"T16";26.4958001673222;3;2;3;"S-8";3;"S-4"
-4.19921266213279;2.26675911473763;-519.553893948324;66.6999985839955;"T16";26.8310893792659;3;2;3;"S-8";3;"S-4"
-4.05855794469792;2.55870794773389;-520.365806068655;67.1382734100651;"T16";27.0244380342774;3;2;3;"S-8";3;"S-4"
-4.18800937422785;2.47180626103313;-520.476314214083;67.2079430005572;"T16";27.0516664604656;3;2;3;"S-8";3;"S-4"
-4.58697175422595;1.99601582825148;-520.945004445064;67.4845688014814;"T16";27.1635788725689;3;2;3;"S-8";3;"S-4"
-4.4584505835671;1.99512752633523;-520.999700414691;67.508369693871;"T16";27.1755030727945;3;2;3;"S-8";3;"S-4"
-4.2685636498764;2.00779495332855;-521.069554642384;67.5396290046762;"T16";27.1911708987318;3;2;3;"S-8";3;"S-4"
-4.60763671967439;1.84441469580663;-521.274795553301;67.6361677233076;"T16";27.2392528597265;3;2;3;"S-8";3;"S-4"
-4.4641970788485;1.93555438323146;-521.334982582337;67.6602602999594;"T16";27.2523153107613;3;2;3;"S-8";3;"S-4"
-4.17999466854934;2.19983679728082;-522.247397459898;68.0558585641926;"T16";27.4567003012635;3;2;3;"S-8";3;"S-4"
-4.24039286779422;2.21192145027446;-522.27766411206;68.0717872197141;"T16";27.4639411363751;3;2;3;"S-8";3;"S-4"
-4.15834341338206;2.17729403912904;-522.317913250222;68.0927824281376;"T16";27.4734329781495;3;2;3;"S-8";3;"S-4"
-3.98068361112285;2.17231096390856;-522.391376488845;68.1312475224426;"T16";27.491099445615;3;2;3;"S-8";3;"S-4"
-4.24588649986224;2.04832400078694;-522.716431207275;68.3086341217551;"T16";27.5727574597113;3;2;3;"S-8";3;"S-4"
-4.2957157140077;2.18662257192861;-523.296305683917;68.588380367442;"T16";27.7093306998722;3;2;3;"S-8";3;"S-4"
-4.29777828364102;2.25275808977329;-523.811749236702;68.8507535276119;"T16";27.8293208451942;3;2;3;"S-8";3;"S-4"
-4.34669031433332;1.81152278008151;-524.301449428047;69.1074387251277;"T16";27.9432634823024;3;2;3;"S-8";3;"S-4"
-4.15101433136439;1.90003196136639;-524.551835270003;69.2117893053883;"T16";28.0008672736585;3;2;3;"S-8";3;"S-4"
-4.08475327026199;2.00864205864007;-524.760340567861;69.3072278412301;"T16";28.0510972370394;3;2;3;"S-8";3;"S-4"
-3.47211086927109;2.25534169479401;-525.228840512957;69.5376086333924;"T16";28.1657920335419;3;2;3;"S-8";3;"S-4"
-3.43804199804639;2.23581616212016;-525.237516531212;69.5432442212099;"T16";28.1682908069342;3;2;3;"S-8";3;"S-4"
-3.7283565652035;2.52257170831976;-525.556307260432;69.7505591595175;"T16";28.2610153080896;3;2;3;"S-8";3;"S-4"
-3.39301208872449;2.74759127930031;-526.190817050186;70.1798626384876;"T16";28.4312001545914;3;2;3;"S-8";3;"S-4"
-3.745460626432;2.59436647751342;-527.107849381134;70.9224565254126;"T16";28.7014710251242;3;2;3;"S-8";3;"S-4"
-3.68869934023015;2.29683090346914;-527.37497583572;71.1074868829994;"T16";28.7727910792455;3;2;3;"S-8";3;"S-4"
-3.59953325283898;2.32863062656275;-527.81428961678;71.3810330236821;"T16";28.8918882841244;3;2;3;"S-8";3;"S-4"
-3.97905019456979;2.37025763364053;-528.425036335012;71.7761407816189;"T16";29.0615621488541;3;2;3;"S-8";3;"S-4"
-3.84449383849965;2.31261524770673;-528.673287507515;71.9240201015349;"T16";29.1239517042413;3;2;3;"S-8";3;"S-4"
-3.7659021844523;2.28199884173718;-528.710168612984;71.9462055466008;"T16";29.1335449321195;3;2;3;"S-8";3;"S-4"
-3.9769608835274;2.29006613804434;-529.066726464549;72.1622665498956;"T16";29.2282255250029;3;2;3;"S-8";3;"S-4"
-4.29579887703944;2.11266039859476;-529.304696096934;72.2992973663832;"T16";29.2880625813268;3;2;3;"S-8";3;"S-4"
-3.82075127758068;2.22931181767789;-529.501163679142;72.39591950639;"T16";29.333797399886;3;2;3;"S-8";3;"S-4"
-3.78250615814226;2.21761747486269;-529.546240080595;72.4222204475287;"T16";29.3455951847136;3;2;3;"S-8";3;"S-4"
-3.39011820812607;2.31654272165711;-529.754098258764;72.5440840768072;"T16";29.4005476869643;3;2;3;"S-8";3;"S-4"
-3.44212024900355;2.36392497955475;-530.131874636327;72.8022270276227;"T16";29.5119822607376;3;2;3;"S-8";3;"S-4"
-2.73062775803448;2.79194378259912;-530.517255951373;73.066893120434;"T16";29.6239427058026;3;2;3;"S-8";3;"S-4"
-2.82903693422212;2.69124764514974;-530.571875598006;73.1227392467965;"T16";29.6439453028142;3;2;3;"S-8";3;"S-4"
-3.0610211034617;3.15165395153002;-530.980190808416;73.5111673140307;"T16";29.7882754122838;3;2;3;"S-8";3;"S-4"
-3.02143120046878;3.20866675209151;-531.026598522334;73.5589490999145;"T16";29.8034362727776;3;2;3;"S-8";3;"S-4"
-3.07108879399334;3.23835267934011;-531.07228389482;73.6074655565299;"T16";29.8185567138717;3;2;3;"S-8";3;"S-4"
-3.36727263128633;3.07649545315444;-531.437402343885;73.9924698293199;"T16";29.9374456400983;3;2;3;"S-8";3;"S-4"
-3.61909345117332;3.37767363357394;-531.927673994557;74.4404046030266;"T16";30.0830446765758;3;2;3;"S-8";3;"S-4"
-3.6092770122115;3.35584214695664;-531.995218715877;74.5034436008776;"T16";30.1017081132159;3;2;3;"S-8";3;"S-4"
-3.75918792676249;3.3003800868871;-532.015941039728;74.5227108523314;"T16";30.1074495189823;3;2;3;"S-8";3;"S-4"
-3.586892501292;3.24148449280249;-532.244109817329;74.7230316941501;"T16";30.1681458135135;3;2;3;"S-8";3;"S-4"
-3.42711515677282;3.32803888872953;-532.817527011763;75.241230369743;"T16";30.3280104300939;3;2;3;"S-8";3;"S-4"
-3.20265931567349;3.41556501957594;-532.962974487551;75.382473028232;"T16";30.3704506368376;3;2;3;"S-8";3;"S-4"
-3.54456537082327;3.383362993012;-533.054294818888;75.4798641331064;"T16";30.3989645442925;3;2;3;"S-8";3;"S-4"
-3.45959635079721;3.33649470754651;-533.063199462114;75.488363804351;"T16";30.4014767403714;3;2;3;"S-8";3;"S-4"
-3.1925136723748;3.16530105064519;-533.466036478688;75.8768668080306;"T16";30.5179172079079;3;2;3;"S-8";3;"S-4"
-3.32670586253033;3.10967138883104;-533.578191675954;75.9880660072111;"T16";30.5530478945002;3;2;3;"S-8";3;"S-4"
-3.3007268892324;3.11626508750941;-533.608110801411;76.0160332072756;"T16";30.5620415136218;3;2;3;"S-8";3;"S-4"
-3.47874915033425;2.99892695574834;-533.657889830762;76.0630303253229;"T16";30.5771227460355;3;2;3;"S-8";3;"S-4"
-3.92269335210502;3.2023854155759;-534.131005828573;76.4708896614572;"T16";30.7131245033816;3;2;3;"S-8";3;"S-4"
-4.14390746014792;2.77349614154345;-534.447740977644;76.7294640466921;"T16";30.7938688085414;3;2;3;"S-8";3;"S-4"
-4.13780706189079;2.72587468766413;-534.46249730809;76.7393403834461;"T16";30.7974297786132;3;2;3;"S-8";3;"S-4"
-4.20506085186313;2.67023960270515;-534.838607180501;76.9871113320792;"T16";30.8883257210255;3;2;3;"S-8";3;"S-4"
-4.30601187185715;2.47418945164676;-535.11047039985;77.1597461548318;"T16";30.9529771562666;3;2;3;"S-8";3;"S-4"
-4.31831885674384;2.38866036447258;-535.138704066946;77.1759689250866;"T16";30.9595339582302;3;2;3;"S-8";3;"S-4"
-4.75506133710124;2.04931728573636;-535.785207371221;77.5335795762799;"T16";31.1092457617633;3;2;3;"S-8";3;"S-4"
-4.24976300130524;2.07663565559257;-536.298019620391;77.754589345042;"T16";31.2170913210139;3;2;3;"S-8";3;"S-4"
-4.11408833347247;2.26488995698839;-536.468942629809;77.8381104297731;"T16";31.2573107425123;3;2;3;"S-8";3;"S-4"
-4.40976103721647;2.143115720284;-536.761361515373;77.9990930201948;"T16";31.328388187103;3;2;3;"S-8";3;"S-4"
-4.56309691639425;2.05398982111661;-537.305262708388;78.2634255287356;"T16";31.4517284743488;3;2;3;"S-8";3;"S-4"
-4.33545960305005;2.1944405767905;-537.697805976814;78.4401212887571;"T16";31.5377541002817;3;2;3;"S-8";3;"S-4"
-4.01090559304248;2.3843683516817;-538.321410061577;78.755765357149;"T16";31.6815921571106;3;2;3;"S-8";3;"S-4"
-3.96584627967509;2.33572470696188;-538.368650811332;78.7838486281244;"T16";31.6933702328242;3;2;3;"S-8";3;"S-4"
-3.83172243283969;2.26138059748456;-538.627904127165;78.9365384533091;"T16";31.7587417317554;3;2;3;"S-8";3;"S-4"
-4.29137111385258;2.04399887506662;-539.075468550678;79.2006790640127;"T16";31.8755467538722;3;2;3;"S-8";3;"S-4"
-4.02567644269938;2.22778834820882;-539.22981670645;79.2741957672754;"T16";31.9115138496272;3;2;3;"S-8";3;"S-4"
-4.22241797493657;2.47055270775593;-539.430771381524;79.3854030364188;"T16";31.9614320877008;3;2;3;"S-8";3;"S-4"
-4.26360438179367;2.52082456295089;-539.439016661638;79.3902273809608;"T16";31.9633848266676;3;2;3;"S-8";3;"S-4"
-4.02397630643947;2.22448012391154;-539.757572129543;79.578570945759;"T16";32.0380998891778;3;2;3;"S-8";3;"S-4"
-3.96592315178709;2.13834019254478;-539.772776973301;79.5869762817131;"T16";32.0418784511276;3;2;3;"S-8";3;"S-4"
-3.83389562708607;2.23771961122305;-540.007120955352;79.7133295005026;"T16";32.1009678416885;3;2;3;"S-8";3;"S-4"
-3.99556596730262;2.36310692519544;-540.184309651624;79.8167487531643;"T16";32.1471842005849;3;2;3;"S-8";3;"S-4"
-4.19853468022995;2.28473129921201;-540.266725129915;79.86549193225;"T16";32.1678109350614;3;2;3;"S-8";3;"S-4"
-4.05695485894645;2.20238528791586;-541.00637889401;80.2679919076261;"T16";32.3439804371446;3;2;3;"S-8";3;"S-4"
-3.98963396651136;2.25435924257021;-541.89028599787;80.747835551223;"T16";32.5618549599312;3;2;3;"S-8";3;"S-4"
-3.68999860362426;2.23176484202421;-542.274764888297;80.9650869450806;"T16";32.6582244248129;3;2;3;"S-8";3;"S-4"
-3.83528841821116;2.74374136361252;-542.731800985057;81.2415090259136;"T16";32.7820824924856;3;2;3;"S-8";3;"S-4"
-4.19697089728834;2.700586983402;-543.266632366255;81.6241240532957;"T16";32.9215325997211;3;2;3;"S-8";3;"S-4"
-4.17128267267411;2.83056702968949;-543.300561298894;81.6459559973541;"T16";32.929616747424;3;2;3;"S-8";3;"S-4"
-4.10596133714398;2.82294033883566;-543.384320807145;81.7027938865798;"T16";32.9496967839077;3;2;3;"S-8";3;"S-4"
-4.05428777985314;2.85847171673096;-543.898622192368;82.0563876025098;"T16";33.0749540240504;3;2;3;"S-8";3;"S-4"
-4.17651306256629;2.85788997009229;-544.017413209669;82.1401410955015;"T16";33.1042541190982;3;2;3;"S-8";3;"S-4"
-4.02871118708514;2.82842073150816;-544.137541774186;82.2223422557787;"T16";33.1330170040019;3;2;3;"S-8";3;"S-4"
-4.00836015535772;2.80323975925911;-544.491595394628;82.4709112282414;"T16";33.2208996056579;3;2;3;"S-8";3;"S-4"
-3.95021938699929;3.06445640722396;-544.780447446301;82.6729194122394;"T16";33.2929620053619;3;2;3;"S-8";3;"S-4"
-3.75097909995926;3.06512697794297;-544.823714082631;82.7064843128009;"T16";33.3039149758406;3;2;3;"S-8";3;"S-4"
-3.90547137629393;3.34123402722198;-545.452557897321;83.2203464511798;"T16";33.4715628880076;3;2;3;"S-8";3;"S-4"
-4.82693853481668;2.55189444968439;-546.086347801265;83.7625704720809;"T16";33.6338454508223;3;2;3;"S-8";3;"S-4"
-4.6250485216472;2.54287725731713;-546.270741291745;83.8600551865676;"T16";33.6720463703386;3;2;3;"S-8";3;"S-4"
-4.29711091282503;2.52272154663885;-546.497578119906;83.984771329275;"T16";33.72109165648;3;2;3;"S-8";3;"S-4"
-4.54470740861584;2.64690693670933;-546.851062155668;84.192292571221;"T16";33.8033525156789;3;2;3;"S-8";3;"S-4"
-4.29165473976853;2.67030576253538;-546.979413659162;84.2670464452087;"T16";33.8315944885835;3;2;3;"S-8";3;"S-4"
-4.30097751403207;2.78010390672592;-547.071883385487;84.3245819316446;"T16";33.8531408924609;3;2;3;"S-8";3;"S-4"
-4.47623686836665;2.76178420190269;-547.095942155392;84.3401332522418;"T16";33.8587346835993;3;2;3;"S-8";3;"S-4"
-5.08886170572637;2.4496865652167;-548.147390896394;84.9888644537854;"T16";34.093630372081;3;2;3;"S-8";3;"S-4"
-5.08081129750122;2.44596730793348;-548.172406367037;85.0009064517608;"T16";34.0985461021774;3;2;3;"S-8";3;"S-4"
-4.91391767188188;2.56970261076454;-548.309016464113;85.0666722934375;"T16";34.1254335595295;3;2;3;"S-8";3;"S-4"
-4.53447661702268;2.63400061543205;-549.42155054085;85.6484650527903;"T16";34.351838263683;3;2;3;"S-8";3;"S-4"
-4.03725998724408;2.55890479211348;-549.858861804582;85.9024917542359;"T16";34.4482796615921;3;2;3;"S-8";3;"S-4"
-3.92517047637166;2.43890417995534;-550.0166253553;86.0024857866315;"T16";34.4873565481976;3;2;3;"S-8";3;"S-4"
-3.89472670710769;2.64015543359666;-550.725435889467;86.4429051225513;"T16";34.6679373760708;3;2;3;"S-8";3;"S-4"
-4.173825446477;2.96635414438338;-551.316431479569;86.8435289238548;"T16";34.8196798819117;3;2;3;"S-8";3;"S-4"
-4.12229579007548;3.17837494634093;-551.465278905497;86.9493153743054;"T16";34.8553419928066;3;2;3;"S-8";3;"S-4"
-4.31873715072256;3.08385971603871;-551.606957627848;87.0585525868879;"T16";34.889710880816;3;2;3;"S-8";3;"S-4"
-4.47258613499733;2.94727272011732;-551.688337634462;87.1166632139832;"T16";34.9085543537512;3;2;3;"S-8";3;"S-4"
-4.319305887161;2.89244310981247;-551.976114140151;87.3062975371933;"T16";34.9728966597468;3;2;3;"S-8";3;"S-4"
-4.43105526356735;2.94504731541372;-552.207249751998;87.4610785657625;"T16";35.0264088716358;3;2;3;"S-8";3;"S-4"
-4.50916696488709;2.92103524252486;-552.280734539997;87.5099193417733;"T16";35.0429929094389;3;2;3;"S-8";3;"S-4"
-4.73498099088441;2.76805985520871;-552.559951686087;87.6907960159786;"T16";35.1049150223844;3;2;3;"S-8";3;"S-4"
-4.79733319366192;2.73171560828089;-552.570960793646;87.6972319169325;"T16";35.1072400808334;3;2;3;"S-8";3;"S-4"
-4.75582162458985;2.79862553516168;-552.684732231695;87.7620160794138;"T16";35.1309556397609;3;2;3;"S-8";3;"S-4"
-4.94768606648934;2.52341368219489;-553.31206786092;88.1311799483843;"T16";35.2628646302037;3;2;3;"S-8";3;"S-4"
-4.77922265893296;2.09822872197718;-554.83356859578;88.9071741647148;"T16";35.5703822686337;3;2;3;"S-8";3;"S-4"
-4.56955263106477;2.40683686167686;-555.7167469037;89.2949171565256;"T16";35.7551776571199;3;2;3;"S-8";3;"S-4"
-4.62493069304903;2.59554851217131;-555.936735992197;89.4107879846152;"T16";35.8033200260252;3;2;3;"S-8";3;"S-4"
-4.44447036948707;2.34511400548671;-556.949654675604;89.9792461424035;"T16";36.0223327530548;3;2;3;"S-8";3;"S-4"
-4.48744336968216;1.96774489242196;-557.436449632072;90.2361023199245;"T16";36.131860979367;3;2;3;"S-8";3;"S-4"
-4.69263527244089;1.91769450196481;-557.569352626645;90.2943803119156;"T16";36.1614776193164;3;2;3;"S-8";3;"S-4"
-4.60678482379205;1.87057166943449;-558.052148386211;90.4916798504348;"T16";36.2643613363616;3;2;3;"S-8";3;"S-4"
-4.61377201364065;1.80533129239442;-558.082332870866;90.5039361732309;"T16";36.2709135166369;3;2;3;"S-8";3;"S-4"
-4.60610297065341;1.80351678082328;-558.34076950413;90.6050603162864;"T16";36.3269276916981;3;2;3;"S-8";3;"S-4"
-4.41530502373921;1.63951005046121;-558.543736054626;90.6845317441066;"T16";36.3709923927672;3;2;3;"S-8";3;"S-4"
-3.91777767585554;1.87923230274417;-559.50807598122;91.0426145930177;"T16";36.5894008427858;3;2;3;"S-8";3;"S-4"
-3.63367921093441;2.16420634150037;-559.973354937667;91.2657939863076;"T16";36.7081617820077;3;2;3;"S-8";3;"S-4"
-3.57227683045288;2.14661404627234;-560.233172043922;91.4205401255086;"T16";36.7796642705798;3;2;3;"S-8";3;"S-4"
-3.5660059990264;2.24418360032703;-560.307125682366;91.4649795479251;"T16";36.8003663723357;3;2;3;"S-8";3;"S-4"
-3.56737105235761;2.28575449062022;-560.315478004532;91.4702358891748;"T16";36.8027085787617;3;2;3;"S-8";3;"S-4"
-3.56789013503138;2.63831347833747;-561.879100745071;92.472110280251;"T16";37.2410209150985;3;2;3;"S-8";3;"S-4"
-3.83456970884204;2.74747761124452;-562.047553543252;92.5966744543379;"T16";37.2882344760001;3;2;3;"S-8";3;"S-4"
-3.77746066068627;2.62223526173705;-562.473841395092;92.9021106356589;"T16";37.3994041467085;3;2;3;"S-8";3;"S-4"
-3.63639397770128;2.61865890197514;-562.517206885731;92.932214064631;"T16";37.4108842108399;3;2;3;"S-8";3;"S-4"
-3.20024345846349;2.66843490118805;-562.879894735159;93.1933947208986;"T16";37.5106225372292;3;2;3;"S-8";3;"S-4"
-3.26137275296999;2.57047487209884;-562.901366334187;93.211298222609;"T16";37.5173319014721;3;2;3;"S-8";3;"S-4"
-3.21684367700881;2.65029565246746;-562.909244526712;93.217507477869;"T16";37.5197475077584;3;2;3;"S-8";3;"S-4"
-3.26847463689489;2.71863248811752;-562.934906895944;93.2386502104469;"T16";37.527725007385;3;2;3;"S-8";3;"S-4"
-3.15051182301996;2.88994950497695;-563.117559400895;93.3905758299362;"T16";37.5836081104353;3;2;3;"S-8";3;"S-4"
-3.21294296993656;3.0977131614426;-563.323715023543;93.5796814016936;"T16";37.6490437076427;3;2;3;"S-8";3;"S-4"
-3.51646244338548;3.07453304382775;-563.528362646583;93.7769894900356;"T16";37.7127384650521;3;2;3;"S-8";3;"S-4"
-3.53329152232165;3.09224397520846;-563.537675734644;93.7851321610992;"T16";37.7153868903406;3;2;3;"S-8";3;"S-4"
-3.90954181453817;3.17943227331118;-564.239905866287;94.3997055355477;"T16";37.9141336190514;3;2;3;"S-8";3;"S-4"
-4.01171332818519;3.08058639878916;-564.406711401708;94.5353600259819;"T16";37.9567998810671;3;2;3;"S-8";3;"S-4"
-3.96252351269424;3.04431981617674;-565.579405410139;95.4358693387821;"T16";38.2491173804738;3;2;3;"S-8";3;"S-4"
-4.27689405363519;2.61171789766905;-567.581410052823;96.9739655510252;"T16";38.7543521472253;3;2;3;"S-8";3;"S-4"
-4.0280080365549;2.76022147053851;-567.790863895542;97.1018701338618;"T16";38.8033255003393;3;2;3;"S-8";3;"S-4"
-4.05532256630052;2.74041499836598;-567.806758986448;97.1127623591991;"T16";38.8072716421448;3;2;3;"S-8";3;"S-4"
-4.00992007563929;2.64391322009002;-568.155513811964;97.3484360790993;"T16";38.8932709232904;3;2;3;"S-8";3;"S-4"
-4.24349965781236;2.38162269321569;-568.876766635924;97.8239891675214;"T16";39.0731380553916;3;2;3;"S-8";3;"S-4"
-3.70948693107115;2.48967880541633;-569.05995724342;97.9268031048792;"T16";39.1163077554666;3;2;3;"S-8";3;"S-4"
-3.75422065842335;2.45794551728597;-569.386158275532;98.1457379093536;"T16";39.2042447230779;3;2;3;"S-8";3;"S-4"
-3.87853266304639;2.44368227134727;-569.451233881262;98.188343900834;"T16";39.2215787083842;3;2;3;"S-8";3;"S-4"
-4.44838172703437;2.60022852162713;-569.84183092139;98.4344408516978;"T16";39.3222861341201;3;2;3;"S-8";3;"S-4"
-4.26268570654869;2.53932592051201;-570.112523949923;98.5926700183;"T16";39.3831381574273;3;2;3;"S-8";3;"S-4"
-4.24899480473043;2.52977288729003;-570.125070285726;98.6001440001753;"T16";39.3860814510845;3;2;3;"S-8";3;"S-4"
-4.22350230832521;2.54850912188127;-570.339929986317;98.7280674903434;"T16";39.436648634728;3;2;3;"S-8";3;"S-4"
-4.61287152441382;2.49770624216047;-571.247811515328;99.2758934862503;"T16";39.6516080363654;3;2;3;"S-8";3;"S-4"
-4.26561764530037;2.11645316179501;-571.879089240181;99.6177079732907;"T16";39.7884593927301;3;2;3;"S-8";3;"S-4"
-4.17163948055468;2.16590695845761;-571.933347962173;99.6446292900294;"T16";39.8011794080958;3;2;3;"S-8";3;"S-4"
-4.05342662317389;1.95898885982922;-572.117846412078;99.740420519913;"T16";39.8454062524252;3;2;3;"S-8";3;"S-4"
-4.1144811005123;1.99483070602644;-572.192275819157;99.7763916605964;"T16";39.8637683480047;3;2;3;"S-8";3;"S-4"
-3.91705421803939;2.04247272037867;-572.590334348166;99.9693830383827;"T16";39.9605140904896;3;2;3;"S-8";3;"S-4"
-3.81788273262054;2.1072698986739;-572.894393915869;100.127929062469;"T16";40.0381386396475;3;2;3;"S-8";3;"S-4"
-4.33391749509566;2.35012343825923;-573.152100918113;100.270169735256;"T16";40.1056386181153;3;2;3;"S-8";3;"S-4"
-4.08806401050984;2.5359675673567;-573.429125217474;100.420389784352;"T16";40.1695586857386;3;2;3;"S-8";3;"S-4"
-4.10437113578758;2.55291741462692;-573.436504728909;100.424967550653;"T16";40.1713638217188;3;2;3;"S-8";3;"S-4"
-4.44971562486085;2.56557860531725;-573.573850073682;100.510396307188;"T16";40.2048270101659;3;2;3;"S-8";3;"S-4"
-4.57091798644783;2.56701803959434;-573.671890746695;100.566923751712;"T16";40.2268600300886;3;2;3;"S-8";3;"S-4"
-4.87988729207635;2.45114543134713;-574.14713451767;100.8338196656;"T16";40.3308312175795;3;2;3;"S-8";3;"S-4"
-5.01803509717079;2.59825751239063;-574.680968086721;101.101961865524;"T16";40.4402258689515;3;2;3;"S-8";3;"S-4"
-4.93903784303727;2.00600839847002;-575.722019502765;101.641001471693;"T16";40.6476878328249;3;2;3;"S-8";3;"S-4"
-4.89834798742531;1.98438036132075;-575.857395823518;101.69598506263;"T16";40.6750972848386;3;2;3;"S-8";3;"S-4"
-4.55420704824749;1.86309062216312;-577.442494027818;102.338127628951;"T16";40.9986958140507;3;2;3;"S-8";3;"S-4"
-4.38838845662142;2.05812381549532;-577.623084080127;102.412005612396;"T16";41.0383492708206;3;2;3;"S-8";3;"S-4"
-4.30068399766118;2.00203925602257;-577.752050603182;102.472490019172;"T16";41.0677373991348;3;2;3;"S-8";3;"S-4"
-4.05882174827326;2.09858154927707;-577.805473465739;102.49735924185;"T16";41.0801593447104;3;2;3;"S-8";3;"S-4"
-3.63576257489987;2.20499212298128;-578.22379630311;102.713649742541;"T16";41.183224436827;3;2;3;"S-8";3;"S-4"
-3.60852417185705;2.26101198134532;-578.258310788088;102.734581848513;"T16";41.1927174893208;3;2;3;"S-8";3;"S-4"
-3.77004806433108;2.71179921610144;-578.727138859369;103.028337920489;"T16";41.3226398755796;3;2;3;"S-8";3;"S-4"
-3.66117717507016;2.90605617357821;-579.06066886128;103.268246373192;"T16";41.4111082442105;3;2;3;"S-8";3;"S-4"
-3.79785645495446;2.89061989333566;-579.177956907739;103.361343657262;"T16";41.443143854849;3;2;3;"S-8";3;"S-4"
-4.1651165989791;3.11655337033574;-579.601941468153;103.684046271048;"T16";41.5547817130573;3;2;3;"S-8";3;"S-4"
-4.33554775024699;2.8922982015981;-579.729848227072;103.779752653121;"T16";41.5854907594621;3;2;3;"S-8";3;"S-4"
-4.46619931495943;2.77289838634486;-579.775565285867;103.810251075593;"T16";41.5960354614072;3;2;3;"S-8";3;"S-4"
-5.0031500960031;2.83304391329117;-580.514641423637;104.269116183324;"T16";41.7615175829269;3;2;3;"S-8";3;"S-4"
-4.93373773244809;2.69570052427418;-580.577069679901;104.304466310351;"T16";41.7739953729324;3;2;3;"S-8";3;"S-4"
-4.79039644895387;2.63266445611476;-580.808033486415;104.430660544433;"T16";41.8208085233346;3;2;3;"S-8";3;"S-4"
-4.76642193848737;2.56132542015887;-581.357586653698;104.732679198978;"T16";41.9355282909237;3;2;3;"S-8";3;"S-4"
-4.98648529154846;2.55370709541596;-581.631868691721;104.880069750077;"T16";41.9930729316548;3;2;3;"S-8";3;"S-4"
-5.00749035260738;2.50696837486057;-581.640257196463;104.884365718645;"T16";41.9947551796213;3;2;3;"S-8";3;"S-4"
-4.83096291645242;2.4112583219213;-581.93163764221;105.030243495955;"T16";42.0529440976679;3;2;3;"S-8";3;"S-4"
-4.61057494635592;2.49736823966961;-581.965361282038;105.047075835302;"T16";42.059924826026;3;2;3;"S-8";3;"S-4"
-4.59662699897765;2.41748085630396;-582.011434641338;105.072031973213;"T16";42.0699178008363;3;2;3;"S-8";3;"S-4"
-4.69697220723079;2.38687886221004;-582.074750369413;105.105331294771;"T16";42.0836921897717;3;2;3;"S-8";3;"S-4"
-4.66351775479915;2.42860133588913;-582.106472178691;105.121451491506;"T16";42.090445861686;3;2;3;"S-8";3;"S-4"
-4.71603320590997;2.19827191481031;-582.279693594172;105.211659309544;"T16";42.1275897999294;3;2;3;"S-8";3;"S-4"
-4.59210796272443;2.29799080897607;-582.324534242857;105.2325607609;"T16";42.1370979282074;3;2;3;"S-8";3;"S-4"
-4.6726529449498;2.34517763018649;-582.47424408978;105.307478827948;"T16";42.1696994802915;3;2;3;"S-8";3;"S-4"
-4.80773828354113;2.01797398805892;-582.710405521207;105.426006891688;"T16";42.2202406683937;3;2;3;"S-8";3;"S-4"
-4.32242535368846;1.46364257053476;-583.961503397404;105.951135927793;"T16";42.4804665381089;3;2;3;"S-8";3;"S-4"
-4.11966642148669;1.32709872330136;-584.503883447932;106.134794514444;"T16";42.6059470279142;3;2;3;"S-8";3;"S-4"
-4.0590717307268;1.39910989077218;-584.726224209123;106.20641879421;"T16";42.6599176018499;3;2;3;"S-8";3;"S-4"
-4.00355892337713;1.53435680757057;-584.792914934697;106.229406230738;"T16";42.6763476454653;3;2;3;"S-8";3;"S-4"
-3.83193597411507;2.0689347891023;-585.320440226158;106.431579356602;"T16";42.808111733757;3;2;3;"S-8";3;"S-4"
-3.76149864530126;2.24530692271692;-585.821119350594;106.701905496109;"T16";42.9387713083997;3;2;3;"S-8";3;"S-4"
-3.84471269044066;2.20775640279454;-585.829453695227;106.706880417933;"T16";42.9409870062955;3;2;3;"S-8";3;"S-4"
-4.32729973299364;2.15628922267058;-586.147323846779;106.889411576657;"T16";43.0236642248929;3;2;3;"S-8";3;"S-4"
-4.47069140168947;2.13546219262256;-586.305044241779;106.968003495155;"T16";43.0601119878702;3;2;3;"S-8";3;"S-4"
-4.42114611910417;2.08741092717143;-586.387338847145;107.007312184265;"T16";43.0785195669159;3;2;3;"S-8";3;"S-4"
-4.33025795136693;2.11904495453757;-586.401713445961;107.01409904311;"T16";43.0817708955146;3;2;3;"S-8";3;"S-4"
-4.04600624901502;2.11566532758489;-586.517491612702;107.07075597737;"T16";43.1085079093464;3;2;3;"S-8";3;"S-4"
-3.93343202697571;2.12003018023596;-586.92036852257;107.281421175848;"T16";43.2080818805844;3;2;3;"S-8";3;"S-4"
-3.99486274153999;2.09428481909024;-587.328816924814;107.501565552028;"T16";43.3119220891967;3;2;3;"S-8";3;"S-4"
-4.03832338643654;2.0939300846088;-587.922079021915;107.812579943281;"T16";43.4604283422232;3;2;3;"S-8";3;"S-4"
-4.25897715852554;2.03667651853186;-588.077057890227;107.892938766432;"T16";43.4988053748384;3;2;3;"S-8";3;"S-4"
-4.22875677008652;2.02187842866222;-588.1698354808;107.937305743087;"T16";43.5205893823877;3;2;3;"S-8";3;"S-4"
-4.01098961333031;1.85254412296559;-588.938628330949;108.304885569579;"T16";43.7023905338719;3;2;3;"S-8";3;"S-4"
-4.26598807389578;2.73483905999342;-590.121013195158;108.850990232627;"T16";43.9971768530086;3;2;3;"S-8";3;"S-4"
-4.34177487443142;2.66589763470492;-590.166532876069;108.880171983536;"T16";44.0078472252935;3;2;3;"S-8";3;"S-4"
-4.26831170445099;2.68232087610064;-590.184535912256;108.891226046212;"T16";44.0119936945848;3;2;3;"S-8";3;"S-4"
-4.38709937896084;2.58808208452601;-590.214541527296;108.910082374708;"T16";44.0190235502087;3;2;3;"S-8";3;"S-4"
-4.36763878514931;2.3884481889884;-590.547466018979;109.106484561665;"T16";44.0949107054621;3;2;3;"S-8";3;"S-4"
-4.16660734360732;2.2083876035193;-590.759521733782;109.222447468146;"T16";44.1434622742236;3;2;3;"S-8";3;"S-4"
-3.96491218604251;2.55839497669915;-591.134410645853;109.421146303395;"T16";44.2334368941374;3;2;3;"S-8";3;"S-4"
-3.93607750240585;2.6602829836082;-591.144325309678;109.427543828721;"T16";44.2359374952503;3;2;3;"S-8";3;"S-4"
-4.14627207753628;2.74125965711166;-591.35696955234;109.571264032394;"T16";44.2899618996307;3;2;3;"S-8";3;"S-4"
-4.3812883203707;2.78193852349019;-591.502040945727;109.667176300247;"T16";44.3249502917752;3;2;3;"S-8";3;"S-4"
-4.38036911309118;2.79515734918324;-591.510944260629;109.672829540322;"T16";44.3269824143499;3;2;3;"S-8";3;"S-4"
-4.28456019108475;2.94301704013598;-591.898934100167;109.920409738107;"T16";44.4155571050942;3;2;3;"S-8";3;"S-4"
-3.90403400363434;3.01562758257383;-592.363415484834;110.239456867553;"T16";44.5239652879536;3;2;3;"S-8";3;"S-4"
-3.93003210570042;3.0601985018352;-592.39355085733;110.262734600386;"T16";44.5316843222827;3;2;3;"S-8";3;"S-4"
-4.40806894787951;2.83462512501471;-594.279105449899;111.730959587896;"T16";45.0114652863704;3;2;3;"S-8";3;"S-4"
-4.33760850623017;2.87840610851511;-594.310336625279;111.751042911334;"T16";45.0185502879322;3;2;3;"S-8";3;"S-4"
-4.31869488569543;2.92220803540136;-594.371089561922;111.791358127355;"T16";45.0325563782826;3;2;3;"S-8";3;"S-4"
-4.41913802978947;2.84253219430381;-594.443747807765;111.840521709285;"T16";45.0493804994039;3;2;3;"S-8";3;"S-4"
-3.92994829785537;2.96800637073573;-595.051215172303;112.231264322222;"T16";45.1868433621712;3;2;3;"S-8";3;"S-4"
-3.86536083560501;2.91964153343763;-595.080882756332;112.253670107674;"T16";45.194392465055;3;2;3;"S-8";3;"S-4"
-3.8585705763316;3.10307256773194;-595.583818268877;112.633554799821;"T16";45.3245059354231;3;2;3;"S-8";3;"S-4"
-3.79544101417326;3.06573339019789;-595.591462519242;112.639702325994;"T16";45.3264870448038;3;2;3;"S-8";3;"S-4"
-3.98945494297305;3.03889086499418;-595.801526579458;112.809379683929;"T16";45.3818334615789;3;2;3;"S-8";3;"S-4"
-3.90708938472181;3.19671059475812;-596.041549389103;112.992212460348;"T16";45.441997773014;3;2;3;"S-8";3;"S-4"
-3.94210557544105;3.12199671283644;-596.270429428704;113.179478011625;"T16";45.5005784751847;3;2;3;"S-8";3;"S-4"
-3.70126682842387;2.9124475408863;-596.487525176287;113.351409533335;"T16";45.555649488233;3;2;3;"S-8";3;"S-4"
-3.6983223821701;2.93190648129249;-596.498603509891;113.360126836614;"T16";45.5586426076479;3;2;3;"S-8";3;"S-4"
-4.01297631442511;3.07842344352655;-596.78984805545;113.591015786394;"T16";45.6373930559494;3;2;3;"S-8";3;"S-4"
-4.03772561962377;3.0930854677852;-596.891650892042;113.669110500697;"T16";45.6627614679746;3;2;3;"S-8";3;"S-4"
-4.11580444285258;3.37615096654373;-597.311679038458;113.990871580604;"T16";45.7667873939499;3;2;3;"S-8";3;"S-4"
-4.18197378981231;3.30280168763834;-597.336144927115;114.010940690977;"T16";45.77273176983;3;2;3;"S-8";3;"S-4"
-4.40957430521821;3.22666270635233;-598.571869365031;114.986880035444;"T16";46.0682200966403;3;2;3;"S-8";3;"S-4"
-4.39040060568946;3.21570818172567;-598.604993579694;115.011118354323;"T16";46.0757319815457;3;2;3;"S-8";3;"S-4"
-4.58854092119452;2.6287824747131;-599.572379821938;115.719671430332;"T16";46.2960732053034;3;2;3;"S-8";3;"S-4"
-4.50408037955807;2.43835605321526;-600.135639581216;116.042363852461;"T16";46.4188267709687;3;2;3;"S-8";3;"S-4"
-4.6476290031761;2.17116433877126;-600.605305798216;116.296625181458;"T16";46.5231024893001;3;2;3;"S-8";3;"S-4"
-4.6554780181158;2.0380498118102;-600.849057994887;116.410495302448;"T16";46.5755490586162;3;2;3;"S-8";3;"S-4"
-4.60127128343276;2.00227616933488;-600.981041476501;116.468274312212;"T16";46.6038992046379;3;2;3;"S-8";3;"S-4"
-4.42367454025506;2.4757446214915;-601.272416279863;116.595068145737;"T16";46.6672240523621;3;2;3;"S-8";3;"S-4"
-4.23254133175196;2.63238455112339;-601.360030370413;116.644102067983;"T16";46.687029779423;3;2;3;"S-8";3;"S-4"
-4.09064743718965;2.68706480847818;-601.398013850167;116.667725493595;"T16";46.6960039339028;3;2;3;"S-8";3;"S-4"
-4.06768240091423;2.34334726232101;-601.865116484861;116.974555908806;"T16";46.8101918813772;3;2;3;"S-8";3;"S-4"
-4.17582928216653;2.32724895463779;-602.115581602984;117.118846119057;"T16";46.8717662850395;3;2;3;"S-8";3;"S-4"
-4.44636445037068;2.28387107843013;-602.296677419752;117.219773389255;"T16";46.9151339144446;3;2;3;"S-8";3;"S-4"
-4.38751626538954;2.29309991248734;-602.563963724958;117.357064758178;"T16";46.9752473640256;3;2;3;"S-8";3;"S-4"
-4.20826985250712;2.43668989302183;-602.983136072379;117.576141797451;"T16";47.0707848668098;3;2;3;"S-8";3;"S-4"
-3.9068756252937;2.60602771786025;-603.18853500851;117.695072742769;"T16";47.1195932710543;3;2;3;"S-8";3;"S-4"
-4.56833555674591;2.58114089593006;-604.301578238098;118.437512939406;"T16";47.4044867092744;3;2;3;"S-8";3;"S-4"
-4.575364437945;2.57214244406565;-604.575050672355;118.592026738842;"T16";47.4643493071198;3;2;3;"S-8";3;"S-4"
-4.33287086967571;2.58935896953521;-604.716241528447;118.671400305384;"T16";47.4952082382515;3;2;3;"S-8";3;"S-4"
-4.19023641323649;2.57481420983924;-604.801512723369;118.72235906692;"T16";47.514888306614;3;2;3;"S-8";3;"S-4"
-4.41546702417491;2.26868067816332;-605.120933609072;118.918636640384;"T16";47.5911181070842;3;2;3;"S-8";3;"S-4"
-4.29081277179343;2.51511902307774;-605.772801422806;119.253568348771;"T16";47.738750919234;3;2;3;"S-8";3;"S-4"
-4.21490925893518;2.51133711520876;-606.184640215199;119.494973331062;"T16";47.8347324533388;3;2;3;"S-8";3;"S-4"
-4.57514436243849;2.70620523743652;-606.504030757406;119.685273352632;"T16";47.910508827772;3;2;3;"S-8";3;"S-4"
-4.35475161605388;3.00243755954674;-606.716300750258;119.81083139428;"T16";47.9569051763974;3;2;3;"S-8";3;"S-4"
-4.79168556501905;2.68328556093776;-607.073889466181;120.057375373414;"T16";48.0390197830275;3;2;3;"S-8";3;"S-4"
-4.50715995815803;2.706627654908;-607.192386409642;120.123732218638;"T16";48.0637494823895;3;2;3;"S-8";3;"S-4"
-4.30924864802471;2.55576392614151;-607.42517118829;120.263523511909;"T16";48.1153972563334;3;2;3;"S-8";3;"S-4"
-4.34950500053487;2.29899081578775;-607.695739432972;120.423994307586;"T16";48.178185056895;3;2;3;"S-8";3;"S-4"
-4.22211425025674;2.07201989972413;-608.057857773344;120.615396947344;"T16";48.2614401262254;3;2;3;"S-8";3;"S-4"
-4.09566943237563;2.13839189731456;-608.087296701403;120.629844222133;"T16";48.2684126822278;3;2;3;"S-8";3;"S-4"
-4.01216031552949;2.17058010706149;-608.114125447651;120.643851791479;"T16";48.274963197764;3;2;3;"S-8";3;"S-4"
-3.82662337781522;2.20953096065513;-608.305657771106;120.747470844173;"T16";48.3227011514828;3;2;3;"S-8";3;"S-4"
-3.84568769664069;2.22277244599601;-608.336784849633;120.765443933482;"T16";48.3308354974724;3;2;3;"S-8";3;"S-4"
-3.9767741486134;2.04814674343396;-608.403964421522;120.80427311388;"T16";48.348304303363;3;2;3;"S-8";3;"S-4"
-4.16869362119093;2.15179545005065;-608.625463215405;120.918351011294;"T16";48.4040024108253;3;2;3;"S-8";3;"S-4"
-4.34517772881113;2.55823577740473;-609.413282474498;121.325007400855;"T16";48.5929870977998;3;2;3;"S-8";3;"S-4"
-4.51394424267012;2.58704489799856;-609.515655590718;121.38527986493;"T16";48.6165472655557;3;2;3;"S-8";3;"S-4"
-4.50663923864778;2.48700880681447;-609.801213293544;121.548939528954;"T16";48.6798085039482;3;2;3;"S-8";3;"S-4"
-4.64641406788362;2.37869235695897;-610.066862760006;121.695539362584;"T16";48.7387547502294;3;2;3;"S-8";3;"S-4"
-4.50216642242592;2.2254073189581;-610.968264811469;122.157004513782;"T16";48.9327542600222;3;2;3;"S-8";3;"S-4"
-4.39392850346369;2.18057213181112;-611.439169742483;122.389771404582;"T16";49.0373494452797;3;2;3;"S-8";3;"S-4"
-4.36245760027522;2.19507617000933;-611.461333009379;122.40077035509;"T16";49.0423935116269;3;2;3;"S-8";3;"S-4"
-4.37902636062907;2.18923231331838;-611.547517646669;122.444136242136;"T16";49.0621494944207;3;2;3;"S-8";3;"S-4"
-4.41341081307482;2.17198642429406;-611.683096342863;122.511916894331;"T16";49.0931104170159;3;2;3;"S-8";3;"S-4"
-4.57573428331207;2.1370775025117;-612.090672283279;122.712498586575;"T16";49.1854598396458;3;2;3;"S-8";3;"S-4"
-4.46439908433085;2.01017931679245;-612.233636623032;122.779269481743;"T16";49.2167038610205;3;2;3;"S-8";3;"S-4"
-4.45928477451326;2.06870029122123;-612.362315668886;122.83720963261;"T16";49.2455272353254;3;2;3;"S-8";3;"S-4"
-4.38853481202248;2.05684490398303;-612.469423936438;122.886898072681;"T16";49.2695463937707;3;2;3;"S-8";3;"S-4"
-4.5858943838546;2.00153925346042;-612.58102650372;122.93920463549;"T16";49.2949768784456;3;2;3;"S-8";3;"S-4"
-4.59025468140294;1.81017483850955;-613.003734937636;123.123698095748;"T16";49.387152667623;3;2;3;"S-8";3;"S-4"
-4.53448843279039;1.7483997477046;-613.22481402736;123.210881015502;"T16";49.435315374285;3;2;3;"S-8";3;"S-4"
-4.52814084124914;1.38087115836413;-613.686452325105;123.388878665131;"T16";49.537121411413;3;2;3;"S-8";3;"S-4"
-4.5384689441322;1.6065342286342;-614.365358382646;123.595913257686;"T16";49.6870518312789;3;2;3;"S-8";3;"S-4"
-4.63339175985554;1.65665520918521;-614.957049318736;123.805360926779;"T16";49.8174241976812;3;2;3;"S-8";3;"S-4"
-4.49526823352919;1.69420862095404;-615.092698801761;123.853861989137;"T16";49.8467006953433;3;2;3;"S-8";3;"S-4"
-4.34084593633029;1.75246818993473;-615.108082626896;123.859659954423;"T16";49.8501229216345;3;2;3;"S-8";3;"S-4"
-4.23770773304858;1.73235377483889;-615.305523793485;123.939370077497;"T16";49.8956074123271;3;2;3;"S-8";3;"S-4"
-4.25038509551984;1.6784019781149;-615.366570090869;123.964325499243;"T16";49.9100129120052;3;2;3;"S-8";3;"S-4"
-4.07567483551519;1.65435415793082;-615.482246562772;124.010004094217;"T16";49.9372284393758;3;2;3;"S-8";3;"S-4"
-4.06277069353459;1.55280305794463;-615.642491930265;124.075049172811;"T16";49.9765459448099;3;2;3;"S-8";3;"S-4"
-4.04580631892004;1.63636480196192;-615.737780378336;124.111468701432;"T16";50;3;2;3;"S-8";3;"S-4"
