"Vx";"Vy";"X";"Y";"Traj";"Time";"TrueMovMode";"TrueTrajClust";"firstEstMovMode";"firstSegment";"finalEstMovMode";"finalSegment"
0;0;0;0;"T18";0;1;1;1;"S-1-NA";2;"S-1"
-1.5358283119273;1.80710067532555;0;0;"T18";0.0420846394263208;1;1;1;"S-1-NA";2;"S-1"
-3.271135217747;3.33601124747365;-0.0654174691114752;0.0769721144553502;"T18";0.0846788985654712;1;1;1;"S-1-NA";2;"S-1"
-5.52361989511925;5.10996052893404;-0.273543718319115;0.289226106428632;"T18";0.148303981404752;1;1;1;"S-1-NA";2;"S-1"
-9.02013857922411;7.28003426390901;-0.841291351077886;0.814455584357875;"T18";0.251089408993721;1;1;1;"S-1-NA";2;"S-1"
-9.71115195952041;7.39275420244964;-0.983216909280875;0.929001820822797;"T18";0.266823708079755;1;1;1;"S-1-NA";2;"S-1"
-9.99359511279097;7.6160504377184;-1.06110896778001;0.988298271460911;"T18";0.274844595696777;1;1;1;"S-1-NA";2;"S-1"
-19.6485830380334;7.51457413975186;-5.39897992555655;4.29416003931008;"T18";0.708909705281258;1;1;4;"S-2-NA";2;"S-1"
-20.6090758612882;7.05439892730395;-6.59074830009925;4.74995025026714;"T18";0.769563869107515;1;1;4;"S-2-NA";2;"S-1"
-21.503206244949;6.39862177767309;-8.92074250734353;5.54749734780988;"T18";0.882620573975146;1;1;4;"S-2-NA";2;"S-1"
-22.657607028419;5.25578171242138;-11.2268279886513;6.23370984160194;"T18";0.989864370785654;1;1;4;"S-2-NA";2;"S-1"
-22.6073335096796;4.93622902527777;-12.9061031217641;6.6232436314531;"T18";1.06397966155782;1;1;4;"S-2-NA";2;"S-1"
-22.552959391035;5.00073436392019;-13.0557540186434;6.65591936034958;"T18";1.07059923466295;1;1;4;"S-2-NA";2;"S-1"
-22.2537122544847;4.60173852685343;-14.6079316536707;7.00008829639948;"T18";1.13942291354761;1;1;4;"S-2-NA";2;"S-1"
-22.2770282361856;3.86538004164921;-17.207352394322;7.53761005604866;"T18";1.25623132335022;1;1;4;"S-2-NA";2;"S-1"
-22.4096516215096;3.65437204998508;-17.8020207958679;7.64079344955898;"T18";1.28292556619272;1;1;4;"S-2-NA";2;"S-1"
-22.7154680858947;3.47141357926032;-18.4459757780688;7.74580405517433;"T18";1.31166117498651;1;1;4;"S-2-NA";2;"S-1"
-22.371769954306;3.31547529460125;-20.41542688175;8.04677867208101;"T18";1.3983620563522;1;1;2;"S-3";2;"S-1"
-22.4465125056468;3.23491433387956;-20.738724077569;8.09469101284533;"T18";1.41281317919493;1;1;2;"S-3";2;"S-1"
-22.0020186531584;3.14899760697448;-22.446195726921;8.34076596599417;"T18";1.48888163967058;1;1;2;"S-3";2;"S-1"
-21.4400037794991;2.86542842240623;-26.7633753087238;8.95865418735628;"T18";1.68509907089174;1;1;2;"S-3";2;"S-1"
-21.369864270851;2.93364307135744;-27.5441236087747;9.06300017501186;"T18";1.72151456354186;1;1;2;"S-3";2;"S-1"
-21.0707807304384;2.90292279309356;-29.7249756628473;9.36238633100222;"T18";1.82356724981219;1;1;2;"S-3";2;"S-1"
-21.394055464306;2.70031431085736;-31.9481387775882;9.66867165384379;"T18";1.9290765398182;1;1;2;"S-3";2;"S-1"
-21.5176055188372;2.62911070152993;-33.5881478286105;9.87567027165142;"T18";2.00573377078399;1;1;2;"S-3";2;"S-1"
-21.5550480618999;2.47661029382607;-34.3723460244917;9.97148687480955;"T18";2.04217826249078;1;1;2;"S-3";2;"S-1"
-21.5699372120731;2.50570633295425;-34.727153097998;10.0122531420916;"T18";2.0586387719959;1;1;2;"S-3";2;"S-1"
-21.1733997675143;2.85872932762806;-35.6546657028655;10.1199991306432;"T18";2.10163901792839;1;1;2;"S-3";2;"S-1"
-20.6214746344023;3.00453184343042;-37.339638953325;10.3474960135362;"T18";2.18121873913333;1;1;2;"S-3";2;"S-1"
-20.6923507029203;3.00997479556553;-37.3762211037131;10.3528260026709;"T18";2.18299272237346;1;1;2;"S-3";2;"S-1"
-20.8194412488679;3.06100299129868;-37.9684934453045;10.4389798111915;"T18";2.2116154897958;1;1;2;"S-3";2;"S-1"
-21.3664955771198;2.59733863832679;-41.3542279013734;10.9367714269167;"T18";2.37423918442801;1;1;2;"S-3";2;"S-1"
-21.5690477981484;2.59743379578978;-42.6056556646616;11.0888965927368;"T18";2.43280881550163;1;1;2;"S-3";2;"S-1"
-21.7683921808225;2.52381774047567;-42.9266803665858;11.1275557128734;"T18";2.44769239798188;1;1;2;"S-3";2;"S-1"
-21.6308374044045;2.59956038474678;-44.096825250493;11.2632217920399;"T18";2.50144670717418;1;1;2;"S-3";2;"S-1"
-21.5856685349838;2.55594623939275;-44.3343885495933;11.291771779711;"T18";2.51242932863533;1;1;2;"S-3";2;"S-1"
-21.6993188268006;2.4798030205561;-45.8151721632342;11.4671104912504;"T18";2.581029641442;1;1;2;"S-3";2;"S-1"
-21.719931852757;2.50243031177158;-45.8720505780197;11.4736105692443;"T18";2.58365084882826;1;1;2;"S-3";2;"S-1"
-21.7438081614888;2.55585367849986;-47.0219939446122;11.606099619251;"T18";2.6365950005129;1;1;2;"S-3";2;"S-1"
-21.6502704066473;2.42680667940601;-50.6482734006543;12.0323469269056;"T18";2.80336797004566;1;1;2;"S-3";2;"S-1"
-21.5255075410349;2.46775410655276;-50.9690877356691;12.0683074186889;"T18";2.81818599905819;1;1;2;"S-3";2;"S-1"
-21.0889479605733;2.03841318240757;-53.3855167614237;12.3453346915711;"T18";2.93044486315921;1;1;2;"S-3";2;"S-1"
-21.2386326003666;1.90684051094827;-54.1601015506124;12.4202044218264;"T18";2.96717428136617;1;1;2;"S-3";2;"S-1"
-20.8824137360962;1.824065643594;-54.5115657673537;12.4517594762049;"T18";2.98372262623161;1;1;2;"S-3";2;"S-1"
-21.0975850581075;1.7935307802121;-54.8187839055146;12.4785947864325;"T18";2.99843443790451;1;1;2;"S-3";2;"S-1"
-21.0914579514704;1.78122258723682;-54.8569917019399;12.4818428766165;"T18";3.00024544121698;1;1;2;"S-3";2;"S-1"
-21.3182450240237;1.72091005534956;-55.3053946016228;12.5197115424496;"T18";3.02150537027046;1;1;2;"S-3";2;"S-1"
-21.2395622109522;2.10361019765661;-56.7396265659643;12.6354895629366;"T18";3.08878257637843;1;1;2;"S-3";2;"S-1"
-21.2240726374449;2.07297318230681;-57.549676998557;12.7157186342185;"T18";3.12692133011296;1;1;2;"S-3";2;"S-1"
-21.0101186907519;2.18015173678579;-59.2404555860776;12.8808584134221;"T18";3.20658457931131;1;1;2;"S-3";2;"S-1"
-20.8238224063238;2.46094067260899;-61.3167754634113;13.0963113793629;"T18";3.30540933646262;1;1;2;"S-3";2;"S-1"
-20.9495657547902;2.47191951927481;-62.9412147041617;13.2882861532417;"T18";3.3834180328995;1;1;2;"S-3";2;"S-1"
-21.1436275278179;2.51723980127031;-64.6056350139386;13.484677481834;"T18";3.46286694984883;1;1;2;"S-3";2;"S-1"
-21.2720177681606;2.46337676948629;-65.6325622390624;13.6069375850584;"T18";3.5114360623993;1;1;2;"S-3";2;"S-1"
-21.5198272806096;2.53920898569711;-66.627527462344;13.722158164704;"T18";3.55820949189365;1;1;2;"S-3";2;"S-1"
-21.3425479182251;2.72064228208636;-68.7893255630843;13.9772372176669;"T18";3.65866560023278;1;1;2;"S-3";2;"S-1"
-21.2881163747201;2.1574886634873;-77.9780908881913;15.1485755020854;"T18";4.08920301124454;1;1;2;"S-3";2;"S-1"
-21.1334785078176;2.24993123386197;-79.1284502263852;15.2651610744021;"T18";4.14324064040557;1;1;2;"S-3";2;"S-1"
-20.9291028784528;2.20894789465159;-80.372107582681;15.3975644328514;"T18";4.2020883760415;1;1;2;"S-3";2;"S-1"
-20.9383907064378;2.08661245311244;-80.9756685222763;15.4612668607365;"T18";4.23092673299834;1;1;2;"S-3";2;"S-1"
-20.7166354458973;2.25537747975494;-82.0382348593948;15.5671567632784;"T18";4.28167401114479;1;1;2;"S-3";2;"S-1"
-20.5860617690843;2.52506340979278;-83.3057818421877;15.7051519955152;"T18";4.34285899391398;1;1;2;"S-3";2;"S-1"
-21.195080046085;2.18281378391485;-85.3862107067739;15.960335083061;"T18";4.44391906494275;1;1;2;"S-3";2;"S-1"
-21.0471281555676;2.31225752537156;-86.6086626650116;16.0862315165169;"T18";4.50159527827054;1;1;2;"S-3";2;"S-1"
-21.3507407205364;1.91748205880148;-88.7414868191898;16.3205456074628;"T18";4.60293091600761;1;1;2;"S-3";2;"S-1"
-21.4472403298847;1.84487667790393;-88.8691997700892;16.332015340304;"T18";4.60891257971525;1;1;2;"S-3";2;"S-1"
-21.4926436310113;1.7669861889166;-90.458907793814;16.4687609174755;"T18";4.68303437810391;1;1;2;"S-3";2;"S-1"
-21.4004631780919;1.70792644913807;-91.9937116642234;16.5949425677308;"T18";4.75444503827021;1;1;2;"S-3";2;"S-1"
-21.2399285605655;1.62864261262612;-92.8019470435285;16.6594461520671;"T18";4.79221222922206;1;1;2;"S-3";2;"S-1"
-20.8835253956217;2.31947934288186;-96.4611480111726;16.940027633642;"T18";4.96449157362804;1;1;2;"S-3";2;"S-1"
-20.8497759936394;2.35060741156672;-96.6749881873782;16.9637783108859;"T18";4.97473123250529;1;1;2;"S-3";2;"S-1"
-20.9017496134882;2.50889714491671;-97.4130950528178;17.0469926086779;"T18";5.0101324217394;1;1;2;"S-3";2;"S-1"
-20.7057918770637;2.51655508323842;-98.4251031833797;17.1684668563533;"T18";5.05854981020093;1;1;2;"S-3";2;"S-1"
-20.7826136611426;2.60471894361865;-98.6842758657654;17.1999663679473;"T18";5.0710667273961;1;1;2;"S-3";2;"S-1"
-20.8832665233086;2.60877874047291;-99.3980063350456;17.2894193744019;"T18";5.10540939867496;1;1;2;"S-3";2;"S-1"
-21.123002734807;2.10142969408057;-101.885186092847;17.6001227631004;"T18";5.22450857097283;1;1;2;"S-3";2;"S-1"
-21.5263966552222;2.02196413112813;-103.0380099174;17.7148118651838;"T18";5.27908527292311;1;1;2;"S-3";2;"S-1"
-21.6540586940785;1.97825258735714;-103.51211574899;17.7593443989463;"T18";5.30110966647044;1;1;2;"S-3";2;"S-1"
-21.833100381605;2.00829415987401;-105.576331710926;17.9479252384672;"T18";5.39643664378673;1;1;2;"S-3";2;"S-1"
-21.7227705189905;2.14172791988758;-108.632947863411;18.2290847742509;"T18";5.53643582388759;1;1;2;"S-3";2;"S-1"
-21.4344597293531;2.2000437502142;-110.795156854948;18.442264919102;"T18";5.63597234431654;1;1;2;"S-3";2;"S-1"
-21.2744397017038;2.2052678790336;-112.350484785916;18.6019045618673;"T18";5.70853437529877;1;1;2;"S-3";2;"S-1"
-20.8198708451595;2.30455709913301;-113.936733205377;18.7663320502832;"T18";5.78309560660273;1;1;2;"S-3";2;"S-1"
-20.8680331949513;2.35629664717669;-115.099347640985;18.89502215461;"T18";5.83893718430772;1;1;2;"S-3";2;"S-1"
-20.6104602713495;2.60209810428733;-116.681053353996;19.0736191423361;"T18";5.91473281383514;1;1;2;"S-3";2;"S-1"
-20.527559587354;2.58616479447267;-117.005878120842;19.1146287024774;"T18";5.93049300368875;1;1;2;"S-3";2;"S-1"
-20.5799914744913;2.64634268406058;-117.234750204452;19.1434631541592;"T18";5.94164250651374;1;1;2;"S-3";2;"S-1"
-20.9862467045214;2.83891171286513;-119.282296698952;19.4067533354361;"T18";6.04113460285589;1;1;2;"S-3";2;"S-1"
-20.8320800439286;3.23811082658458;-121.060648139305;19.647319588406;"T18";6.12587350187823;1;1;2;"S-3";2;"S-1"
-20.7562816022146;3.2397491843413;-122.077039968062;19.8053061830144;"T18";6.17466324474663;1;1;2;"S-3";2;"S-1"
-20.5595063259372;3.24905590657474;-123.060725579795;19.9588449872827;"T18";6.22205543331802;1;1;2;"S-3";2;"S-1"
-20.8147667624217;3.22851567085002;-123.356814882575;20.0056365144147;"T18";6.23645700979978;1;1;2;"S-3";2;"S-1"
-21.0913110906229;2.8672277238226;-124.284952399755;20.1495971243567;"T18";6.28104734933004;1;1;2;"S-3";2;"S-1"
-21.0620110719551;2.90389077680419;-124.906411753735;20.2340805157071;"T18";6.31051253294572;1;1;2;"S-3";2;"S-1"
-20.8075089132821;2.95549573061277;-126.809687153066;20.4964915389922;"T18";6.40087785432115;1;1;2;"S-3";2;"S-1"
-20.8016600878551;2.90734202186242;-134.748966722126;21.6241857270995;"T18";6.78243624279276;1;1;2;"S-3";2;"S-1"
-20.8568083716079;2.89274554729429;-134.807201885184;21.6323249590644;"T18";6.78523578681052;1;1;2;"S-3";2;"S-1"
-21.434216806524;2.72235311915801;-139.305265203506;22.2561861176698;"T18";7.00089981546625;1;1;2;"S-3";2;"S-1"
-21.7781542217779;2.74683191168595;-140.16492158117;22.3653708031781;"T18";7.0410065469332;1;1;2;"S-3";2;"S-1"
-22.1597601324989;2.81022533379763;-143.430941954669;22.7773069523479;"T18";7.19097427790985;1;1;2;"S-3";2;"S-1"
-21.6553394068809;2.77605644636448;-146.988780190083;23.2284998841725;"T18";7.35152828274295;1;1;2;"S-3";2;"S-1"
-21.5771817194001;2.78723174401949;-147.048482323;23.2361532618377;"T18";7.35428520711139;1;1;2;"S-3";2;"S-1"
-21.6160895640974;2.77404083396819;-148.759493770336;23.4571731096757;"T18";7.43358246982098;1;1;2;"S-3";2;"S-1"
-22.3360916473847;2.04582714420998;-155.934550339248;24.377964071851;"T18";7.76551376329735;1;1;2;"S-3";2;"S-1"
-22.2577604848986;2.19225435189059;-156.446274095377;24.4248343286154;"T18";7.78842393774539;1;1;2;"S-3";2;"S-1"
-22.1609369530654;2.1780384953974;-156.745954449863;24.4543510251287;"T18";7.80188802164048;1;1;2;"S-3";2;"S-1"
-21.9953357252643;2.35004845294494;-157.347154546948;24.5134386421217;"T18";7.82901684287935;1;1;2;"S-3";2;"S-1"
-21.9126435470436;2.49721814472034;-157.616054054713;24.5421686819862;"T18";7.84124213969335;1;1;2;"S-3";2;"S-1"
-21.8767048594264;2.66727129836202;-158.691431474999;24.6647213078524;"T18";7.89031779859215;1;1;2;"S-3";2;"S-1"
-21.933652812334;2.19314328709531;-160.956724464601;24.940912398438;"T18";7.99386597936973;1;1;2;"S-3";2;"S-1"
-21.9324791572011;2.09973327377697;-161.735591342526;25.0187912031897;"T18";8.029376110062;1;1;2;"S-3";2;"S-1"
-21.5149259888085;2.30002816124329;-165.149102345744;25.3455879406898;"T18";8.18501337198541;1;1;2;"S-3";2;"S-1"
-21.5816560006339;2.26724250011189;-165.189833491503;25.3499422564951;"T18";8.18690652959049;1;1;2;"S-3";2;"S-1"
-21.5302291275806;2.40200653363269;-165.897665442289;25.4243029395545;"T18";8.21970438119024;1;1;2;"S-3";2;"S-1"
-21.8549202767675;2.20896264743021;-167.279282796503;25.5784422147168;"T18";8.28387542860582;1;1;2;"S-3";2;"S-1"
-21.7849366260683;2.23142469969906;-167.697513337189;25.6207144184444;"T18";8.30301210517064;1;1;2;"S-3";2;"S-1"
-21.2386332605935;2.30430320109594;-171.14660228418;25.9740035925136;"T18";8.4613365936093;1;1;2;"S-3";2;"S-1"
-21.2652322010259;2.18715369100527;-171.663418319165;26.0300759785839;"T18";8.48567036446184;1;1;2;"S-3";2;"S-1"
-21.5024301412505;2.38850504986936;-172.607167598276;26.1271416818727;"T18";8.5300502832979;1;1;2;"S-3";2;"S-1"
-21.4971616190712;2.36766845941739;-173.881259115784;26.2686686629428;"T18";8.58930365648121;1;1;2;"S-3";2;"S-1"
-21.18081796313;2.78547376386243;-174.772569755845;26.3668364177102;"T18";8.63076543901116;1;1;2;"S-3";2;"S-1"
-21.0452197764097;2.93002788813802;-175.426363214783;26.4528163137665;"T18";8.6616326821968;1;1;2;"S-3";2;"S-1"
-20.830172576441;2.99444318408551;-176.469564817729;26.5980564120908;"T18";8.71120220981538;1;1;2;"S-3";2;"S-1"
-20.4000284055308;3.29509894679417;-178.708141584151;26.9198632005687;"T18";8.81867019925267;1;1;2;"S-3";2;"S-1"
-21.1255325114405;3.04002252505754;-180.810925790204;27.2595138071738;"T18";8.9217477128841;1;1;2;"S-3";2;"S-1"
-21.9468490879505;2.72285629084334;-183.714628734517;27.6773646874774;"T18";9.05919764190912;1;1;2;"S-3";2;"S-1"
-22.1295139903109;2.48956129516656;-186.236136755672;27.9901979306596;"T18";9.1740892152302;1;1;2;"S-3";2;"S-1"
-21.4051873510783;2.23773607743927;-197.246061611862;29.2288099849805;"T18";9.67161143198609;1;1;2;"S-3";2;"S-1"
-21.4800138905033;2.21383858333144;-198.681057609517;29.3788270001211;"T18";9.73865106934682;1;1;2;"S-3";2;"S-1"
-21.1146873148333;2.75926004803596;-207.067519780804;30.2431780953805;"T18";10.1290820166469;1;1;2;"S-3";2;"S-1"
-21.2123025834826;2.74182656189617;-207.443088772661;30.2922573215637;"T18";10.1468691136688;1;1;2;"S-3";2;"S-1"
-21.3477365285929;2.9219832803209;-207.980878818379;30.3617701444301;"T18";10.1722218561918;1;1;2;"S-3";2;"S-1"
-21.5320895585111;2.85862147157649;-208.195302683602;30.3911195299373;"T18";10.182266193442;1;1;2;"S-3";2;"S-1"
-21.9028992832018;2.38668736757788;-210.584451346944;30.7083052656392;"T18";10.2932237787172;1;1;2;"S-3";2;"S-1"
-21.5145462400152;2.47390303086762;-211.249947068653;30.7808221599391;"T18";10.3236076887697;1;1;2;"S-3";2;"S-1"
-21.6100443760002;2.37198688888116;-211.639896304519;30.8256614322032;"T18";10.3417325997725;1;1;2;"S-3";2;"S-1"
-21.4834648977011;2.40350170072794;-213.407153278325;31.0196411528467;"T18";10.423512023408;1;1;2;"S-3";2;"S-1"
-21.6839630155783;2.16353108127272;-215.979607454736;31.3074391415552;"T18";10.543253144715;1;1;2;"S-3";2;"S-1"
-21.4013715964319;2.2561532743237;-217.388512096696;31.4480134904988;"T18";10.6082276441157;1;1;2;"S-3";2;"S-1"
-21.701647377467;2.0295218821175;-218.771310339627;31.5937894174976;"T18";10.6728402432054;1;1;2;"S-3";2;"S-1"
-22.0512667993763;2.26816659115404;-219.629090273638;31.6740083573705;"T18";10.712366271764;1;1;2;"S-3";2;"S-1"
-21.7263891691157;2.47602437818594;-221.079110215995;31.8231556521579;"T18";10.7781230355613;1;1;2;"S-3";2;"S-1"
-21.7593987670662;2.48376715593263;-221.151151828894;31.8313657964388;"T18";10.7814388931729;1;1;2;"S-3";2;"S-1"
-21.8151013706062;2.28194955025324;-221.788616888056;31.9041304345592;"T18";10.8107349718921;1;1;2;"S-3";2;"S-1"
-21.892374101632;2.33004171616695;-222.36951530353;31.9648948039477;"T18";10.8373632421717;1;1;2;"S-3";2;"S-1"
-21.7912299865137;2.36932377244254;-222.515510006265;31.9804332625057;"T18";10.8440319891088;1;1;2;"S-3";2;"S-1"
-21.8601275973289;2.34322740872899;-222.559312234155;31.9851958050464;"T18";10.8460420742631;1;1;2;"S-3";2;"S-1"
-21.6082040170618;2.39464774506882;-223.717657659738;32.1093609883426;"T18";10.8990310342051;1;1;2;"S-3";2;"S-1"
-21.8603892176594;2.04571365724176;-226.621064213662;32.4311200735439;"T18";11.033396970015;1;1;2;"S-3";2;"S-1"
-21.9564092331126;1.9963664360001;-226.778142867445;32.4458196264249;"T18";11.0405825078487;1;1;2;"S-3";2;"S-1"
-21.7441559560395;1.92796971079687;-227.101638130742;32.4752331374865;"T18";11.0553160309792;1;1;2;"S-3";2;"S-1"
-21.2836723500652;1.70264098918322;-231.173505093374;32.8362697390553;"T18";11.2425786210224;1;1;2;"S-3";2;"S-1"
-21.1588307864915;1.82303826770535;-231.470946555429;32.8600643181508;"T18";11.2565537216142;1;1;2;"S-3";2;"S-1"
-20.9685987519818;1.84696726735104;-232.778288985474;32.97270453457;"T18";11.3183408044279;1;1;2;"S-3";2;"S-1"
-20.6592397768;2.07945280911127;-234.55150361935;33.1288937690293;"T18";11.4029060467146;1;1;2;"S-3";2;"S-1"
-20.7482365475184;2.11047662975657;-235.559421970537;33.230345645738;"T18";11.4516938221641;1;1;2;"S-3";2;"S-1"
-20.8624403310088;2.28069524193646;-235.797621027576;33.2545748635782;"T18";11.463174270466;1;1;2;"S-3";2;"S-1"
-20.8287306990779;2.31064006023488;-237.209006950097;33.4088684700288;"T18";11.5308262757026;1;1;2;"S-3";2;"S-1"
-21.0145938314015;2.25100445883029;-237.437102443713;33.4341722963984;"T18";11.5417772787623;1;1;2;"S-3";2;"S-1"
-21.0404966067511;2.2412749039602;-239.412809786433;33.6458026554472;"T18";11.6357932449318;1;1;2;"S-3";2;"S-1"
-21.4886799928149;2.19291183798566;-241.065920060199;33.8218951992365;"T18";11.714361270424;1;1;2;"S-3";2;"S-1"
-21.3886764886505;2.0025532192588;-242.026918407927;33.9199647248527;"T18";11.7590824142098;1;1;2;"S-3";2;"S-1"
-21.4432859103753;2.18241529983468;-243.166655953924;34.0266746979106;"T18";11.8123693740927;1;1;2;"S-3";2;"S-1"
-20.9051429299423;2.42644685398452;-244.992690219183;34.2125214536354;"T18";11.8975258315913;1;1;2;"S-3";2;"S-1"
-21.4425432981369;2.51232646400762;-248.523636144972;34.6223561369922;"T18";12.0664290501736;1;1;2;"S-3";2;"S-1"
-21.5526735504235;2.29201164636025;-249.282301569663;34.7112455563712;"T18";12.1018103673123;1;1;2;"S-3";2;"S-1"
-21.4354191866768;2.32906603674529;-249.70701717198;34.756411790835;"T18";12.1215163031593;1;1;2;"S-3";2;"S-1"
-21.4709049580481;2.35881286874676;-250.763070959402;34.8711573429439;"T18";12.1707830694504;1;1;2;"S-3";2;"S-1"
-21.6315533974623;2.25401158469312;-251.154142100647;34.9141207691416;"T18";12.188997073099;1;1;2;"S-3";2;"S-1"
-21.3271121805195;2.47956973569471;-251.859304129356;34.9875987738226;"T18";12.2215958428569;1;1;2;"S-3";2;"S-1"
-21.1982543884803;2.36626383227613;-252.91427502172;35.1102536309173;"T18";12.2710620285943;1;1;2;"S-3";2;"S-1"
-21.2744493822449;2.4131976909168;-253.452581521815;35.1703423145661;"T18";12.2964559355751;1;1;2;"S-3";2;"S-1"
-21.5244220636532;2.36898062783448;-254.906486234274;35.33526124769;"T18";12.3647963511758;1;1;2;"S-3";2;"S-1"
-21.2575070527465;2.6206756933079;-255.144909487403;35.3615021412302;"T18";12.3758732224815;1;1;2;"S-3";2;"S-1"
-21.2635465388149;2.5972122137126;-255.191943379101;35.3673005905229;"T18";12.3780858004466;1;1;2;"S-3";2;"S-1"
-21.3242728510791;2.73956732809256;-256.299768232008;35.5026146235499;"T18";12.4301855219528;1;1;2;"S-3";2;"S-1"
-21.367145949995;2.65863914098978;-256.528698084134;35.5320256495525;"T18";12.4409211683087;1;1;2;"S-3";2;"S-1"
-21.2847101386445;2.67955128463077;-257.197929902187;35.615295820966;"T18";12.4722417676821;1;1;2;"S-3";2;"S-1"
-20.7336264925072;2.82186397845691;-259.440111048723;35.8975660202047;"T18";12.5775841064751;1;1;2;"S-3";2;"S-1"
-21.1062367279912;2.7249094278292;-260.419246033375;36.0308271139278;"T18";12.6248085987754;1;1;2;"S-3";2;"S-1"
-21.3309114411807;2.51085317898754;-263.63519439509;36.4460204107331;"T18";12.7771781757474;1;1;2;"S-3";2;"S-1"
-21.3204561715829;2.70966786775717;-264.297380955374;36.523966129769;"T18";12.8082216950133;1;1;2;"S-3";2;"S-1"
-21.451805097245;2.57530192859962;-264.540885253483;36.5549136745559;"T18";12.8196428529918;1;1;2;"S-3";2;"S-1"
-21.0628431394738;2.85046017148429;-266.852435495042;36.8324166524245;"T18";12.9273983649909;1;1;2;"S-3";2;"S-1"
-21.3264275336122;2.81496343349448;-267.244862299818;36.8855242490499;"T18";12.946029601153;1;1;2;"S-3";2;"S-1"
-21.295621614833;2.53708588677594;-267.964011049739;36.980447668881;"T18";12.9797506146133;1;1;2;"S-3";2;"S-1"
-21.2097303013497;2.70765907571501;-268.25901269179;37.0155931328717;"T18";12.9936033044942;1;1;2;"S-3";2;"S-1"
-21.7079601907584;2.16003519172625;-275.420802535709;37.9298756340507;"T18";13.3312685997225;1;1;2;"S-3";2;"S-1"
-21.8600561900535;1.96977883948344;-275.976106241481;37.9851307356827;"T18";13.356849248521;1;1;2;"S-3";2;"S-1"
-22.096857085586;1.80642440470637;-277.31009846223;38.1053348936969;"T18";13.4178734384477;1;1;2;"S-3";2;"S-1"
-21.9478654182291;1.66950229228396;-279.265758518756;38.2652106642526;"T18";13.506377430167;1;1;2;"S-3";2;"S-1"
-21.8080270001954;1.58947229154191;-283.437250129617;38.5825223788028;"T18";13.6964410892688;1;1;2;"S-3";2;"S-1"
-21.9526441132192;1.66555396506395;-284.10975818852;38.6315379511632;"T18";13.7272787280381;1;1;2;"S-3";2;"S-1"
-21.8078511558439;1.76441273631081;-284.314188951691;38.6470481770122;"T18";13.7365910806693;1;1;2;"S-3";2;"S-1"
-21.6863634349609;2.09381711305936;-287.266338210608;38.8858983835136;"T18";13.871962018311;1;1;2;"S-3";2;"S-1"
-21.619515441268;2.17220659553296;-287.392474786098;38.898076862452;"T18";13.8777784188278;1;1;2;"S-3";2;"S-1"
-21.6420775379283;1.83755941659002;-292.17316164997;39.3784132310025;"T18";14.0989067265764;1;1;2;"S-3";2;"S-1"
-21.1104450089094;1.88365255848578;-293.129068504274;39.4595762172468;"T18";14.1430756310001;1;1;2;"S-3";2;"S-1"
-21.0976002557109;2.24714209239217;-298.589030298554;39.9467602154377;"T18";14.401713560801;1;1;2;"S-3";2;"S-1"
-21.1164250209009;2.34482434700596;-298.965345582718;39.986842210774;"T18";14.4195504370145;1;1;2;"S-3";2;"S-1"
-20.7392175311916;2.42402471492388;-301.189172566963;40.233781910606;"T18";14.524863101542;1;1;2;"S-3";2;"S-1"
-20.8255696360649;2.63071120096615;-303.596148024793;40.5151121000995;"T18";14.6409222274087;1;1;2;"S-3";2;"S-1"
-20.6445095456593;2.68422456171051;-304.530906107989;40.6331918742728;"T18";14.6858073421754;1;1;2;"S-3";2;"S-1"
-20.5910580721989;2.71815963904732;-306.108426378931;40.8383030031419;"T18";14.7622208925895;1;1;2;"S-3";2;"S-1"
-20.7744804473968;2.9921596914556;-309.471959616954;41.2823122551255;"T18";14.9255701107904;1;1;2;"S-3";2;"S-1"
-20.9874473095486;3.44075384684351;-311.725989528446;41.606961406356;"T18";15.0340700522065;1;1;2;"S-3";2;"S-1"
-21.1974111703481;3.119864656;-314.842312015578;42.1178619664601;"T18";15.1825551176444;1;1;2;"S-3";2;"S-1"
-21.7641652951748;2.82834929410821;-316.79973066204;42.4059575835623;"T18";15.2748974622227;1;1;2;"S-3";2;"S-1"
-21.7720844892943;2.83519064348585;-317.215809183466;42.4600288229786;"T18";15.2940150583163;1;1;2;"S-3";2;"S-1"
-21.6542583087147;2.9601468594076;-317.387913119012;42.4824404330386;"T18";15.3019198565744;1;1;2;"S-3";2;"S-1"
-21.4965365071496;2.98793000159082;-317.864037165101;42.5475268044869;"T18";15.3239074046724;1;1;2;"S-3";2;"S-1"
-21.502584656791;2.98002660254531;-319.028077724708;42.7093236460368;"T18";15.3780575492419;1;1;2;"S-3";2;"S-1"
-21.5466984877991;2.98485870196145;-320.053904010178;42.8514921187615;"T18";15.4257646645419;1;1;2;"S-3";2;"S-1"
-21.8118814575919;2.80800360696011;-320.86314346529;42.9635958561823;"T18";15.4633221332915;1;1;2;"S-3";2;"S-1"
-21.7785612422859;2.79536428817213;-320.983985509692;42.9791527395816;"T18";15.4688623268157;1;1;2;"S-3";2;"S-1"
-21.8353185497782;2.80275146718919;-321.06363480219;42.9893760406228;"T18";15.472519560717;1;1;2;"S-3";2;"S-1"
-21.6002529931478;2.84151099676494;-322.062065268601;43.1175332025273;"T18";15.5182450427674;1;1;2;"S-3";2;"S-1"
-21.6261156339258;2.88745837669625;-322.385004334211;43.1600158024537;"T18";15.5331957503222;1;1;2;"S-3";2;"S-1"
-21.6146865284888;2.94326713861468;-322.871343376449;43.2249504289579;"T18";15.555684256833;1;1;2;"S-3";2;"S-1"
-21.6171974052202;2.32832142705912;-327.612167421869;43.8705074026593;"T18";15.7750177197158;1;1;2;"S-3";2;"S-1"
-21.6222080573207;2.28639675972245;-328.09960043161;43.9230073035282;"T18";15.7975661102682;1;1;2;"S-3";2;"S-1"
-21.6859514288828;2.31176114746166;-328.702772502005;43.9867885169755;"T18";15.8254620619118;1;1;2;"S-3";2;"S-1"
-21.5423312620234;2.36008539464273;-329.029402781084;44.0216078879972;"T18";15.8405238995329;1;1;2;"S-3";2;"S-1"
-21.5112985816189;2.46834896040623;-329.841695795329;44.1105992258321;"T18";15.8782307291403;1;1;2;"S-3";2;"S-1"
-21.3778830249581;2.48524917869218;-330.056508407205;44.1352482485396;"T18";15.8882167655975;1;1;2;"S-3";2;"S-1"
-21.0180586003492;2.95915283708329;-334.750584975767;44.6809500808078;"T18";16.1077930708416;1;1;2;"S-3";2;"S-1"
-21.3462504968366;2.88076896314898;-335.421799218941;44.7754509845186;"T18";16.1397281917743;1;1;2;"S-3";2;"S-1"
-21.7475064732951;2.25984244356166;-337.352261460749;45.0359752256052;"T18";16.2301638512872;1;1;2;"S-3";2;"S-1"
-21.4753681551924;2.48075484374052;-338.74465932968;45.1806630686183;"T18";16.2941894843243;1;1;2;"S-3";2;"S-1"
-21.5872384420787;2.39903343127384;-339.178870329634;45.2308215121689;"T18";16.3144085090607;1;1;2;"S-3";2;"S-1"
-21.7267700971691;2.43625626031734;-340.172380910896;45.3412323507376;"T18";16.3604315603152;1;1;2;"S-3";2;"S-1"
-21.7122086859108;2.53993312048322;-343.395211368216;45.7026133034735;"T18";16.5087661007419;1;1;2;"S-3";2;"S-1"
-21.7148531695994;2.55552391766142;-343.953001245567;45.7678645639163;"T18";16.5344562497921;1;1;2;"S-3";2;"S-1"
-21.261424594382;2.5684615585406;-346.589169860755;46.0781034540661;"T18";16.6558555793017;1;1;2;"S-3";2;"S-1"
-21.1251782328127;2.74088401645912;-347.667463966614;46.2083655137604;"T18";16.7065715650097;1;1;2;"S-3";2;"S-1"
-21.2964327324729;2.6235857529788;-349.518566025064;46.4485365546351;"T18";16.7941969586536;1;1;2;"S-3";2;"S-1"
-21.2273779124482;2.42417567933007;-351.053207330435;46.6375946525468;"T18";16.8662579148076;1;1;2;"S-3";2;"S-1"
-21.1976428532124;2.61628438884383;-351.44696089071;46.6825614783321;"T18";16.8848072411492;1;1;2;"S-3";2;"S-1"
-21.2445578264322;2.71153757607812;-351.638519451245;46.7062042802676;"T18";16.8938440270722;1;1;2;"S-3";2;"S-1"
-21.1346177288934;2.79881254670622;-352.311392152426;46.7920860212798;"T18";16.925516736228;1;1;2;"S-3";2;"S-1"
-21.0445925648411;2.72234731279233;-353.037031280902;46.8881808701772;"T18";16.9598508859053;1;1;2;"S-3";2;"S-1"
-20.8553925491603;2.93091174061077;-353.982750378267;47.0105199382981;"T18";17.0047897030599;1;1;2;"S-3";2;"S-1"
-20.4748152554634;2.9294542500224;-355.524045546363;47.2271257918331;"T18";17.0786936185323;1;1;2;"S-3";2;"S-1"
-20.4637791745962;3.140120138847;-356.900020337626;47.4239947330125;"T18";17.1458969009109;1;1;2;"S-3";2;"S-1"
-21.6652087486995;2.78299189082058;-364.269318224179;48.5547966491833;"T18";17.5060111214407;1;1;2;"S-3";2;"S-1"
-21.7802986153016;2.56980853036228;-367.847226315696;49.0143947689287;"T18";17.6711564534344;1;1;2;"S-3";2;"S-1"
-21.548233414296;2.58691087719576;-368.098578960924;49.0440513031776;"T18";17.6826968207024;1;1;2;"S-3";2;"S-1"
-22.0619770260475;2.04289390960605;-369.230220523841;49.1799072599937;"T18";17.7352134953253;1;1;2;"S-3";2;"S-1"
-21.9744153614705;2.12915937046287;-369.30796839612;49.1871065538093;"T18";17.73873756174;1;1;2;"S-3";2;"S-1"
-21.6518021886612;2.36013996582359;-369.718865464225;49.226919460249;"T18";17.7574364468455;1;1;2;"S-3";2;"S-1"
-21.3409622014402;2.39090264255535;-370.484934744086;49.3104243208714;"T18";17.7928177639842;1;1;2;"S-3";2;"S-1"
-20.8793406878128;2.45585782196818;-373.749170323732;49.6761280506111;"T18";17.9457741091028;1;1;2;"S-3";2;"S-1"
-20.8886927257715;2.58903227729312;-376.705390760514;50.0238429134357;"T18";18.0873600183986;1;1;2;"S-3";2;"S-1"
-20.8713512554012;2.69298083890593;-379.371169364908;50.3542507058956;"T18";18.2149782776833;1;1;2;"S-3";2;"S-1"
-20.7876703861961;2.78610912884422;-381.639510117663;50.6469293211193;"T18";18.3236603043042;1;1;2;"S-3";2;"S-1"
-20.8546695820384;2.77402399813593;-381.682485020941;50.6526891185429;"T18";18.3257276308723;1;1;2;"S-3";2;"S-1"
-20.9061497815956;2.81337171254176;-382.976212235848;50.8247767331213;"T18";18.3877630042844;1;1;2;"S-3";2;"S-1"
-20.6673154052835;2.99256713616716;-383.950541882101;50.9558937247288;"T18";18.4343679342419;1;1;2;"S-3";2;"S-1"
-20.8365541729354;2.87315274951879;-384.383487903289;51.0185830488783;"T18";18.4553162776865;1;1;2;"S-3";2;"S-1"
-20.6766039083804;2.75760429243377;-385.566993786635;51.1817766918668;"T18";18.5121157788672;1;1;2;"S-3";2;"S-1"
-21.0542250617636;2.70048590399656;-386.514261937197;51.3081122704584;"T18";18.5579293058254;1;1;2;"S-3";2;"S-1"
-21.1431847336297;2.70268343595555;-386.688948628535;51.3305181745555;"T18";18.5662262956612;1;1;2;"S-3";2;"S-1"
-20.9783236447647;2.95191195630774;-388.841118713957;51.6056250004434;"T18";18.6680165468715;1;1;2;"S-3";2;"S-1"
-20.8421780168696;2.9939387785537;-389.275626820191;51.666765713859;"T18";18.6887287884019;1;1;2;"S-3";2;"S-1"
-21.133419061636;2.97398632708424;-392.662538079644;52.1532890009641;"T18";18.8512315391563;1;1;2;"S-3";2;"S-1"
-21.1837363550971;2.98547105912568;-393.108813846112;52.2160908610755;"T18";18.8723486033268;1;1;2;"S-3";2;"S-1"
-21.0491328490905;2.57784308067719;-395.519394912629;52.5558194098606;"T18";18.9861425547861;1;1;2;"S-3";2;"S-1"
-21.3398734639745;2.38887636082624;-396.767454795685;52.7086666818538;"T18";19.0454352530651;1;1;2;"S-3";2;"S-1"
-21.5559767526243;1.98673534358707;-398.946911177329;52.9526443154771;"T18";19.1475659608841;1;1;2;"S-3";2;"S-1"
-21.9397335577782;2.14180630979144;-400.15091926351;53.0636133263566;"T18";19.2034209147096;1;1;2;"S-3";2;"S-1"
-21.6883460259118;2.42121641583952;-401.976563168886;53.2418368050361;"T18";19.2866326775402;1;1;2;"S-3";2;"S-1"
-21.8462749632588;2.16934588224994;-402.802484398006;53.3340399650071;"T18";19.324714015238;1;1;2;"S-3";2;"S-1"
-22.0655780363113;2.13386728463857;-404.3987443528;53.4925493660724;"T18";19.3977818475105;1;1;2;"S-3";2;"S-1"
-21.8790564690819;1.83181107259564;-406.432566771832;53.6892315973557;"T18";19.4899535737932;1;1;2;"S-3";2;"S-1"
-22.1208319425522;1.86395995621869;-411.801471623797;54.1387399831236;"T18";19.7353437193669;1;1;2;"S-3";2;"S-1"
-22.1504735400198;1.74989085369148;-413.594800780614;54.2898506531611;"T18";19.8164134169929;1;1;2;"S-3";2;"S-1"
-22.0424163062154;1.6685855883963;-415.35940010333;54.4292542740215;"T18";19.8960775975138;1;1;2;"S-3";2;"S-1"
-21.4555236128021;2.06900752675858;-418.561728509226;54.6716668549817;"T18";20.0413578771986;1;1;2;"S-3";2;"S-1"
-21.5667546955722;2.14365866117199;-421.515825173501;54.9565374712136;"T18";20.1790425460786;1;1;2;"S-3";2;"S-1"
-21.8657680593015;2.13626358289956;-422.705293225334;55.0747663622773;"T18";20.2341953990981;1;1;2;"S-3";2;"S-1"
-21.5047688825833;2.10677213482757;-425.538616878244;55.3515792380868;"T18";20.363773452118;1;1;2;"S-3";2;"S-1"
-21.3587006986828;2.06224046849725;-427.357455011834;55.5297665749762;"T18";20.4483518144116;1;1;2;"S-3";2;"S-1"
-21.7444543212939;2.0723717576267;-428.25051931474;55.615994355046;"T18";20.490164484363;1;1;2;"S-3";2;"S-1"
-21.0177297752614;2.2141645862228;-430.4576660752;55.8263481557775;"T18";20.5916683771648;1;1;2;"S-3";2;"S-1"
-20.6938706583036;2.7510355185167;-432.84983298622;56.0783568796192;"T18";20.7054849946871;1;1;2;"S-3";2;"S-1"
-20.4979333222622;3.41705408815025;-435.909210174616;56.4850693525437;"T18";20.8533247699961;1;1;2;"S-3";2;"S-1"
-20.291623274599;3.5172235131814;-436.230858843816;56.5386889483711;"T18";20.8690165309235;1;1;2;"S-3";2;"S-1"
-20.4449728614608;3.57273038767259;-436.657175866447;56.6125840841014;"T18";20.8900260389782;1;1;2;"S-3";2;"S-1"
-21.0397847640596;3.25523089440922;-440.072929210904;57.2094821995077;"T18";21.0570966126397;1;1;2;"S-3";2;"S-1"
-21.0677482726958;3.17551038093708;-441.813946202437;57.4788486574864;"T18";21.1398454150185;1;1;2;"S-3";2;"S-1"
-21.1598539786666;2.99866259213322;-442.81779109309;57.6301567056868;"T18";21.1874938337132;1;1;2;"S-3";2;"S-1"
-21.5961194465304;2.94173299690696;-444.738275295253;57.9023175694439;"T18";21.2782545830123;1;1;2;"S-3";2;"S-1"
-21.1476968598747;2.82549186695177;-448.229031496256;58.3778137680121;"T18";21.4398927055299;1;1;2;"S-3";2;"S-1"
-21.3493841053384;3.02503684370131;-449.899450814005;58.6009943927378;"T18";21.5188809437677;1;1;2;"S-3";2;"S-1"
-21.118402357189;3.02363605862327;-450.438155549348;58.6773245418536;"T18";21.5441137435846;1;1;2;"S-3";2;"S-1"
-21.570706289229;2.77428954614732;-452.477892832936;58.9693647774955;"T18";21.6406995197758;1;1;2;"S-3";2;"S-1"
-21.6563215491047;2.83956855420581;-453.037732760482;59.0413678930951;"T18";21.6666532331146;1;1;2;"S-3";2;"S-1"
-22.2279531241397;2.65721714499711;-457.471576413329;59.6227317679498;"T18";21.8713899259456;1;1;2;"S-3";2;"S-1"
-22.2195975255223;2.32496635311127;-461.279921655548;60.0779963717205;"T18";22.0427212771028;1;1;2;"S-3";2;"S-1"
-22.0731161156379;2.15325772801077;-463.735331591419;60.3349202641284;"T18";22.153227776289;1;1;2;"S-3";2;"S-1"
-22.0808495055375;2.09741508452699;-463.965933683925;60.3574157620536;"T18";22.1636749687605;1;1;2;"S-3";2;"S-1"
-21.9188270969034;2.0871256290646;-465.465002661089;60.4998092820431;"T18";22.231564973481;1;1;2;"S-3";2;"S-1"
-20.8166908798235;2.44561467184587;-468.505194941957;60.7892984594809;"T18";22.3702672985382;1;1;2;"S-3";2;"S-1"
-20.9502708400993;2.40213401297091;-468.954576194162;60.8420932763896;"T18";22.3918548435904;1;1;2;"S-3";2;"S-1"
-20.989068510783;2.07103743520451;-474.016138953333;61.4224462539425;"T18";22.6334537612274;1;1;2;"S-3";2;"S-1"
-21.387803794899;2.32011290961401;-476.135110042582;61.6315297798596;"T18";22.7344096987508;1;1;2;"S-3";2;"S-1"
-21.2092175311638;2.38845619892383;-476.240133424395;61.642922539317;"T18";22.7393201319501;1;1;2;"S-3";2;"S-1"
-21.1256919616039;2.42071884433239;-477.340530328113;61.7668427076164;"T18";22.7912030881271;1;1;2;"S-3";2;"S-1"
-21.7335539961086;2.43614573268283;-480.237771101417;62.098827352155;"T18";22.9283460881561;1;1;2;"S-3";2;"S-1"
-21.7081817814596;2.27291929514258;-482.63228453134;62.3672318512629;"T18";23.0385219678283;1;1;2;"S-3";2;"S-1"
-21.5453318730599;2.31655596431194;-483.615596839037;62.4701879412669;"T18";23.0838188203052;1;1;2;"S-3";2;"S-1"
-21.4377619185633;2.26922135300494;-485.651630151884;62.689102420849;"T18";23.1783187948167;1;1;2;"S-3";2;"S-1"
-21.4767999617351;2.16590384380371;-488.42433751935;62.9825979260136;"T18";23.3076563337818;1;1;2;"S-3";2;"S-1"
-21.552017352054;2.22593174707359;-488.702844231376;63.0106849203133;"T18";23.3206241275184;1;1;2;"S-3";2;"S-1"
-21.5887551648059;2.18835237087524;-489.024528729804;63.0439090833184;"T18";23.3355500851758;1;1;2;"S-3";2;"S-1"
-21.4386260833288;1.78611056520116;-490.818139936097;63.2257191648055;"T18";23.4186308924109;1;1;2;"S-3";2;"S-1"
-21.4297467977161;1.75460132687175;-490.97443594807;63.2387406129711;"T18";23.425921285525;1;1;2;"S-3";2;"S-1"
-21.4212715091278;1.77204855104174;-491.43910924304;63.2767866238555;"T18";23.4476048499346;1;1;2;"S-3";2;"S-1"
-21.5869806371532;1.77568508785394;-493.743583788098;63.4674214690719;"T18";23.5551836434752;1;1;2;"S-3";2;"S-1"
-21.516397373723;1.52815633691397;-496.757389731036;63.7153287776721;"T18";23.6947958474047;1;1;2;"S-3";2;"S-1"
-21.5647541407641;1.59077633451297;-497.137611915035;63.7423332491839;"T18";23.712467122823;1;1;2;"S-3";2;"S-1"
-21.5469699571066;1.53562702780056;-497.854749132341;63.7952346134397;"T18";23.7457221839577;1;1;2;"S-3";2;"S-1"
-21.1824607012251;1.6605899292247;-499.144436409486;63.8871490981277;"T18";23.8055768772028;1;1;2;"S-3";2;"S-1"
-20.9998723396264;2.08603298016025;-500.738196174296;64.0120912119064;"T18";23.8808164722286;1;1;2;"S-3";2;"S-1"
-21.0841882842223;2.05085442541388;-500.81660696989;64.0198801880947;"T18";23.8845503423363;1;1;2;"S-3";2;"S-1"
-21.6181008020839;1.83416821169682;-504.726341590956;64.4001792274372;"T18";24.0699847810902;1;1;2;"S-3";2;"S-1"
-21.4175677196253;1.82428676140962;-505.295615197908;64.4484787317826;"T18";24.0963179734536;1;1;2;"S-3";2;"S-1"
-21.2792820824284;2.26415822178117;-508.279344708148;64.7026242218968;"T18";24.2356302216649;1;1;2;"S-3";2;"S-1"
-21.2989020828586;2.34815859409528;-508.363741857093;64.7116042475358;"T18";24.2395963869058;1;1;2;"S-3";2;"S-1"
-21.2867628539362;3.18816688704934;-513.155125796144;65.2398441225454;"T18";24.4645555852912;1;1;2;"S-3";2;"S-1"
-21.664610832676;2.97569460303077;-514.037717636761;65.3720319098733;"T18";24.5060175890103;1;1;2;"S-3";2;"S-1"
-22.0604669855696;2.79242262576594;-516.056959231211;65.6493803635902;"T18";24.5992221985944;1;1;2;"S-3";2;"S-1"
-21.9462532974436;2.73134173162269;-518.400750173821;65.9460583469932;"T18";24.7054661391303;1;1;2;"S-3";2;"S-1"
-21.8807360460116;2.9715553624821;-520.203509113804;66.1704224176205;"T18";24.7876104083844;1;1;2;"S-3";2;"S-1"
-21.9334155195233;2.92971138776411;-520.290538302637;66.1822415836772;"T18";24.7915878426284;1;1;2;"S-3";2;"S-1"
-22.2302155648602;2.81991027431017;-521.030973662695;66.2811437316045;"T18";24.8253461671993;1;1;2;"S-3";2;"S-1"
-21.9005082101131;2.52830801297382;-523.7414261442;66.6249655347861;"T18";24.9472726718523;1;1;2;"S-3";2;"S-1"
-21.9253750630813;2.56064164950729;-523.796100070209;66.6312773757674;"T18";24.9497691402212;1;1;2;"S-3";2;"S-1"
-22.0029763404364;2.47192977189446;-525.756542162837;66.8602353598104;"T18";25.0391834415495;1;1;2;"S-3";2;"S-1"
-22.0623359022161;2.47680716232145;-525.960156541148;66.8831104670661;"T18";25.0484373886138;1;1;2;"S-3";2;"S-1"
-14.8737183199435;-3.8424947972133;-529.417083018121;67.2711990310212;"T18";25.2051264396869;2;1;1;"S-4-NA";8;"S-2"
-12.9800775175918;-4.96971998427703;-530.120336475534;67.089519662547;"T18";25.2524080569856;2;1;1;"S-4-NA";8;"S-2"
-11.7366131279146;-5.55131208850277;-530.56222111782;66.9203340059484;"T18";25.2864513546228;2;1;1;"S-4-NA";8;"S-2"
-10.3151965441036;-6.35721840088948;-530.99461940986;66.7158135161369;"T18";25.3232931834646;2;1;1;"S-4-NA";8;"S-2"
-8.17486569384195;-7.56128103144906;-531.772766176073;66.2362444725796;"T18";25.3987301141024;2;1;1;"S-4-NA";8;"S-2"
-6.01630318112664;-8.06163631554997;-532.271243399193;65.775181684156;"T18";25.4597069229931;2;1;1;"S-4-NA";8;"S-2"
-5.30566714483259;-8.2613691098708;-532.466581363797;65.5134356281732;"T18";25.4921750281937;2;1;1;"S-4-NA";8;"S-2"
-4.09441828795546;-8.43975705690089;-532.698940903575;65.1516323201441;"T18";25.5359696224332;2;1;6;"S-5-NA";8;"S-2"
-3.93497224209398;-8.36084587465765;-532.715564273071;65.1173668420827;"T18";25.540029630065;2;1;6;"S-5-NA";8;"S-2"
-2.24432534974129;-8.33556213640281;-533.051195544897;64.4042331369879;"T18";25.6253240746446;2;1;6;"S-5-NA";8;"S-2"
-0.531478420085197;-7.89255887959112;-533.239197631432;63.7059818454501;"T18";25.7090918254107;2;1;6;"S-5-NA";8;"S-2"
0.414530184836142;-7.56413523410747;-533.265587647772;63.314084921844;"T18";25.7587458007038;2;1;6;"S-5-NA";8;"S-2"
0.831429163494836;-7.33043460666012;-533.250885361425;63.0458051047117;"T18";25.7942131487653;2;1;6;"S-5-NA";8;"S-2"
1.0494488192499;-7.23430946352374;-533.240239609087;62.9519450444977;"T18";25.8070173091255;2;1;6;"S-5-NA";8;"S-2"
1.74418467969898;-6.46920791448761;-533.169584886575;62.4648911564633;"T18";25.8743428625166;2;1;6;"S-5-NA";8;"S-2"
1.85403506425815;-6.48654169947204;-533.156722776896;62.4171853930176;"T18";25.8817171445116;2;1;6;"S-5-NA";8;"S-2"
2.10451385942448;-6.41167981808228;-533.10517118761;62.2368265961295;"T18";25.909522222355;2;1;6;"S-5-NA";8;"S-2"
2.95899719458343;-5.49720610929938;-532.794554116087;61.2904906051756;"T18";26.0571178630926;2;1;6;"S-5-NA";8;"S-2"
3.5317819527671;-4.72309630624591;-532.56921877014;60.8718640371453;"T18";26.1332704685628;2;1;6;"S-5-NA";8;"S-2"
3.99790673696026;-3.41279793737988;-531.986904036495;60.0931272395923;"T18";26.2981489184313;2;1;6;"S-5-NA";8;"S-2"
3.93075234338601;-3.31395943755468;-531.972445466435;60.0807847360461;"T18";26.3017654535361;2;1;6;"S-5-NA";8;"S-2"
4.05095494832827;-2.85789510652751;-531.833282549298;59.9634585291743;"T18";26.3371690874919;2;1;6;"S-5-NA";8;"S-2"
4.16873455680039;-2.24831344003714;-531.491018909558;59.7219960607856;"T18";26.4216587063856;2;1;6;"S-5-NA";8;"S-2"
4.70513127480459;-1.2032379086866;-530.907192361556;59.4071223127357;"T18";26.5617075725459;2;1;6;"S-5-NA";8;"S-2"
3.78703997922625;-1.0912601317033;-530.404934835096;59.2786805625563;"T18";26.6684543341398;2;1;8;"S-6";8;"S-2"
3.73437179388739;-1.02098528204124;-530.355343146912;59.2643903959681;"T18";26.6815494396724;2;1;8;"S-6";8;"S-2"
3.77181703107136;-1.03360474933537;-530.331287349207;59.2578134891254;"T18";26.6879911650904;2;1;8;"S-6";8;"S-2"
3.87431146805086;-0.920886664084814;-530.299614778417;59.2491341392729;"T18";26.6963883303106;2;1;8;"S-6";8;"S-2"
3.76329455030362;-0.801585971475072;-530.257251949471;59.2390649012804;"T18";26.7073226161301;2;1;8;"S-6";8;"S-2"
3.70085767600257;-0.601006281950571;-530.117851842537;59.2093725217319;"T18";26.7443646560423;2;1;8;"S-6";8;"S-2"
3.70986816333612;-0.513239441865268;-530.083908558274;59.2038602516426;"T18";26.7535363906063;2;1;8;"S-6";8;"S-2"
2.02128409905973;-1.25466740829086;-529.129980302517;59.0718896305831;"T18";27.0106690470129;2;1;8;"S-6";8;"S-2"
1.99823397686673;-1.20201424868186;-529.084590198826;59.0437147274181;"T18";27.0331251202151;2;1;8;"S-6";8;"S-2"
2.01554364454287;-1.09180609743851;-528.976756670102;58.978848730987;"T18";27.0870895357803;2;1;8;"S-6";8;"S-2"
2.10168650017008;-1.14441379463566;-528.865540799827;58.9186038607624;"T18";27.1422686288133;2;1;8;"S-6";8;"S-2"
2.18528201337617;-1.05720409076556;-528.767798470251;58.865381046476;"T18";27.1887752460316;2;1;8;"S-6";8;"S-2"
2.14845961958271;-0.959361865349032;-528.557310961897;58.7635505946049;"T18";27.285095769912;2;1;8;"S-6";8;"S-2"
2.16203907228247;-0.976786591643794;-528.547958413354;58.7593743567396;"T18";27.2894489113241;2;1;8;"S-6";8;"S-2"
1.82161695312148;-1.18295192106581;-528.486911101552;58.7317938211292;"T18";27.3176849004813;2;1;8;"S-6";8;"S-2"
1.60288152445547;-1.43521758212353;-528.373615101164;58.6582197796284;"T18";27.3798801936209;2;1;8;"S-6";8;"S-2"
1.98642068785332;-1.50231321664202;-528.331710644794;58.6206985956639;"T18";27.4060233961791;2;1;8;"S-6";8;"S-2"
1.9523513627482;-1.49148194813667;-528.328343347028;58.6181519367566;"T18";27.4077185546048;2;1;8;"S-6";8;"S-2"
1.8719868813124;-1.49013344683236;-528.298367388708;58.5952520625002;"T18";27.4230723269284;2;1;8;"S-6";8;"S-2"
1.72730008200528;-1.82125706891159;-528.149614822388;58.4768424857079;"T18";27.502534724772;2;1;8;"S-6";8;"S-2"
1.91800461674777;-1.64199326029442;-528.095923070088;58.4202301550323;"T18";27.5336189311929;2;1;8;"S-6";8;"S-2"
1.93100037794124;-1.64451859663282;-528.090700564991;58.4157591969882;"T18";27.5363418157212;2;1;8;"S-6";8;"S-2"
1.9549533886286;-1.75669135485912;-527.997001216573;58.3359610142807;"T18";27.5848655495793;2;1;8;"S-6";8;"S-2"
1.90871832004836;-1.57637670306907;-527.957394879331;58.3003713625607;"T18";27.60512502864;2;1;8;"S-6";8;"S-2"
1.87898952108362;-1.56385653216789;-527.885715050118;58.2411722593382;"T18";27.6426789350808;2;1;8;"S-6";8;"S-2"
2.03923614892518;-1.58237523867318;-527.851410805633;58.2126213194759;"T18";27.6609356864356;2;1;8;"S-6";8;"S-2"
2.16945372832085;-1.42749879319181;-527.593750786529;58.0126862435697;"T18";27.7872869279236;2;1;8;"S-6";8;"S-2"
2.09943161546405;-1.36876744433485;-527.527485088117;57.9690834677746;"T18";27.8178318054415;2;1;8;"S-6";8;"S-2"
2.52580304137535;-1.27813976459484;-527.360284836722;57.8600738391167;"T18";27.8974725282751;2;1;8;"S-6";8;"S-2"
2.46542591577827;-1.13736527086477;-527.08412339679;57.7203270290753;"T18";28.0068086227402;2;1;8;"S-6";8;"S-2"
2.53761966290533;-1.20764634383573;-527.036866447568;57.698526165984;"T18";28.0259764869697;2;1;8;"S-6";8;"S-2"
2.65445433360896;-1.32715834801518;-526.922173348493;57.6439440299033;"T18";28.0711736064404;2;1;8;"S-6";8;"S-2"
2.63848526647142;-1.28306193606112;-526.879013601;57.6223652751071;"T18";28.0874329735525;2;1;8;"S-6";8;"S-2"
2.85256204983433;-1.09942570467691;-526.776841090174;57.5726800783698;"T18";28.1261569005437;2;1;8;"S-6";8;"S-2"
2.84070406812092;-1.03251735729552;-526.590373035606;57.5008121334445;"T18";28.1915255240165;2;1;8;"S-6";8;"S-2"
2.40571409697854;-1.03016281552831;-526.390153198721;57.4280377606478;"T18";28.2620079931803;2;1;8;"S-6";8;"S-2"
1.64971155564524;-1.12186797504897;-526.178719622125;57.3374987357333;"T18";28.3498960663565;2;1;8;"S-6";8;"S-2"
1.69568922315063;-1.22930096407923;-526.096599870108;57.2816541127199;"T18";28.3996743150055;2;1;8;"S-6";8;"S-2"
1.15385519803002;-1.28111648493526;-525.989767714023;57.204205444251;"T18";28.4626765176654;2;1;8;"S-6";8;"S-2"
1.13587759487757;-1.36266206486098;-525.980955873729;57.194421726257;"T18";28.4703133860603;2;1;8;"S-6";8;"S-2"
1.41108392780375;-1.54138913935522;-525.832750223466;57.0166259687536;"T18";28.6007901653647;2;1;8;"S-6";8;"S-2"
1.90610859289594;-2.25031099667546;-525.541192536292;56.6981446625398;"T18";28.8074098294601;2;1;8;"S-6";8;"S-2"
2.10035979876928;-2.29836220331975;-525.405343741591;56.5377644839177;"T18";28.8786800578237;2;1;8;"S-6";8;"S-2"
2.09287941110493;-1.96003074266198;-525.227571308855;56.3432333181468;"T18";28.9633190957829;2;1;8;"S-6";8;"S-2"
2.06112418393316;-2.08862441321637;-525.096279135217;56.2202751127024;"T18";29.026051890105;2;1;8;"S-6";8;"S-2"
2.00489379859447;-2.15235467072021;-525.073507066774;56.1971992114731;"T18";29.0371002629399;2;1;8;"S-6";8;"S-2"
2.32790760215735;-1.94068015200987;-524.557371819573;55.6431019765899;"T18";29.2945379624143;2;1;8;"S-6";8;"S-2"
2.84921162912562;-1.81684003173699;-524.327636050562;55.4515807810267;"T18";29.3932256288826;2;1;8;"S-6";8;"S-2"
3.05028883943535;-1.51998217795935;-524.180685896533;55.3578759400871;"T18";29.4448013533838;2;1;8;"S-6";8;"S-2"
3.17422105753494;-1.42938949399975;-523.89489750727;55.2154654074413;"T18";29.5384935918264;2;1;8;"S-6";8;"S-2"
1.94393281229127;-1.70548528370901;-523.316801712295;54.9551419955286;"T18";29.7206156887114;2;1;8;"S-6";8;"S-2"
2.5946321088948;-1.41793121730147;-523.076545515259;54.7443562081933;"T18";29.8442085389979;2;1;8;"S-6";8;"S-2"
2.52297827642824;-1.54673505552064;-523.021535965773;54.7142942363253;"T18";29.8654098296538;2;1;8;"S-6";8;"S-2"
2.73622192440505;-1.49769699598768;-522.990444089668;54.6952330754887;"T18";29.8777333111502;2;1;8;"S-6";8;"S-2"
2.36581836807215;-1.5699180771588;-522.874110865306;54.6315569828785;"T18";29.92024931591;2;1;8;"S-6";8;"S-2"
2.51954818924199;-1.48635987499405;-522.836322096131;54.6064809784647;"T18";29.9362221267074;2;1;8;"S-6";8;"S-2"
2.84494572473377;-1.54481932217288;-522.679718987274;54.5140959316936;"T18";29.9983773613349;2;1;8;"S-6";8;"S-2"
2.90330554240777;-1.55524138934735;-522.655064016348;54.500708162942;"T18";30.0070435972884;2;1;8;"S-6";8;"S-2"
3.01659615253006;-1.39271524889226;-522.445132471948;54.388252128945;"T18";30.0793513655663;2;1;8;"S-6";8;"S-2"
2.31557943933728;-1.59825027093585;-521.860946655116;54.1185426769171;"T18";30.2730086492375;2;1;8;"S-6";8;"S-2"
2.5203766914712;-1.42927798426166;-521.76535128704;54.0525612122639;"T18";30.3142922115512;2;1;8;"S-6";8;"S-2"
2.14134479016025;-1.60031354217775;-521.689754609216;54.0096911652338;"T18";30.3442864096723;2;1;8;"S-6";8;"S-2"
2.54765414654711;-1.2709510682744;-521.511312246996;53.8763339730288;"T18";30.4276183247566;2;1;8;"S-6";8;"S-2"
2.47916363804191;-1.28576211610608;-521.486206036401;53.8638092097209;"T18";30.43747296324;2;1;8;"S-6";8;"S-2"
2.04476727241016;-1.50249473264778;-521.266554881291;53.749892108943;"T18";30.5260718567297;2;1;8;"S-6";8;"S-2"
1.816264797935;-1.45620890545289;-521.188609163792;53.6926176056027;"T18";30.5641914601438;2;1;8;"S-6";8;"S-2"
2.2403256835952;-1.46267601385677;-521.12463319127;53.6413242143371;"T18";30.5994153837673;2;1;8;"S-6";8;"S-2"
2.15110989146634;-1.40400455590466;-521.071747071063;53.6067956366132;"T18";30.6230218266137;2;1;8;"S-6";8;"S-2"
1.76830292564529;-1.67338480861057;-520.892804843373;53.4900021134574;"T18";30.7062078267336;2;1;8;"S-6";8;"S-2"
1.6759157627248;-1.76461790604792;-520.750546033615;53.3553794039158;"T18";30.7866571703926;2;1;8;"S-6";8;"S-2"
1.91616650991041;-1.99328911468637;-520.628104588145;53.2264574306737;"T18";30.8597165974788;2;1;8;"S-6";8;"S-2"
2.00863516238248;-2.03387757516791;-520.618342102734;53.2163020210043;"T18";30.8648113976233;2;1;8;"S-6";8;"S-2"
1.98514369247761;-2.05178387640007;-520.468843720971;53.0649249009147;"T18";30.9392392402515;2;1;8;"S-6";8;"S-2"
2.159424637016;-2.05938963072169;-520.454068292578;53.0496534695022;"T18";30.946682242211;2;1;8;"S-6";8;"S-2"
2.36440721081621;-1.5422528268955;-520.255237415766;52.8600334017512;"T18";31.0387581004761;2;1;8;"S-6";8;"S-2"
2.32961908773979;-1.35404992663706;-519.661930352475;52.4730317501779;"T18";31.2896907911636;2;1;8;"S-6";8;"S-2"
2.55598185451831;-1.08458445878714;-519.544572849749;52.4048197756142;"T18";31.3400670536794;2;1;8;"S-6";8;"S-2"
2.50492019189382;-1.13731307644135;-519.512703798124;52.3912967226052;"T18";31.3525354722515;2;1;8;"S-6";8;"S-2"
2.56026847149572;-1.23200509329672;-519.34045175159;52.3130888397347;"T18";31.4213009551167;2;1;8;"S-6";8;"S-2"
2.51906137667434;-1.23440149057383;-519.328515951377;52.3073453144685;"T18";31.42596288817;2;1;8;"S-6";8;"S-2"
2.38542166098657;-1.37077704954387;-519.10976357053;52.2001513145588;"T18";31.5128017333336;2;1;8;"S-6";8;"S-2"
2.27868568226787;-1.57098734583615;-518.71772450531;51.9748669709486;"T18";31.6771496436559;2;1;8;"S-6";8;"S-2"
2.28151159964436;-1.58929709189471;-518.702766239112;51.9645543389363;"T18";31.683714070823;2;1;8;"S-6";8;"S-2"
2.13998605765527;-1.66238051677308;-518.685978408962;51.9528599650662;"T18";31.6910722758621;2;1;8;"S-6";8;"S-2"
2.11754392759535;-2.02509272888024;-518.448405686558;51.7683091061346;"T18";31.8020882899873;2;1;8;"S-6";8;"S-2"
1.85195307396145;-2.17339985185757;-518.358085661447;51.6819324205125;"T18";31.8447414902039;2;1;8;"S-6";8;"S-2"
1.92534460263584;-2.20750329688103;-518.329371093645;51.6482338142765;"T18";31.8602465093136;2;1;8;"S-6";8;"S-2"
1.9936349275582;-2.32004015077055;-518.279121480687;51.5906201350833;"T18";31.8863455322571;2;1;8;"S-6";8;"S-2"
2.41151401935486;-1.65322972998882;-518.020777824381;51.2899795077338;"T18";32.0159297669306;2;1;8;"S-6";8;"S-2"
2.35187380769163;-1.89886109784654;-517.735246494893;51.0942315755372;"T18";32.1343331132084;2;1;8;"S-6";8;"S-2"
2.38713761040026;-1.92255515427778;-517.724906741099;51.0858834421569;"T18";32.1387295029126;2;1;8;"S-6";8;"S-2"
2.87074884793393;-1.69617392726706;-517.54709117478;50.9426741725909;"T18";32.213218533434;2;1;8;"S-6";8;"S-2"
2.69212281119282;-1.84897340892519;-517.444347260345;50.881968218124;"T18";32.2490084683523;2;1;8;"S-6";8;"S-2"
2.47299910451426;-1.90427088274236;-517.345031993818;50.8137576275274;"T18";32.2858995292336;2;1;8;"S-6";8;"S-2"
2.46056675635485;-1.91802270917911;-517.321190344763;50.7953989641507;"T18";32.2955403127708;2;1;8;"S-6";8;"S-2"
2.75958555261556;-2.18236158600038;-516.980151419552;50.5295576080564;"T18";32.4341420899145;2;1;8;"S-6";8;"S-2"
2.73482123633596;-2.20831089121517;-516.898010718168;50.4645983205368;"T18";32.4639076832682;2;1;8;"S-6";8;"S-2"
2.58549330996159;-1.85930699379639;-516.716736535563;50.3182232132997;"T18";32.5301914243028;2;1;8;"S-6";8;"S-2"
2.5360294010997;-1.88145708390695;-516.708606466696;50.3123766331341;"T18";32.5333359185606;2;1;8;"S-6";8;"S-2"
2.36042183472867;-1.75434948607903;-516.664167925776;50.2794080849083;"T18";32.5508587993681;2;1;8;"S-6";8;"S-2"
2.46523133536344;-2.01480547365263;-516.561923373348;50.2034162959125;"T18";32.5941750197671;2;1;8;"S-6";8;"S-2"
2.24174098476624;-2.0384780404122;-516.470974413597;50.1290847476716;"T18";32.6310676871799;2;1;8;"S-6";8;"S-2"
2.10171260252822;-2.07365581476013;-516.373871554332;50.0407863904489;"T18";32.6743835117668;2;1;8;"S-6";8;"S-2"
2.00143973407726;-2.2428998490693;-516.095128513435;49.7657644265111;"T18";32.8070101328194;2;1;8;"S-6";8;"S-2"
1.5286740845072;-2.38082860873896;-515.947861619545;49.6007307817527;"T18";32.8805906116031;2;1;8;"S-6";8;"S-2"
1.73364370223835;-2.61208448932516;-515.770132452915;49.3239270543867;"T18";32.9968542209826;2;1;8;"S-6";8;"S-2"
1.69083758162172;-2.51683857516099;-515.697835751077;49.2149974668035;"T18";33.0385563895106;2;1;8;"S-6";8;"S-2"
1.96191406534711;-2.15852925978628;-515.597186253729;49.0651790926149;"T18";33.0980828031898;2;1;8;"S-6";8;"S-2"
2.02778781211166;-2.09792219050874;-515.580869650762;49.0472273048441;"T18";33.1063994788565;2;1;8;"S-6";8;"S-2"
2.0527876370894;-2.1755756254939;-515.404708338922;48.8649731641445;"T18";33.1932731205598;2;1;8;"S-6";8;"S-2"
2.07893860582009;-2.25324664020979;-515.254159642553;48.7054193611337;"T18";33.2666117814369;2;1;8;"S-6";8;"S-2"
2.36241873829271;-2.21492110509778;-515.198819279187;48.6454390002553;"T18";33.2932313089259;2;1;8;"S-6";8;"S-2"
3.3257797107258;-1.65457596103792;-514.484217894619;47.9754537589616;"T18";33.5957184899598;2;1;8;"S-6";8;"S-2"
3.37572475003773;-1.74183019546039;-514.222090098964;47.8450451368835;"T18";33.6745354346931;2;1;8;"S-6";8;"S-2"
3.38073400549556;-1.67286527489386;-513.740596554706;47.5966007119349;"T18";33.8171695591882;2;1;8;"S-6";8;"S-2"
3.34467779118609;-1.72791969283958;-513.72616047444;47.5894574059715;"T18";33.8214396615513;2;1;8;"S-6";8;"S-2"
2.72775871053867;-1.84662385390417;-513.298148960961;47.3683390893278;"T18";33.9494075975381;2;1;8;"S-6";8;"S-2"
2.72724796856947;-1.63517541356755;-513.210194140875;47.3087958943195;"T18";33.9816519524902;2;1;8;"S-6";8;"S-2"
2.94403287906673;-1.54954033962696;-513.147943962125;47.2714725695045;"T18";34.004477225244;2;1;8;"S-6";8;"S-2"
2.72051598636947;-1.37353660985495;-512.910810521371;47.14666152037;"T18";34.0850243694149;2;1;8;"S-6";8;"S-2"
2.66770343335276;-1.4024195118601;-512.840685536622;47.1112567536637;"T18";34.1108007240109;2;1;8;"S-6";8;"S-2"
2.7647746746367;-1.46434412461404;-512.689403177648;47.031727174261;"T18";34.1675095609389;2;1;8;"S-6";8;"S-2"
2.71295102104986;-1.42764928487007;-512.343851540486;46.8487080970574;"T18";34.2924932134338;2;1;8;"S-6";8;"S-2"
2.88951134446424;-1.35896184660274;-512.088388115429;46.7142743482491;"T18";34.3866576207802;2;1;8;"S-6";8;"S-2"
2.87407410608381;-1.44945041622566;-512.065672212171;46.7035908650717;"T18";34.3945191241801;2;1;8;"S-6";8;"S-2"
2.93361966487;-1.5774755068675;-511.863867143951;46.6018167182225;"T18";34.4647348043509;2;1;8;"S-6";8;"S-2"
3.23572191377437;-1.3622130071896;-511.689696032747;46.5081608618692;"T18";34.5241055241786;2;1;8;"S-6";8;"S-2"
3.05430849196417;-1.51026289191948;-511.478832073145;46.4193888239219;"T18";34.5892730401829;2;1;8;"S-6";8;"S-2"
2.89108244583099;-1.68763043589686;-511.296333191052;46.3291486631238;"T18";34.6490243333392;2;1;8;"S-6";8;"S-2"
2.99853740060575;-1.56288281722354;-511.216985062176;46.2828302616833;"T18";34.6764701534994;2;1;8;"S-6";8;"S-2"
3.35466586627775;-1.35354542805764;-511.03797028321;46.1895250649502;"T18";34.7361708525568;2;1;8;"S-6";8;"S-2"
3.09892892936278;-1.30593125953908;-510.775318917482;46.0835501126224;"T18";34.8144651972689;2;1;8;"S-6";8;"S-2"
3.17374480735999;-1.24923539064744;-510.66995601072;46.0391487350266;"T18";34.8484649788588;2;1;8;"S-6";8;"S-2"
3.05320468440634;-1.24615248020559;-510.290984533741;45.8899796588014;"T18";34.9678732804023;2;1;8;"S-6";8;"S-2"
2.87549586121201;-1.32537388821753;-510.060828373401;45.7960424028069;"T18";35.0432551116683;2;1;8;"S-6";8;"S-2"
2.24224188486752;-1.48414518196249;-509.604174394778;45.5855613976415;"T18";35.2020638878457;2;1;8;"S-6";8;"S-2"
2.45271037969068;-1.30137706432335;-509.388395785388;45.4427370281304;"T18";35.2982973097824;2;1;8;"S-6";8;"S-2"
2.55551756075802;-1.26443490372756;-509.369710215872;45.4328227015946;"T18";35.305915644858;2;1;8;"S-6";8;"S-2"
2.74807666754445;-1.2991328286454;-509.337676455204;45.4169728378692;"T18";35.3184507810511;2;1;8;"S-6";8;"S-2"
2.71037211215625;-1.07200258698123;-509.248069566513;45.3746118469455;"T18";35.3510579094291;2;1;8;"S-6";8;"S-2"
2.70978529633516;-0.949958392494972;-509.176243906208;45.3462034622394;"T18";35.3775582043454;2;1;8;"S-6";8;"S-2"
2.71419961873832;-0.991135140479604;-509.07676172542;45.3113283993806;"T18";35.4142704047263;2;1;8;"S-6";8;"S-2"
3.12696188443641;-0.827817264156909;-508.97122901741;45.2727913755536;"T18";35.4531521094032;2;1;8;"S-6";8;"S-2"
2.83206263203935;-0.650680161057674;-508.554090399833;45.1623600489374;"T18";35.586552717723;2;1;8;"S-6";8;"S-2"
2.61135158992871;-0.641733538378735;-508.362855447531;45.1184228887362;"T18";35.6540776905604;2;1;8;"S-6";8;"S-2"
2.46509936436864;-0.652678278991037;-508.273660239618;45.0965033752547;"T18";35.6882344116457;2;1;8;"S-6";8;"S-2"
2.38073916699583;-0.814194593232811;-508.084424455931;45.0463998835231;"T18";35.7650003978051;2;1;8;"S-6";8;"S-2"
2.50421611882428;-0.82345407777638;-507.990340253482;45.0142238056039;"T18";35.804519301746;2;1;8;"S-6";8;"S-2"
2.65498774160967;-0.811615722626258;-507.941685587558;44.998224833807;"T18";35.8239484019578;2;1;8;"S-6";8;"S-2"
2.6588158843534;-0.777913120534889;-507.932128887958;44.9953034012408;"T18";35.827547928784;2;1;8;"S-6";8;"S-2"
2.51299539999401;-0.719390899670915;-507.862027760289;44.9747932984921;"T18";35.8539134729654;2;1;8;"S-6";8;"S-2"
2.51920176764655;-0.737838551012692;-507.845109760271;44.9699502115315;"T18";35.8606456778944;2;1;8;"S-6";8;"S-2"
2.33662809988101;-0.742327336372209;-507.754960860949;44.943546874528;"T18";35.8964303857647;2;1;8;"S-6";8;"S-2"
1.95119492948531;-0.804831988658926;-507.604378858255;44.8957082231947;"T18";35.9608745318837;2;1;8;"S-6";8;"S-2"
1.74384725842098;-0.861782849525214;-507.546976992114;44.8720310101285;"T18";35.9902933589183;2;1;8;"S-6";8;"S-2"
2.0108129985726;-0.746652565920756;-507.417094645043;44.8078451253721;"T18";36.0647737048566;2;1;8;"S-6";8;"S-2"
1.78322025057448;-0.8164146243005;-507.375647447237;44.7924550037578;"T18";36.0853858641349;2;1;8;"S-6";8;"S-2"
1.82570900136575;-0.765113091134586;-507.369691197136;44.7897280440975;"T18";36.0887260292657;2;1;8;"S-6";8;"S-2"
1.61355015085875;-1.58201964885982;-506.929893954699;44.6054190291441;"T18";36.3296172348782;2;1;8;"S-6";8;"S-2"
1.63839132526914;-1.60274549965187;-506.904719450344;44.5807364616272;"T18";36.3452191697434;2;1;8;"S-6";8;"S-2"
1.69078021794697;-1.49885440743614;-506.891062830146;44.5673769630601;"T18";36.3535545533523;2;1;8;"S-6";8;"S-2"
1.67277880615914;-1.71458942437607;-506.736988276231;44.4307918991009;"T18";36.4446808584034;2;1;8;"S-6";8;"S-2"
1.68039016832517;-1.69696477643806;-506.730852636534;44.4245029008795;"T18";36.4483487908728;2;1;8;"S-6";8;"S-2"
1.75616069418979;-1.59028110552738;-506.704517670372;44.3979081785303;"T18";36.464020726271;2;1;8;"S-6";8;"S-2"
1.59876757621878;-1.61102845014135;-506.651821347068;44.3501893293623;"T18";36.4940272760577;2;1;8;"S-6";8;"S-2"
1.62178365889504;-1.75825770994088;-506.600834641587;44.2988116092163;"T18";36.5259185316972;2;1;8;"S-6";8;"S-2"
1.70826775824979;-1.61624411599236;-506.52037241394;44.2115784376751;"T18";36.5755319478922;2;1;8;"S-6";8;"S-2"
1.75135959166259;-1.6581109003674;-506.329061812331;44.0305736550909;"T18";36.6875229403377;2;1;8;"S-6";8;"S-2"
1.7157875859954;-1.6555457834628;-506.288927847807;43.9925765673602;"T18";36.710438830778;2;1;8;"S-6";8;"S-2"
1.98050585297389;-1.69216797099602;-506.114817086621;43.824578885777;"T18";36.8119145394303;2;1;8;"S-6";8;"S-2"
2.28636172322727;-1.64847092082547;-505.914595896309;43.6535074977005;"T18";36.9130105245858;2;1;8;"S-6";8;"S-2"
2.33451387030122;-1.64682597713103;-505.904033090883;43.645891695962;"T18";36.9176304433495;2;1;8;"S-6";8;"S-2"
2.24326833810609;-1.63125184675761;-505.849035846487;43.6070952287853;"T18";36.9411887717433;2;1;8;"S-6";8;"S-2"
2.21299565048948;-1.63782868929727;-505.805764959952;43.5756296602789;"T18";36.9604779873043;2;1;8;"S-6";8;"S-2"
1.96292697033877;-1.80349314399383;-505.167241526;43.103061176611;"T18";37.2490115114488;2;1;8;"S-6";8;"S-2"
1.94583463568382;-1.66961179828609;-505.058268382723;43.0029391039368;"T18";37.3045271495357;2;1;8;"S-6";8;"S-2"
2.45442056362793;-1.37781949396407;-504.9666377204;42.924315960894;"T18";37.3516178224236;2;1;8;"S-6";8;"S-2"
2.35478028039053;-1.5370829308583;-504.345413459447;42.5755839996529;"T18";37.6047220663168;2;1;8;"S-6";8;"S-2"
2.36070374280928;-1.63397979336135;-504.307676844948;42.5509514228906;"T18";37.6207476016134;2;1;8;"S-6";8;"S-2"
2.36743298283976;-1.44452218633716;-504.004115184388;42.3408388151964;"T18";37.7493370790035;2;1;8;"S-6";8;"S-2"
2.79979021346269;-1.32977849346655;-503.252460375242;41.8822061712535;"T18";38.0668348981999;2;1;8;"S-6";8;"S-2"
3.14280362998444;-1.3993643573541;-503.022883000228;41.7731669102359;"T18";38.1488329614513;2;1;8;"S-6";8;"S-2"
3.55630668894677;-1.5465207522401;-502.816016163071;41.6810574077923;"T18";38.2146553485654;2;1;8;"S-6";8;"S-2"
3.59556322233071;-1.16554538973632;-502.041417108096;41.3442097683838;"T18";38.4324653190561;2;1;8;"S-6";8;"S-2"
3.65741426237501;-1.34845393527775;-501.863105910105;41.2864080327708;"T18";38.4820573264733;2;1;8;"S-6";8;"S-2"
2.85748771934572;-1.42080028938546;-501.430259132216;41.1268215328162;"T18";38.6004050844349;2;1;8;"S-6";8;"S-2"
2.97698075228071;-1.11633041226231;-501.180270364647;41.0025220963215;"T18";38.6878905934282;2;1;8;"S-6";8;"S-2"
3.05462481820778;-1.11087353222818;-501.174780479224;41.0004634582021;"T18";38.6897347052582;2;1;8;"S-6";8;"S-2"
3.1688803808072;-1.08540034711103;-501.110550689248;40.9771050499159;"T18";38.7107617687434;2;1;8;"S-6";8;"S-2"
2.95067265684949;-1.01314438091362;-501.071630381129;40.9637741219962;"T18";38.7230438063852;2;1;8;"S-6";8;"S-2"
2.95059362826123;-1.03691336797619;-501.052401638766;40.9571717317811;"T18";38.7295605381951;2;1;8;"S-6";8;"S-2"
2.9159389223592;-1.01462965750305;-500.879640387116;40.8964590502422;"T18";38.7881118920632;2;1;8;"S-6";8;"S-2"
2.96428865135351;-0.938820865003446;-500.857786090156;40.8888546324439;"T18";38.7956066639163;2;1;8;"S-6";8;"S-2"
3.03305230893477;-0.977315933252959;-500.52432678668;40.7832446232468;"T18";38.9080988476053;2;1;8;"S-6";8;"S-2"
2.81352280753809;-1.09672233738468;-500.435503367673;40.7546237707854;"T18";38.9373840065673;2;1;8;"S-6";8;"S-2"
2.87939374423227;-1.12252945810779;-500.412391723124;40.7456147601731;"T18";38.9455984928645;2;1;8;"S-6";8;"S-2"
2.61667626347758;-1.27688880823134;-500.312071607422;40.7065050394753;"T18";38.9804392005317;2;1;8;"S-6";8;"S-2"
2.14070206815466;-1.25748207176835;-499.853435681458;40.4826993325601;"T18";39.1557134338655;2;1;8;"S-6";8;"S-2"
2.20159054867633;-1.30116335929043;-499.823225086305;40.4649531537023;"T18";39.169825904537;2;1;8;"S-6";8;"S-2"
2.21084885420952;-1.56367894199871;-499.768247747972;40.4324609637837;"T18";39.1947975498624;2;1;8;"S-6";8;"S-2"
2.39493341949005;-1.57023623711559;-499.519112937599;40.2562540485273;"T18";39.3074849504046;2;1;8;"S-6";8;"S-2"
2.41759957914737;-1.4694936803915;-499.514345868577;40.2531285234236;"T18";39.3094754312187;2;1;8;"S-6";8;"S-2"
2.34100305234901;-1.6514557161978;-499.362256813869;40.1606839735994;"T18";39.3723845481873;2;1;8;"S-6";8;"S-2"
2.24838123887207;-1.66305010234769;-499.340124519059;40.1450707924295;"T18";39.3818387412466;2;1;8;"S-6";8;"S-2"
2.14113616209649;-1.51015582033462;-498.998442173466;39.8923401389329;"T18";39.5338068949059;2;1;8;"S-6";8;"S-2"
2.20151546227458;-1.56624877209959;-498.95962507335;39.8649622118743;"T18";39.5519361016341;2;1;8;"S-6";8;"S-2"
1.1694868798183;-2.11503710453281;-498.506278330052;39.5424326670253;"T18";39.7578609525226;2;1;8;"S-6";8;"S-2"
1.58340261958956;-2.35665274154021;-498.416177188965;39.379483206156;"T18";39.8349042632617;2;1;8;"S-6";8;"S-2"
2.50743163886952;-2.14562421075766;-498.162691780435;39.0022089263473;"T18";39.9949933052994;2;1;8;"S-6";8;"S-2"
2.52827404047243;-1.70355264347108;-497.785091943286;38.6790944932335;"T18";40.1455855811946;2;1;8;"S-6";8;"S-2"
2.72489929753954;-1.73576421148019;-497.656342948756;38.5923433394959;"T18";40.1965092518367;2;1;8;"S-6";8;"S-2"
2.47960091215581;-1.48358540945787;-497.398780936501;38.4282760201959;"T18";40.2910309145227;2;1;8;"S-6";8;"S-2"
2.76710061953966;-1.39559038764843;-497.253148449502;38.3411417431456;"T18";40.3497631428763;2;1;8;"S-6";8;"S-2"
3.40737792012294;-1.17088124161475;-497.032762765944;38.229989969561;"T18";40.4294081265107;2;1;8;"S-6";8;"S-2"
3.53660344208616;-1.17625822226225;-496.950821684387;38.2018324603083;"T18";40.4534562607296;2;1;8;"S-6";8;"S-2"
3.2787320877267;-1.02885850948354;-496.758348254898;38.1378166729262;"T18";40.5078795040026;2;1;8;"S-6";8;"S-2"
3.40268904399763;-0.985496605058957;-496.734291453304;38.1302677044932;"T18";40.5152167310007;2;1;8;"S-6";8;"S-2"
3.48004195881402;-0.876968078631958;-496.705090811312;38.1218105304238;"T18";40.5237983679399;2;1;8;"S-6";8;"S-2"
2.91318322393762;-0.840331322788846;-495.934568692069;37.9276395087945;"T18";40.745210100431;2;1;8;"S-6";8;"S-2"
2.95091640568112;-0.848724518581138;-495.928685543274;37.9259424668206;"T18";40.7472295919433;2;1;8;"S-6";8;"S-2"
2.75861800151737;-0.781821085583122;-495.817320785907;37.8939124167991;"T18";40.7849686336704;2;1;8;"S-6";8;"S-2"
2.60693598058527;-0.923758663494482;-495.517740843185;37.8090083395004;"T18";40.8935664687306;2;1;8;"S-6";8;"S-2"
2.15495877460132;-0.878673205614551;-495.286236063782;37.7269754291388;"T18";40.9823698690161;2;1;8;"S-6";8;"S-2"
2.14682796905734;-0.769439591845209;-495.18043327981;37.6838348955697;"T18";41.0314672277309;2;1;8;"S-6";8;"S-2"
2.23861688550695;-1.03979068445694;-494.93830780418;37.5970552700807;"T18";41.1442501237616;2;1;8;"S-6";8;"S-2"
2.37950425672342;-1.18581953093371;-494.811337387043;37.5380801690731;"T18";41.2009683670476;2;1;8;"S-6";8;"S-2"
2.37971597412907;-1.15146883011882;-494.608496096341;37.4369947587341;"T18";41.2862135563046;2;1;8;"S-6";8;"S-2"
2.01037703965939;-1.27943138488048;-494.533708284376;37.4008073164987;"T18";41.3176407571882;2;1;8;"S-6";8;"S-2"
2.01221397448696;-1.78903934944824;-494.209299860454;37.194349368115;"T18";41.4790077134967;2;1;8;"S-6";8;"S-2"
2.1495629677459;-1.68612668034627;-494.181324672827;37.1694769081738;"T18";41.4929104037583;2;1;8;"S-6";8;"S-2"
2.03755064273765;-1.68666470697867;-494.137374859201;37.1350024803657;"T18";41.5133563335985;2;1;8;"S-6";8;"S-2"
2.02598138054141;-1.8030967664422;-493.963111100339;36.9907486269341;"T18";41.598882433027;2;1;8;"S-6";8;"S-2"
2.26637063693534;-1.64293564800248;-493.825210530919;36.8680189349437;"T18";41.6669484926388;2;1;8;"S-6";8;"S-2"
2.21622713344324;-1.43912660480071;-493.665468942513;36.7522191863133;"T18";41.7374319280498;2;1;8;"S-6";8;"S-2"
2.49175773135607;-0.570799279419939;-493.25581099523;36.4862041908702;"T18";41.9222766766325;2;1;8;"S-6";8;"S-2"
2.36724859244547;-0.564565479505203;-493.235018815589;36.4814412233444;"T18";41.9306210591458;2;1;8;"S-6";8;"S-2"
2.38920936128071;-0.548667735538998;-493.137944872827;36.458290043862;"T18";41.9716281350702;2;1;8;"S-6";8;"S-2"
2.29417631531042;-0.560140274887538;-493.067046311357;36.4420086104286;"T18";42.001302621793;2;1;8;"S-6";8;"S-2"
2.27740845125271;-0.633313908405503;-492.852495498683;36.3896244277541;"T18";42.0948223792948;2;1;8;"S-6";8;"S-2"
2.15599969531263;-0.809854991441548;-492.710395264487;36.3501084355066;"T18";42.1572179649957;2;1;8;"S-6";8;"S-2"
2.78980327419355;-1.08332672079358;-492.270897830503;36.1850206614165;"T18";42.3610665253364;2;1;8;"S-6";8;"S-2"
2.52078924504223;-0.678616142101358;-491.59730977044;35.9234552847382;"T18";42.6025129621848;2;1;8;"S-6";8;"S-2"
2.55675194102313;-0.707600493025801;-491.59013280285;35.9215231890392;"T18";42.6053600735031;2;1;8;"S-6";8;"S-2"
2.60074316705389;-0.773150765820883;-491.525665017225;35.9036812403696;"T18";42.6305747940205;2;1;8;"S-6";8;"S-2"
2.10066998876832;-1.14099749420808;-491.318872873378;35.8422059257724;"T18";42.7100875065662;2;1;8;"S-6";8;"S-2"
2.70345682132961;-0.907612921192255;-491.072575169503;35.7084271483098;"T18";42.8273347206414;2;1;8;"S-6";8;"S-2"
1.97321702165371;-1.01982986302578;-490.769254666483;35.6065954468999;"T18";42.9395320010372;2;1;8;"S-6";8;"S-2"
2.01712518172726;-1.16937002119347;-490.740444720549;35.591705425735;"T18";42.9541324963793;2;1;8;"S-6";8;"S-2"
2.00904212037539;-1.22018209890266;-490.666152729947;35.5486367915165;"T18";42.9909631260671;2;1;8;"S-6";8;"S-2"
1.854634814618;-1.46025219963427;-490.386762914505;35.3789507267198;"T18";43.1300293072127;2;1;8;"S-6";8;"S-2"
2.20286398773819;-1.38459094602977;-490.098798612698;35.1522211830838;"T18";43.2852966943756;2;1;8;"S-6";8;"S-2"
2.66633097702492;-1.39746883865673;-489.733478534704;34.9226024343959;"T18";43.4511353843845;2;1;8;"S-6";8;"S-2"
2.45683807301116;-1.40506641479494;-489.640965115907;34.8741145980993;"T18";43.4858322842047;2;1;8;"S-6";8;"S-2"
2.33051919215592;-1.62044580926503;-489.44165004976;34.7601262532905;"T18";43.5669589438476;2;1;8;"S-6";8;"S-2"
2.37252786117544;-1.50060784996948;-489.298230000359;34.6604040888908;"T18";43.6284989002161;2;1;8;"S-6";8;"S-2"
2.39734694928606;-1.46712973399046;-489.270250972256;34.6427075425648;"T18";43.6402918188833;2;1;8;"S-6";8;"S-2"
2.75227269348114;-1.62074468237941;-489.112508472343;34.5461721987733;"T18";43.7060905969702;2;1;8;"S-6";8;"S-2"
2.92495351727148;-1.49677141449763;-488.836456655291;34.3836121749764;"T18";43.8063901849091;2;1;8;"S-6";8;"S-2"
3.10542226661908;-1.5075884754615;-488.699617196266;34.313588022649;"T18";43.8531736494042;2;1;8;"S-6";8;"S-2"
2.84954299648933;-1.53848854828165;-488.6415763037;34.2854109268384;"T18";43.8718638266437;2;1;8;"S-6";8;"S-2"
2.36341359619137;-1.6647084209603;-488.399176938508;34.1545377840509;"T18";43.9569298760034;2;1;8;"S-6";8;"S-2"
2.83611701205286;-1.92946434544788;-487.973562831178;33.8547496345312;"T18";44.1370143555105;2;1;8;"S-6";8;"S-2"
3.03102142855168;-1.97788135485647;-487.85231476911;33.7722622718024;"T18";44.1797657869756;2;1;8;"S-6";8;"S-2"
2.62579492839326;-1.68044531828637;-486.431750446428;32.8452784963863;"T18";44.648440903984;2;1;8;"S-6";8;"S-2"
2.30721388352599;-1.61636534739182;-486.178779497932;32.6833832008069;"T18";44.7447816142812;2;1;8;"S-6";8;"S-2"
2.40890609346184;-1.52331046517991;-486.16293631166;32.6722839362502;"T18";44.7516484186053;2;1;8;"S-6";8;"S-2"
2.33509394417765;-1.54323345203838;-486.142600418352;32.6594242074386;"T18";44.7600903804414;2;1;8;"S-6";8;"S-2"
2.27749472714425;-1.65566898232531;-485.728332950111;32.3856401840272;"T18";44.9374997173436;2;1;8;"S-6";8;"S-2"
2.43773375545973;-1.86594825800012;-485.476184843018;32.2023362251243;"T18";45.0482126441784;2;1;8;"S-6";8;"S-2"
3.45117702991362;-1.40511572768524;-484.990423615921;31.8305132918459;"T18";45.247480191756;2;1;8;"S-6";8;"S-2"
3.41506611304755;-0.942523707853479;-484.621565434586;31.6803359965677;"T18";45.3543591429479;2;1;8;"S-6";8;"S-2"
3.50714072382301;-0.991677051412718;-484.578010168711;31.6683151836961;"T18";45.3671130002476;2;1;8;"S-6";8;"S-2"
3.38232404356743;-0.855555317525935;-484.421554368166;31.6240758334166;"T18";45.41172364261;2;1;8;"S-6";8;"S-2"
3.21282465571757;-1.01388408256999;-484.277342903525;31.5875976947662;"T18";45.4543604399078;2;1;8;"S-6";8;"S-2"
3.15215191636773;-0.974700822432069;-483.722595019888;31.4125336594294;"T18";45.6270271562971;2;1;8;"S-6";8;"S-2"
2.35190319245705;-1.03039975634175;-482.891525673794;31.1555523981742;"T18";45.8906785817817;2;1;8;"S-6";8;"S-2"
2.84040207834694;-0.920036297134858;-482.733985072647;31.0865317864604;"T18";45.9576628869399;2;1;8;"S-6";8;"S-2"
2.80798890142624;-0.88441358986969;-482.616300498757;31.0484125073564;"T18";45.9990952513181;2;1;8;"S-6";8;"S-2"
3.21308071227046;-0.757292325293099;-482.479520716104;31.0053318888626;"T18";46.0478061926551;2;1;8;"S-6";8;"S-2"
2.79712128593334;-0.73155248332033;-482.229083480828;30.9463062330433;"T18";46.125749219209;2;1;8;"S-6";8;"S-2"
2.12900992420579;-0.638246283416623;-481.888830688204;30.8573173226759;"T18";46.2473931373097;2;1;8;"S-6";8;"S-2"
2.32075671924996;-0.549700261417451;-481.590473872988;30.767874278621;"T18";46.3875318993814;2;1;8;"S-6";8;"S-2"
2.39906989663824;-0.614796969825877;-481.416852526147;30.7267498906338;"T18";46.4623442851007;2;1;8;"S-6";8;"S-2"
2.82824624206646;-0.510581716576305;-481.206123883292;30.6727475744595;"T18";46.5501819271594;2;1;8;"S-6";8;"S-2"
2.63735712262356;-0.712474828234157;-481.098061566326;30.6532391446512;"T18";46.5883901691996;2;1;8;"S-6";8;"S-2"
2.64572432800613;-0.749688130860453;-480.959041054054;30.6156831327058;"T18";46.6411022236571;2;1;8;"S-6";8;"S-2"
2.79251021076564;-0.433254387070751;-480.863232209396;30.5885348947313;"T18";46.6773149324581;2;1;8;"S-6";8;"S-2"
2.29672078798286;-0.752016655489735;-480.547049149835;30.5394794974962;"T18";46.7905403231271;2;1;8;"S-6";8;"S-2"
2.10695133226663;-0.779303210859023;-480.495938862406;30.5227444256429;"T18";46.81279391516;2;1;8;"S-6";8;"S-2"
2.02200466994943;-0.808919324595489;-480.436892021509;30.5009046270689;"T18";46.8408186919987;2;1;8;"S-6";8;"S-2"
2.17437138399363;-0.868191799054648;-480.415302496615;30.4922675629932;"T18";46.8514959793538;2;1;8;"S-6";8;"S-2"
2.20846226708594;-0.854538754934265;-480.407706390049;30.4892345588461;"T18";46.8549894518219;2;1;8;"S-6";8;"S-2"
2.19369996717877;-0.92415222154121;-480.395543326474;30.4845282030444;"T18";46.8604969326407;2;1;8;"S-6";8;"S-2"
2.2086210575304;-0.913240813844748;-480.346800474324;30.4639940298336;"T18";46.8827164033428;2;1;8;"S-6";8;"S-2"
2.59362342971434;-0.93543084308283;-480.116615772174;30.3688151561154;"T18";46.9869374064729;2;1;8;"S-6";8;"S-2"
2.46802545456158;-1.13867967762721;-479.760801896007;30.2404853182712;"T18";47.1241253544576;2;1;8;"S-6";8;"S-2"
2.25472324103178;-1.15970032606439;-479.589229292447;30.1613263952747;"T18";47.1936435205862;2;1;8;"S-6";8;"S-2"
2.60715903438853;-1.04412087158922;-479.46140850485;30.095582712699;"T18";47.2503337543458;2;1;8;"S-6";8;"S-2"
2.73337957167107;-0.979070793619804;-479.367352933072;30.0579151272976;"T18";47.2864096402191;2;1;8;"S-6";8;"S-2"
2.71284263910974;-0.956265926042457;-479.357742373688;30.05447271553;"T18";47.2899256390519;2;1;8;"S-6";8;"S-2"
2.45259257846486;-1.19442433563666;-479.17302676477;29.989361219467;"T18";47.358014958445;2;1;8;"S-6";8;"S-2"
2.54217205742657;-1.20079391942177;-479.0815988421;29.9448353831118;"T18";47.3952930304222;2;1;8;"S-6";8;"S-2"
2.71184517629652;-1.2061019838499;-478.984281653513;29.8988676493508;"T18";47.4335741484538;2;1;8;"S-6";8;"S-2"
2.49334109424926;-1.20670935062226;-478.729373211311;29.785496288579;"T18";47.5275723030791;2;1;8;"S-6";8;"S-2"
2.44711325611973;-1.19477739198999;-478.693216703629;29.7679975211592;"T18";47.5420735310763;2;1;8;"S-6";8;"S-2"
2.14372964225824;-1.18348715709085;-478.383459917051;29.6167620175744;"T18";47.6686540176161;2;1;8;"S-6";8;"S-2"
2.31038871303617;-1.14879178060636;-478.346012842733;29.5960886403663;"T18";47.6861222065054;2;1;8;"S-6";8;"S-2"
1.66651392745161;-1.15780244289463;-477.955996973603;29.402161522287;"T18";47.8549318388104;2;1;8;"S-6";8;"S-2"
2.04083451088913;-1.16996647818974;-477.890092364557;29.3563746158024;"T18";47.8944782284088;2;1;8;"S-6";8;"S-2"
2.06368305174625;-1.2249965442479;-477.874188868287;29.3472574838535;"T18";47.9022708721459;2;1;8;"S-6";8;"S-2"
1.8646043845244;-1.36620255919427;-477.708445580649;29.2488727273291;"T18";47.9825851856731;2;1;8;"S-6";8;"S-2"
1.91020890673033;-1.52801300612381;-477.666829855295;29.2183807307678;"T18";48.0049039819278;2;1;8;"S-6";8;"S-2"
1.91194505995237;-1.46378274349139;-477.637184365921;29.1946667311227;"T18";48.0204234831035;2;1;8;"S-6";8;"S-2"
2.30332989318669;-1.51235251394425;-477.525216071004;29.1089439447569;"T18";48.0789859895594;2;1;8;"S-6";8;"S-2"
2.52788347167684;-1.48355157536153;-477.380423656107;29.0138741185383;"T18";48.1418482027948;2;1;8;"S-6";8;"S-2"
2.50794538401001;-1.51535948037937;-477.375555162667;29.011016921522;"T18";48.1437741196714;2;1;8;"S-6";8;"S-2"
3.06585145022037;-0.980095514996388;-477.2003649972;28.9051629105845;"T18";48.213628178928;2;1;8;"S-6";8;"S-2"
2.95468632629995;-1.0455634927278;-477.008422889744;28.8438025995221;"T18";48.2762346393429;2;1;8;"S-6";8;"S-2"
2.80930032780918;-1.14466486192132;-476.949601963621;28.8229878644974;"T18";48.2961423113011;2;1;8;"S-6";8;"S-2"
2.62572142721489;-1.25343789208928;-476.40798161171;28.6023016747028;"T18";48.4889377723448;2;1;8;"S-6";8;"S-2"
2.59872780803716;-1.19674729572145;-476.317509566623;28.5591131291425;"T18";48.5233938437887;2;1;8;"S-6";8;"S-2"
2.54916826990908;-1.18680179270544;-476.312873993873;28.5569783887767;"T18";48.5251776291989;2;1;8;"S-6";8;"S-2"
2.0658386991009;-1.36289185151869;-476.208754901027;28.5085042540936;"T18";48.5660219681449;2;1;8;"S-6";8;"S-2"
2.00021048240501;-1.37316630093118;-476.196425309413;28.5003700759751;"T18";48.5719902906567;2;1;8;"S-6";8;"S-2"
2.26201532445584;-1.36503145997818;-476.17091076553;28.4828540634591;"T18";48.5847462201491;2;1;8;"S-6";8;"S-2"
2.81074430050491;-1.47137532682083;-475.923599560664;28.3336121147431;"T18";48.6940784612671;2;1;8;"S-6";8;"S-2"
2.83553134928362;-1.48860298028062;-475.725382727227;28.2298490801522;"T18";48.7645995803177;2;1;8;"S-6";8;"S-2"
2.15220240998568;-1.49848509289612;-475.098856774874;27.9009342190517;"T18";48.9855549763888;2;1;8;"S-6";8;"S-2"
2.17990644068645;-1.51912393030741;-475.09151139493;27.8958199499212;"T18";48.9889679360203;2;1;8;"S-6";8;"S-2"
2.66223477150153;-1.5506627541972;-474.93667493814;27.7879181783574;"T18";49.0599968819879;2;1;8;"S-6";8;"S-2"
2.65583935929477;-1.54570980605361;-474.916011066162;27.7758821637366;"T18";49.0677587338723;2;1;8;"S-6";8;"S-2"
2.94993412398583;-1.3611363747999;-474.828497555716;27.7249489283414;"T18";49.1007100907154;2;1;8;"S-6";8;"S-2"
2.4991256037045;-1.21863375594637;-474.552318911203;27.5975166592839;"T18";49.1943320608698;2;1;8;"S-6";8;"S-2"
2.50572956793243;-1.09037181054201;-474.411632924389;27.5289147881872;"T18";49.2506261449307;2;1;8;"S-6";8;"S-2"
2.26852284626642;-1.17600249672908;-474.193146460931;27.4338400906667;"T18";49.3378208950162;2;1;8;"S-6";8;"S-2"
2.24942823249986;-1.25829073587615;-474.158507437845;27.4158832172322;"T18";49.3530903127976;2;1;8;"S-6";8;"S-2"
2.52539152118355;-0.972959048402325;-474.091053903778;27.3781508922827;"T18";49.3830772815272;2;1;8;"S-6";8;"S-2"
2.60805960585184;-1.01560391654718;-473.925297966463;27.3142900066799;"T18";49.4487130199559;2;1;8;"S-6";8;"S-2"
2.7966374644085;-0.597705868183094;-473.638022264057;27.2024220386942;"T18";49.5588622288778;2;1;8;"S-6";8;"S-2"
2.55990212138391;-0.0845481848828831;-473.473135007676;27.1671818325602;"T18";49.6178213390522;2;1;8;"S-6";8;"S-2"
2.59039476604794;-0.32584353460102;-473.176074610936;27.1573705522244;"T18";49.7338649933226;2;1;8;"S-6";8;"S-2"
2.16753743256564;-0.432774329945594;-472.926390046609;27.1259629451517;"T18";49.8302536085248;2;1;8;"S-6";8;"S-2"
2.07597882060156;-0.581677841795082;-472.816540305578;27.104030152963;"T18";49.8809331213124;2;1;8;"S-6";8;"S-2"
2.04362957186373;-0.828551646482594;-472.613481664123;27.0471342390226;"T18";49.9787465669215;2;1;8;"S-6";8;"S-2"
1.78216037853289;-1.12163579440597;-472.570047519781;27.029524672052;"T18";50;2;1;8;"S-6";8;"S-2"
