"Vx";"Vy";"X";"Y";"Traj";"Time";"TrueMovMode";"TrueTrajClust";"firstEstMovMode";"firstSegment";"finalEstMovMode";"finalSegment"
0;0;0;0;"T19";0;1;2;1;"S-1-NA";2;"S-1"
-9.66852425002751;7.71597779613586;0;0;"T19";0.28056000592187;1;2;1;"S-1-NA";2;"S-1"
-15.9646769792757;8.71184524080116;-2.34846505411482;1.87419545568181;"T19";0.523457990493625;1;2;1;"S-1-NA";2;"S-1"
-16.2666318055595;8.66942968684445;-2.55145161319995;1.98496421667885;"T19";0.536172720603645;1;2;1;"S-1-NA";2;"S-1"
-16.5827736893369;8.58090648422939;-2.80150251488118;2.11823081643779;"T19";0.551544735208154;1;2;1;"S-1-NA";2;"S-1"
-17.8458731833244;8.1597371705384;-3.49422198326195;2.47668478133769;"T19";0.593318173196167;1;2;4;"S-2-NA";2;"S-1"
-21.4247234555447;6.30085383341035;-8.43416702845791;4.73539483668918;"T19";0.870129792019725;1;2;4;"S-2-NA";2;"S-1"
-21.4774715431725;6.29389924872141;-8.64707952021391;4.7980108369678;"T19";0.880067492835224;1;2;4;"S-2-NA";2;"S-1"
-21.6453090508097;6.01330727828336;-9.07685924973262;4.92395631017195;"T19";0.900078215636313;1;2;4;"S-2-NA";2;"S-1"
-22.0585922858879;5.81674350680954;-9.85991437909421;5.14149772284635;"T19";0.936254882253706;1;2;4;"S-2-NA";2;"S-1"
-22.545775605566;5.13320747182514;-11.7674481113504;5.64450509101008;"T19";1.02273065131158;1;2;4;"S-2-NA";2;"S-1"
-22.4963520030815;5.04405731324623;-11.9266301107025;5.68074754470739;"T19";1.02979104267433;1;2;4;"S-2-NA";2;"S-1"
-22.6817899811282;4.93166326246803;-12.533520050697;5.81682239096447;"T19";1.05676830280572;1;2;4;"S-2-NA";2;"S-1"
-22.8603680366993;4.27267205272118;-14.1354797426444;6.16513377940889;"T19";1.12739587202668;1;2;4;"S-2-NA";2;"S-1"
-23.1386500894889;3.87648997358894;-14.9950052548144;6.32578170198626;"T19";1.1649948079139;1;2;4;"S-2-NA";2;"S-1"
-22.9679577399395;3.46910323532225;-17.7739405791651;6.79134537490732;"T19";1.28509409260005;1;2;4;"S-2-NA";2;"S-1"
-22.7933683980148;3.45841413986896;-18.3986160321228;6.88569697810247;"T19";1.31229178514332;1;2;4;"S-2-NA";2;"S-1"
-22.4155462515219;3.00450343606985;-20.1992564917521;7.15890628695322;"T19";1.39129022136331;1;2;2;"S-3";2;"S-1"
-22.3791427881761;2.9338892478853;-20.4702536371465;7.19522982086877;"T19";1.40337991761044;1;2;2;"S-3";2;"S-1"
-22.0729007774428;2.4871551347452;-23.5747627662843;7.60222869656973;"T19";1.54210324399173;1;2;2;"S-3";2;"S-1"
-21.9174586757086;2.56596978505479;-25.7622424338157;7.84871199036551;"T19";1.64120574481785;1;2;2;"S-3";2;"S-1"
-21.8845224847865;2.27571580683782;-28.1794924506027;8.13170969542669;"T19";1.75149453571066;1;2;2;"S-3";2;"S-1"
-22.2562709643068;2.34144268275099;-30.2921728247825;8.35140195170777;"T19";1.84803218580782;1;2;2;"S-3";2;"S-1"
-21.1796911301543;2.61670491923242;-33.0625197995841;8.64285278204828;"T19";1.97250708006322;1;2;2;"S-3";2;"S-1"
-21.1061607389447;2.63218525318391;-33.3595308613347;8.67954785477495;"T19";1.9865304697305;1;2;2;"S-3";2;"S-1"
-20.9769128193023;2.61245716201622;-33.671694092729;8.71847826302993;"T19";2.00132061727345;1;2;2;"S-3";2;"S-1"
-21.0340827494374;2.59514302030861;-34.3646427462442;8.80477783858613;"T19";2.03435448929667;1;2;2;"S-3";2;"S-1"
-20.9571482211609;2.87473370592924;-36.8179125325877;9.10745735348599;"T19";2.15098756598309;1;2;2;"S-3";2;"S-1"
-21.0022240089522;2.87715231851141;-36.9218590714586;9.12171590697588;"T19";2.15594752226025;1;2;2;"S-3";2;"S-1"
-20.762355127889;2.57106331554242;-39.5121510520386;9.47656711579884;"T19";2.27928169770166;1;2;2;"S-3";2;"S-1"
-20.9050039334455;2.55389742622861;-40.4192115960897;9.58889108268124;"T19";2.32296944595873;1;2;2;"S-3";2;"S-1"
-20.9342732809375;2.55154140258431;-40.5209442969116;9.60131944115557;"T19";2.32783587416634;1;2;2;"S-3";2;"S-1"
-20.7021462383067;2.50152057386823;-41.4469714936607;9.71418682855975;"T19";2.37207085592672;1;2;2;"S-3";2;"S-1"
-20.7796896068557;2.44051306430842;-41.5959704814346;9.73219095378964;"T19";2.37926812842488;1;2;2;"S-3";2;"S-1"
-20.9363767850948;2.76112855673349;-42.5589988615162;9.84529578775759;"T19";2.42561282357201;1;2;2;"S-3";2;"S-1"
-21.4460711526424;2.57230102584562;-50.81860375866;10.9345879409765;"T19";2.82012257957831;1;2;2;"S-3";2;"S-1"
-21.4093768490805;2.70129204204266;-51.4769105306235;11.013547073994;"T19";2.85081849433482;1;2;2;"S-3";2;"S-1"
-21.2221958822569;2.85795854731322;-51.9177700930144;11.0691717862843;"T19";2.87141038570553;1;2;2;"S-3";2;"S-1"
-21.0080197930211;2.90540188425535;-55.5371984433205;11.5565943059677;"T19";3.04195957724005;1;2;2;"S-3";2;"S-1"
-20.9438856460863;3.17504767247905;-56.8709437000133;11.7410508144864;"T19";3.1054470106028;1;2;2;"S-3";2;"S-1"
-21.0270108627936;3.02206127108322;-57.35194551806;11.813969647632;"T19";3.12841322738677;1;2;2;"S-3";2;"S-1"
-21.336694131861;2.9345937313256;-60.6403301990836;12.2865855631223;"T19";3.28480182215571;1;2;2;"S-3";2;"S-1"
-21.7492315094697;3.17470368226212;-61.382168986106;12.3886161513942;"T19";3.31957003800198;1;2;2;"S-3";2;"S-1"
-21.8159355022617;3.11516173896372;-61.438549550742;12.3968459403906;"T19";3.32216233946383;1;2;2;"S-3";2;"S-1"
-21.7851361634324;3.10153489147308;-66.2375768540286;13.0821131955075;"T19";3.5421404056251;1;2;2;"S-3";2;"S-1"
-21.6924793660474;3.03352707083748;-66.956510335256;13.1844672620576;"T19";3.57514150673524;1;2;2;"S-3";2;"S-1"
-21.5910592297107;2.93292397514839;-67.7783832713129;13.2993998964626;"T19";3.61302896635607;1;2;2;"S-3";2;"S-1"
-21.7668247618718;2.81578297910463;-68.3071513327144;13.3712276149677;"T19";3.63751910626888;1;2;2;"S-3";2;"S-1"
-21.7287627652839;2.73341713016052;-69.5493759963028;13.5319233113874;"T19";3.6945887375623;1;2;2;"S-3";2;"S-1"
-21.579231206127;2.59498780689095;-71.5723222654153;13.7864042519323;"T19";3.78768866648898;1;2;2;"S-3";2;"S-1"
-21.6451478093354;2.50766188838338;-72.5528972831355;13.9043222718293;"T19";3.83312935009599;1;2;2;"S-3";2;"S-1"
-21.8667984774835;2.49959776330744;-74.6405541722325;14.1461842199631;"T19";3.92957853619009;1;2;2;"S-3";2;"S-1"
-21.8403953934721;2.31519163811178;-78.5362293344486;14.5914995656034;"T19";4.10773333860561;1;2;2;"S-3";2;"S-1"
-21.8190004403709;2.15414917220772;-80.7328009850465;14.8243471961687;"T19";4.20830714283511;1;2;2;"S-3";2;"S-1"
-22.0502955322012;2.0633260642034;-82.591156167186;15.0078191333096;"T19";4.29347855970263;1;2;2;"S-3";2;"S-1"
-22.0570663040223;2.08242474899502;-82.7247822322955;15.0203230084887;"T19";4.299538617488;1;2;2;"S-3";2;"S-1"
-21.909137299183;2.15866982006384;-83.6868302021773;15.1111507040031;"T19";4.34315493330359;1;2;2;"S-3";2;"S-1"
-21.7807467048626;2.13613478909371;-84.6312949031012;15.2042071953728;"T19";4.38626318937168;1;2;2;"S-3";2;"S-1"
-21.92032765041;2.00996838744382;-85.1405027183896;15.2541474726211;"T19";4.40964199369773;1;2;2;"S-3";2;"S-1"
-21.2630799181419;2.07946504942037;-87.0158816670591;15.4261089716197;"T19";4.49519632384181;1;2;2;"S-3";2;"S-1"
-21.3110809741976;2.28514037363204;-89.5532173831474;15.6742527476185;"T19";4.6145269065164;1;2;2;"S-3";2;"S-1"
-21.5713973066769;2.06547165290308;-90.5818317047305;15.7845488005494;"T19";4.6627935487777;1;2;2;"S-3";2;"S-1"
-22.1491769749258;1.76183802504794;-91.9575980976397;15.916279093454;"T19";4.7265708912164;1;2;2;"S-3";2;"S-1"
-21.8810172890206;1.788881973922;-92.313600481695;15.9445970096433;"T19";4.74264383083209;1;2;2;"S-3";2;"S-1"
-22.3033771932659;2.0221089033078;-96.0202266740746;16.2476321332863;"T19";4.91204300196841;1;2;2;"S-3";2;"S-1"
-22.2727445842159;2.22110585964042;-97.3847509301092;16.3713450859481;"T19";4.97322316514328;1;2;2;"S-3";2;"S-1"
-22.1661215763876;1.81446787164734;-100.490733963514;16.6810831646727;"T19";5.112675356213;1;2;2;"S-3";2;"S-1"
-22.0375825031425;2.14647827994558;-101.342044408392;16.7507694851102;"T19";5.15108128311113;1;2;2;"S-3";2;"S-1"
-21.7817276529443;1.86305004133871;-103.323902885323;16.9438040965088;"T19";5.24101213086396;1;2;2;"S-3";2;"S-1"
-21.7522484569942;1.83783189170148;-104.312652257074;17.0283745028266;"T19";5.2864056546241;1;2;2;"S-3";2;"S-1"
-21.6516054672786;2.00854164854674;-104.870451513372;17.0755025624577;"T19";5.31204894650728;1;2;2;"S-3";2;"S-1"
-21.6247911118706;1.96577061571668;-105.452336413603;17.1294819340356;"T19";5.33892385428771;1;2;2;"S-3";2;"S-1"
-21.8598559534949;2.20094376771239;-107.587237389376;17.3235520447676;"T19";5.43764855246991;1;2;2;"S-3";2;"S-1"
-21.6867412506224;2.20919429626664;-109.850692819411;17.5514464157474;"T19";5.54119248408824;1;2;2;"S-3";2;"S-1"
-21.1642002446466;2.10685458531902;-111.084186239623;17.6771004546334;"T19";5.59807025128976;1;2;2;"S-3";2;"S-1"
-21.6437688405301;2.12979614549069;-112.320589507408;17.800181972665;"T19";5.65648981137201;1;2;2;"S-3";2;"S-1"
-21.7175107446067;2.12248831150776;-112.602892165454;17.8279611971336;"T19";5.66953294910491;1;2;2;"S-3";2;"S-1"
-21.0025064364513;2.22997889471138;-116.574848062664;18.2161470285943;"T19";5.85242480738088;1;2;2;"S-3";2;"S-1"
-20.9282501466066;2.34266549329549;-117.564542846315;18.3212296522528;"T19";5.89954750612378;1;2;2;"S-3";2;"S-1"
-20.9960092934471;2.47604768899127;-118.106356466521;18.3818791601173;"T19";5.92543660895899;1;2;2;"S-3";2;"S-1"
-20.9668786370331;2.65353445570568;-118.880440249392;18.4731664297538;"T19";5.96230474766344;1;2;2;"S-3";2;"S-1"
-21.1743599275402;2.55731137475147;-119.756361096019;18.584021564046;"T19";6.00408115424216;1;2;2;"S-3";2;"S-1"
-21.4470762072147;2.47379471599426;-120.391580461674;18.66073952458;"T19";6.03408061433583;1;2;2;"S-3";2;"S-1"
-21.5068210649643;2.43725787818578;-120.562485748427;18.6804524491399;"T19";6.04204931296408;1;2;2;"S-3";2;"S-1"
-21.283166051166;2.34166399252124;-122.735544234701;18.9267140374719;"T19";6.14308974472806;1;2;2;"S-3";2;"S-1"
-20.972736125333;2.77245636197306;-127.841341061404;19.4884754104498;"T19";6.38298811390996;1;2;2;"S-3";2;"S-1"
-20.9318573030273;2.60015678700804;-128.622354122674;19.5917201476916;"T19";6.42022755928338;1;2;2;"S-3";2;"S-1"
-20.8852596904373;2.6155932208799;-128.893482709082;19.6253997597726;"T19";6.43318047514185;1;2;2;"S-3";2;"S-1"
-21.0022303579144;2.58486255387768;-129.527345198674;19.7047823700596;"T19";6.46353022893891;1;2;2;"S-3";2;"S-1"
-20.6886067715908;2.64793254623214;-130.400233633959;19.8122136567195;"T19";6.50509193073958;1;2;2;"S-3";2;"S-1"
-21.4218344182412;2.71032413776871;-134.149202224554;20.2920437417242;"T19";6.68630126165226;1;2;2;"S-3";2;"S-1"
-21.4035920862376;2.68842130436424;-138.616387731009;20.8572390685877;"T19";6.89483548048884;1;2;2;"S-3";2;"S-1"
-21.3413511932844;2.71089096872903;-138.749913026234;20.8740106575297;"T19";6.90107393311337;1;2;2;"S-3";2;"S-1"
-21.102482427362;2.84139518866738;-139.557647332281;20.9766133285399;"T19";6.938922253903;1;2;2;"S-3";2;"S-1"
-21.2829835731399;2.98400771535343;-140.208867037433;21.0642983932403;"T19";6.96978211635724;1;2;2;"S-3";2;"S-1"
-21.3101154357295;2.9130115242068;-141.041451058474;21.1810318922786;"T19";7.00890182051808;1;2;2;"S-3";2;"S-1"
-21.744937768124;2.41454181829572;-142.77633118561;21.4181833905287;"T19";7.09031292935833;1;2;2;"S-3";2;"S-1"
-21.6331051524795;2.24636747841124;-143.357277315623;21.4826912194336;"T19";7.11702931439504;1;2;2;"S-3";2;"S-1"
-21.6711449420174;2.09655129421303;-145.007206262548;21.6540187612699;"T19";7.19329802086577;1;2;2;"S-3";2;"S-1"
-21.661631853285;1.98287105586743;-146.56679583314;21.8048995542051;"T19";7.26526420330629;1;2;2;"S-3";2;"S-1"
-21.6426888649434;1.98723725395124;-146.633772394045;21.8110304812258;"T19";7.26835614768788;1;2;2;"S-3";2;"S-1"
-21.6247880682756;2.03241677931173;-146.749504215617;21.8216570068266;"T19";7.27370353415608;1;2;2;"S-3";2;"S-1"
-21.2536509296482;2.06801879345773;-149.290595516408;22.060482773867;"T19";7.39121179794893;1;2;2;"S-3";2;"S-1"
-21.4004332447456;2.81803395578557;-153.928143069742;22.5117245641643;"T19";7.60941184125841;1;2;2;"S-3";2;"S-1"
-21.3088887389667;2.83742605627151;-156.566794726496;22.8591852852247;"T19";7.73271082434803;1;2;2;"S-3";2;"S-1"
-21.6000963595497;2.9052049521131;-157.563797593491;22.9919431191804;"T19";7.779498945456;1;2;2;"S-3";2;"S-1"
-21.6871863097197;2.99199732481053;-158.585174602304;23.1293179481897;"T19";7.82678470714018;1;2;2;"S-3";2;"S-1"
-21.6620599764964;3.21650321206181;-160.414916751037;23.3817519677954;"T19";7.91115444153547;1;2;2;"S-3";2;"S-1"
-21.5414630022899;3.17522971851662;-160.680008669835;23.4211142911032;"T19";7.92339205509052;1;2;2;"S-3";2;"S-1"
-21.3320787928747;3.39188112004802;-161.295235531596;23.5117992466647;"T19";7.95195217942819;1;2;2;"S-3";2;"S-1"
-22.3401749440346;2.81671072664834;-163.73312230295;23.8994324535763;"T19";8.06623484240845;1;2;2;"S-3";2;"S-1"
-22.8132954173359;2.15956808048347;-168.349253705918;24.4814470022954;"T19";8.27286399435252;1;2;2;"S-3";2;"S-1"
-22.6230981637504;2.08027989179263;-168.915146986507;24.5350159866689;"T19";8.29766941023991;1;2;2;"S-3";2;"S-1"
-22.5300719355222;2.24611777366384;-171.303943378264;24.7546748973711;"T19";8.4032604470849;1;2;2;"S-3";2;"S-1"
-22.7876196288213;2.04759717473052;-172.816877030821;24.9055056260571;"T19";8.47041219240054;1;2;2;"S-3";2;"S-1"
-21.8265129107849;1.82096457736688;-177.26422975376;25.3051255520893;"T19";8.66557749686763;1;2;2;"S-3";2;"S-1"
-21.6007655296645;2.05305845279226;-178.473113207941;25.4059815137001;"T19";8.72096350649372;1;2;2;"S-3";2;"S-1"
-21.6167261256556;1.91682645843538;-179.096679752358;25.4652487912018;"T19";8.74983130488545;1;2;2;"S-3";2;"S-1"
-21.6020554069421;2.26639138986533;-182.758558392692;25.7899596574342;"T19";8.91923154704273;1;2;2;"S-3";2;"S-1"
-21.7359388618957;2.45411642072823;-185.361142040629;26.0630111361001;"T19";9.03971006628126;1;2;2;"S-3";2;"S-1"
-21.5968994322546;2.26341583771436;-187.082410228514;26.2573525239374;"T19";9.11890002898872;1;2;2;"S-3";2;"S-1"
-21.5959878225943;2.25608540745572;-188.19106746944;26.3735429227295;"T19";9.1702341218479;1;2;2;"S-3";2;"S-1"
-21.6241932784796;2.07728957511656;-189.765986357677;26.5380712393255;"T19";9.24316057935357;1;2;2;"S-3";2;"S-1"
-21.5699248279228;1.80209575010005;-190.516973121002;26.6102134438654;"T19";9.27788958651945;1;2;2;"S-3";2;"S-1"
-21.225150314389;2.08926850312344;-193.154947053072;26.8306074252901;"T19";9.40018829423934;1;2;2;"S-3";2;"S-1"
-21.2160009857732;2.38702425009563;-197.477806261723;27.2561221309244;"T19";9.60385513026267;1;2;2;"S-3";2;"S-1"
-21.2764903883231;2.57803192955908;-199.533186841313;27.4873741604632;"T19";9.70073392381892;1;2;2;"S-3";2;"S-1"
-21.7959205794337;2.41698601812446;-202.316268088298;27.8245948292076;"T19";9.83153939014301;1;2;2;"S-3";2;"S-1"
-22.4913576518982;2.04730584394891;-206.131644619236;28.2476883019311;"T19";10.0065894192085;1;2;2;"S-3";2;"S-1"
-22.1956868147415;1.74169408476997;-207.043325259248;28.3306752487841;"T19";10.047124128323;1;2;2;"S-3";2;"S-1"
-21.9157143601729;1.99301116255361;-207.864846595209;28.395139973994;"T19";10.084136785008;1;2;2;"S-3";2;"S-1"
-22.148045872972;1.94022216236176;-211.024623498507;28.6824895230872;"T19";10.2283153799362;1;2;2;"S-3";2;"S-1"
-22.2498653084784;1.82729830573983;-212.049041590128;28.772231015239;"T19";10.274568584282;1;2;2;"S-3";2;"S-1"
-22.1343478061572;1.68773383338583;-214.518785343271;28.9750618419951;"T19";10.385568975471;1;2;2;"S-3";2;"S-1"
-22.1065422067953;1.99456864553053;-215.11047755549;29.0201781008638;"T19";10.4123008321039;1;2;2;"S-3";2;"S-1"
-21.9518617196277;2.03883586166893;-215.619794805877;29.0661313851335;"T19";10.4353400412947;1;2;2;"S-3";2;"S-1"
-22.0202130018337;2.00528470256836;-215.953973940253;29.0971691354661;"T19";10.4505633120425;1;2;2;"S-3";2;"S-1"
-21.2350654167618;2.05989025912022;-220.391418001493;29.5012678012585;"T19";10.6520801666193;1;2;2;"S-3";2;"S-1"
-21.1162455564292;2.06878694457924;-220.513670860269;29.5131268404468;"T19";10.6578372884542;1;2;2;"S-3";2;"S-1"
-20.9548563777216;2.27273082864735;-223.308503446045;29.7869403434337;"T19";10.7901919051073;1;2;2;"S-3";2;"S-1"
-20.989339887829;2.2746392499841;-227.566782236686;30.248786576594;"T19";10.9934039297514;1;2;2;"S-3";2;"S-1"
-20.9424738398929;2.80332171056669;-231.047765413196;30.6260247843765;"T19";11.1592492205091;1;2;2;"S-3";2;"S-1"
-21.2242397729972;2.26985096468108;-232.278694650733;30.7907947481421;"T19";11.2180259078741;1;2;2;"S-3";2;"S-1"
-21.7700490835654;2.14477515050022;-235.83192925683;31.170799548533;"T19";11.3854398950934;1;2;2;"S-3";2;"S-1"
-21.8732181809644;2.09597248391935;-236.48035903445;31.234682549832;"T19";11.4152253023349;1;2;2;"S-3";2;"S-1"
-22.0263305463476;2.68679143087071;-245.895209512901;32.1368482659049;"T19";11.8456535274163;1;2;2;"S-3";2;"S-1"
-22.3369401598856;2.61318324866572;-247.323011491184;32.3110128237353;"T19";11.9104760349728;1;2;2;"S-3";2;"S-1"
-22.4085866035911;2.53255056873466;-247.601988216217;32.3436501187008;"T19";11.9229655130766;1;2;2;"S-3";2;"S-1"
-22.2376445249856;2.35724073315337;-248.614805608234;32.4581156719082;"T19";11.9681632495485;1;2;2;"S-3";2;"S-1"
-22.1595466483121;1.99004343892573;-254.987503431725;33.1336360883234;"T19";12.2547357692383;1;2;2;"S-3";2;"S-1"
-22.1190005935829;1.98889507602206;-255.479739846608;33.1778414984513;"T19";12.2769490582868;1;2;2;"S-3";2;"S-1"
-21.6996738271475;2.23132624327802;-258.974054840923;33.4920431214794;"T19";12.4349270365201;1;2;2;"S-3";2;"S-1"
-21.6713860933038;2.3659818356385;-259.844918137535;33.5815919388265;"T19";12.4750595889054;1;2;2;"S-3";2;"S-1"
-21.49771203033;2.41036535586056;-263.859856300229;34.0199243428198;"T19";12.660324072931;1;2;2;"S-3";2;"S-1"
-21.7664926801768;2.27149944101262;-270.397732454052;34.7529637546348;"T19";12.9644436994568;1;2;2;"S-3";2;"S-1"
-21.8904963240137;2.28543697082483;-270.838152787018;34.7989249737821;"T19";12.9846775671467;1;2;2;"S-3";2;"S-1"
-21.7034446514724;2.27211633648894;-271.788489668292;34.8981431464108;"T19";13.0280907847919;1;2;2;"S-3";2;"S-1"
-21.6287621709097;2.35641502442048;-272.106084479147;34.9313918942347;"T19";13.0427241674624;1;2;2;"S-3";2;"S-1"
-21.6759524741591;2.28317985840258;-276.500612322169;35.4101678571263;"T19";13.2459039799869;1;2;2;"S-3";2;"S-1"
-21.6185119993957;2.49126531165902;-278.848617569725;35.6574888592846;"T19";13.3542270283215;1;2;2;"S-3";2;"S-1"
-21.430572449713;2.62254276179377;-279.468577290156;35.7289315259297;"T19";13.382904289756;1;2;2;"S-3";2;"S-1"
-21.3683282404234;2.83077967371906;-281.447995627053;35.9711606704927;"T19";13.4752685204148;1;2;2;"S-3";2;"S-1"
-21.7455561060109;2.81266526629047;-282.859677493637;36.1581739121803;"T19";13.541332737077;1;2;2;"S-3";2;"S-1"
-21.7585000033404;2.87060070934471;-283.353574729234;36.2220567392236;"T19";13.5640452965163;1;2;2;"S-3";2;"S-1"
-21.787958664169;2.64290764252602;-285.792710766938;36.5438521588962;"T19";13.6761456727982;1;2;2;"S-3";2;"S-1"
-21.5706655280876;2.55020673860118;-287.504705172369;36.7515193005415;"T19";13.7547209276818;1;2;2;"S-3";2;"S-1"
-21.6184117668592;2.66688733482835;-293.425693789389;37.4515322440755;"T19";14.0292135532945;1;2;2;"S-3";2;"S-1"
-21.5569197908173;2.65083963504886;-293.807669370225;37.4986534595344;"T19";14.0468825469725;1;2;2;"S-3";2;"S-1"
-21.3963632749195;2.54908136501318;-295.964624762063;37.7638927840391;"T19";14.1469411551952;1;2;2;"S-3";2;"S-1"
-22.1466763845895;2.65954520587717;-300.603932159257;38.3166022272656;"T19";14.3637680681422;1;2;2;"S-3";2;"S-1"
-21.9008056681634;2.57624033762658;-303.02347600901;38.6071598772839;"T19";14.4730189465918;1;2;2;"S-3";2;"S-1"
-21.7921726627257;2.41905085489547;-308.931254143941;39.3021049202912;"T19";14.7427705815062;1;2;2;"S-3";2;"S-1"
-22.0116840018156;1.9263195557408;-313.692707869424;39.8306524351921;"T19";14.9612643406726;1;2;2;"S-3";2;"S-1"
-21.6687356814239;1.95564135685937;-315.497610770237;39.9886058091259;"T19";15.0432618334889;1;2;2;"S-3";2;"S-1"
-21.3692172456049;2.1005538624509;-316.014546234221;40.0352601403733;"T19";15.0671181152575;1;2;2;"S-3";2;"S-1"
-21.1944842999417;2.1844589801282;-317.546143928006;40.185813312931;"T19";15.1387911988422;1;2;2;"S-3";2;"S-1"
-21.2694341656955;2.22870034040763;-318.271415574112;40.2605651275044;"T19";15.1730110286735;1;2;2;"S-3";2;"S-1"
-20.9267263046891;2.28374895339886;-320.679225965558;40.5128655788116;"T19";15.2862162212841;1;2;2;"S-3";2;"S-1"
-20.7432830893082;2.16838189040715;-321.55533064239;40.6084755232267;"T19";15.3280815691687;1;2;2;"S-3";2;"S-1"
-20.3550963486307;2.91037172140584;-325.933680859789;41.0661627311963;"T19";15.5391547246836;1;2;2;"S-3";2;"S-1"
-20.5336568891464;3.10139547314075;-330.091249714156;41.6606119352829;"T19";15.7434067106806;1;2;2;"S-3";2;"S-1"
-20.7278400504228;3.22720858217029;-331.245546671033;41.8349564943666;"T19";15.7996215857565;1;2;2;"S-3";2;"S-1"
-20.5724153604158;3.372877420317;-331.901767334051;41.937126375567;"T19";15.8312804880552;1;2;2;"S-3";2;"S-1"
-20.990541342857;3.15485904387489;-335.922166889039;42.5962767301609;"T19";16.0267072031274;1;2;2;"S-3";2;"S-1"
-21.2728112096687;3.09592178018998;-337.174397101998;42.7844857786002;"T19";16.0863640834577;1;2;2;"S-3";2;"S-1"
-21.2508475373503;3.19859006402845;-337.433225540171;42.8221541709521;"T19";16.0985311842524;1;2;2;"S-3";2;"S-1"
-21.2599592330757;3.09033360483056;-337.75669187871;42.8708409922508;"T19";16.1137525225058;1;2;2;"S-3";2;"S-1"
-21.2151182922483;3.02861167581429;-337.884891399038;42.8894759896867;"T19";16.1197826149873;1;2;2;"S-3";2;"S-1"
-20.9716907106969;3.06111480250998;-338.608507300749;42.9927773966614;"T19";16.1538911168464;1;2;2;"S-3";2;"S-1"
-21.3763518010006;3.01564202884296;-339.87033056034;43.1769583437948;"T19";16.2140590487979;1;2;2;"S-3";2;"S-1"
-21.322356241374;2.99570881031666;-343.412439928462;43.6766569818369;"T19";16.3797612884082;1;2;2;"S-3";2;"S-1"
-21.5053141749563;2.1882823430664;-347.677827577381;44.2759274946561;"T19";16.579804266803;1;2;2;"S-3";2;"S-1"
-21.4466339827171;2.36853707172771;-349.968154717739;44.5089807018922;"T19";16.6863047867082;1;2;2;"S-3";2;"S-1"
-21.6162841303175;2.37477115904652;-350.373804035603;44.5537800605354;"T19";16.7052191449329;1;2;2;"S-3";2;"S-1"
-21.4971319960553;2.44534179353619;-350.511285907742;44.5688838583426;"T19";16.7115792515688;1;2;2;"S-3";2;"S-1"
-21.4521234399691;2.48371913392337;-350.916228639681;44.6149469046402;"T19";16.7304163100198;1;2;2;"S-3";2;"S-1"
-21.5296377644332;2.59257923850325;-352.530655319953;44.8018646448503;"T19";16.8056735070422;1;2;2;"S-3";2;"S-1"
-21.7337761484231;2.57545248096021;-354.072538761765;44.9875368351199;"T19";16.8772902921773;1;2;2;"S-3";2;"S-1"
-21.6215526109484;2.35638882684416;-357.228218279837;45.3614848590818;"T19";17.022487311624;1;2;2;"S-3";2;"S-1"
-21.28620643187;2.60124932489826;-362.793596447654;45.9680183105772;"T19";17.279886873439;1;2;2;"S-3";2;"S-1"
-21.2892289368733;2.57258524903175;-362.841551984416;45.9738786459087;"T19";17.28213976603;1;2;2;"S-3";2;"S-1"
-21.2849850467749;3.0194928914218;-367.170806408312;46.4970246979919;"T19";17.4854939803481;1;2;2;"S-3";2;"S-1"
-21.6333066247168;2.78091429137899;-368.611844567832;46.7014507039006;"T19";17.5531960790977;1;2;2;"S-3";2;"S-1"
-21.5459173098782;2.73953144251959;-369.032412850524;46.7555138375735;"T19";17.5726368557662;1;2;2;"S-3";2;"S-1"
-21.527754068289;2.75959794529657;-369.503309105819;46.8153875982953;"T19";17.5944923306815;1;2;2;"S-3";2;"S-1"
-21.6678803212957;2.92538030450916;-370.10816139931;46.8929223537107;"T19";17.6225887262262;1;2;2;"S-3";2;"S-1"
-21.6348591111783;2.97449800927442;-371.005271194886;47.0140411381993;"T19";17.6639914745465;1;2;2;"S-3";2;"S-1"
-21.2966561277703;3.14117074729851;-377.36740306968;47.8887474859072;"T19";17.9580600350164;1;2;2;"S-3";2;"S-1"
-20.8339217688113;3.10241104714972;-379.32919481597;48.178103843486;"T19";18.0501773953438;1;2;2;"S-3";2;"S-1"
-21.0305471799285;3.10057044477612;-379.763469944034;48.2427724147593;"T19";18.0710220127366;1;2;2;"S-3";2;"S-1"
-21.182776263244;2.90416228768551;-380.197968764101;48.3068313376329;"T19";18.0916823795997;1;2;2;"S-3";2;"S-1"
-21.3795221759134;2.76578647017103;-382.751546240484;48.6569272510974;"T19";18.2122320868075;1;2;2;"S-3";2;"S-1"
-21.5355085664201;2.4712778617657;-385.296843532012;48.9862025620023;"T19";18.3312851353548;1;2;2;"S-3";2;"S-1"
-21.7537944117405;2.32970466654212;-386.459639733048;49.1196376513341;"T19";18.3852795045823;1;2;2;"S-3";2;"S-1"
-21.963083671064;2.26446379075907;-388.837230313563;49.3742637531401;"T19";18.494574946817;1;2;2;"S-3";2;"S-1"
-21.9844988795695;2.18180765750161;-389.920255091017;49.4859270527829;"T19";18.5438860906288;1;2;2;"S-3";2;"S-1"
-21.7361835325447;1.78179763446565;-392.809126489766;49.7726273216339;"T19";18.6752910143696;1;2;2;"S-3";2;"S-1"
-21.8781440905659;1.72083488477788;-393.476616873341;49.8273440470747;"T19";18.7059997348115;1;2;2;"S-3";2;"S-1"
-21.669832259331;1.86470248108682;-394.988977130331;49.9462993971175;"T19";18.7751262681559;1;2;2;"S-3";2;"S-1"
-21.4184174696854;1.96139747787071;-396.845904170629;50.1060891185054;"T19";18.8608180731535;1;2;2;"S-3";2;"S-1"
-21.4125913250045;2.02073355882975;-396.908396307882;50.1118118531831;"T19";18.8637357554398;1;2;2;"S-3";2;"S-1"
-21.2501301519884;2.21158394735825;-398.831210299674;50.2932702624727;"T19";18.9535340410657;1;2;2;"S-3";2;"S-1"
-21.1517547177112;2.10114535667104;-400.334418350614;50.4497149887505;"T19";19.0242728102021;1;2;2;"S-3";2;"S-1"
-21.0816502705071;2.1336278699332;-401.118955218747;50.5276482864658;"T19";19.0613636747003;1;2;2;"S-3";2;"S-1"
-21.1698510126902;2.58541731985;-402.649605613644;50.6825620764098;"T19";19.133969489485;1;2;2;"S-3";2;"S-1"
-21.2783054931693;2.51017463516726;-403.668977436752;50.8070552325141;"T19";19.182121544145;1;2;2;"S-3";2;"S-1"
-21.4283084458824;2.46125469347988;-405.237590639255;50.9921025368954;"T19";19.2558404407464;1;2;2;"S-3";2;"S-1"
-21.6822924642294;2.53949412260035;-406.014015011912;51.0812826108224;"T19";19.2920740228146;1;2;2;"S-3";2;"S-1"
-21.7538223074209;2.48869944027361;-406.141072951161;51.0961640118774;"T19";19.2979340092279;1;2;2;"S-3";2;"S-1"
-21.6749542440245;2.59649880794679;-406.331842763107;51.117988623548;"T19";19.3067034939304;1;2;2;"S-3";2;"S-1"
-21.6314291477034;2.59765878219069;-406.536853308426;51.142547366812;"T19";19.3161619012244;1;2;2;"S-3";2;"S-1"
-21.6840754893451;2.58815056874335;-406.71923081238;51.164448579237;"T19";19.3245930364355;1;2;2;"S-3";2;"S-1"
-20.7881816480424;2.77239070304671;-412.631453906393;51.8701149827149;"T19";19.5972457993776;1;2;2;"S-3";2;"S-1"
-21.5161473946709;2.54349054979745;-414.701438456497;52.1461759686788;"T19";19.6968208649196;1;2;2;"S-3";2;"S-1"
-21.6292213944954;2.43344503319481;-415.336071699718;52.2211979336762;"T19";19.726316537708;1;2;2;"S-3";2;"S-1"
-21.6044309607968;2.47703212633409;-415.647285328314;52.2562117349109;"T19";19.7407051105984;1;2;2;"S-3";2;"S-1"
-21.6650543013069;2.57260853145548;-416.632335163505;52.3691515337992;"T19";19.7862999164499;1;2;2;"S-3";2;"S-1"
-21.7968729632927;2.47454117397423;-417.547842510736;52.4778631012543;"T19";19.8285572463647;1;2;2;"S-3";2;"S-1"
-21.7713950211921;2.55101844204331;-418.621827532657;52.5997897721788;"T19";19.8778296820819;1;2;2;"S-3";2;"S-1"
-21.1157604056367;2.66884698865925;-421.231115385289;52.905527710707;"T19";19.9976790463552;1;2;2;"S-3";2;"S-1"
-21.3141747698982;2.70543650617352;-421.684387193059;52.9628172932734;"T19";20.019145088736;1;2;2;"S-3";2;"S-1"
-21.3072943706807;2.75953214757839;-423.278289199192;53.1651333914198;"T19";20.0939264032058;1;2;2;"S-3";2;"S-1"
-21.1468870468266;2.81032409749216;-423.393729228779;53.180084162138;"T19";20.0993442675099;1;2;2;"S-3";2;"S-1"
-20.8398657818531;3.25459458466707;-424.394740874088;53.313114009153;"T19";20.1466803904623;1;2;2;"S-3";2;"S-1"
-20.9434214791568;3.37993155915376;-427.307961586505;53.7680762653317;"T19";20.2864711522125;1;2;2;"S-3";2;"S-1"
-21.0055713148004;3.29667590570044;-428.047560619845;53.8874356601848;"T19";20.3217852977104;1;2;2;"S-3";2;"S-1"
-21.0470699346144;3.21180339619676;-428.216017292156;53.9138737438931;"T19";20.3298049164005;1;2;2;"S-3";2;"S-1"
-21.4214392260212;3.15618473554529;-429.064766819007;54.0433937493537;"T19";20.3701311722398;1;2;2;"S-3";2;"S-1"
-21.3206183030078;3.34382686148678;-429.997668124511;54.1808452449855;"T19";20.4136810614727;1;2;2;"S-3";2;"S-1"
-21.3090251505421;3.51452890066126;-430.698847045291;54.2908148939276;"T19";20.4465684248134;1;2;2;"S-3";2;"S-1"
-21.4644639919958;3.43251929668555;-431.136581911057;54.3630111500067;"T19";20.4671106534079;1;2;2;"S-3";2;"S-1"
-21.5348795054139;3.43701156579014;-431.328028396454;54.3936265781698;"T19";20.4760298831388;1;2;2;"S-3";2;"S-1"
-21.6699491030194;3.46317088894742;-431.974571823055;54.4968162539911;"T19";20.5060529639013;1;2;2;"S-3";2;"S-1"
-22.2268328315022;3.1725611823543;-435.074391080869;54.9922121482603;"T19";20.6490998738445;1;2;2;"S-3";2;"S-1"
-22.6369514392436;3.00794305998008;-435.814494617859;55.097851299379;"T19";20.6823976244777;1;2;2;"S-3";2;"S-1"
-23.132629362906;2.27568383939734;-439.992580596889;55.6530252042378;"T19";20.8669669111259;1;2;4;"S-4-NA";2;"S-1"
-23.2959084386354;1.95872276812854;-440.547202669913;55.7075864246141;"T19";20.8909426582977;1;2;4;"S-4-NA";2;"S-1"
-23.3045715459978;1.95341922979538;-441.617529264748;55.7975796127381;"T19";20.9368874900974;1;2;4;"S-4-NA";2;"S-1"
-22.8913972206949;1.96141217852073;-442.952973043939;55.9095182318813;"T19";20.9941914305091;1;2;2;"S-5";2;"S-1"
-22.8654069400687;1.85206477230561;-445.050796365831;56.0892668148216;"T19";21.0858338628896;1;2;2;"S-5";2;"S-1"
-22.4930119994266;1.91083467347097;-448.409975949602;56.3613554851548;"T19";21.2327448534779;1;2;2;"S-5";2;"S-1"
-22.2813858657214;1.94558536374479;-451.572908988109;56.63005414232;"T19";21.3733633281663;1;2;2;"S-5";2;"S-1"
-22.0239458727683;1.77704931078223;-453.434009504454;56.7925633303426;"T19";21.4568904717453;1;2;2;"S-5";2;"S-1"
-21.8375659414696;1.88453135180103;-454.315505805405;56.8636887500613;"T19";21.4969149208628;1;2;2;"S-5";2;"S-1"
-21.8802332448378;1.90471442602907;-455.215096058098;56.9413213048762;"T19";21.5381095418707;1;2;2;"S-5";2;"S-1"
-21.9228310994278;1.79210186943089;-455.455910618101;56.9622846539092;"T19";21.549115574453;1;2;2;"S-5";2;"S-1"
-21.8082915618044;1.86998878692257;-455.554430121183;56.9703382207523;"T19";21.5536094969139;1;2;2;"S-5";2;"S-1"
-21.962568347961;1.95997248207388;-457.479906714872;57.1354414627681;"T19";21.641900530085;1;2;2;"S-5";2;"S-1"
-21.8410006359551;2.00048847674547;-457.537170137457;57.1405517363353;"T19";21.6445078491233;1;2;2;"S-5";2;"S-1"
-21.4800145656414;2.33697553218178;-459.951797338188;57.3617153163018;"T19";21.755062637385;1;2;2;"S-5";2;"S-1"
-21.2858802873998;2.36231098119064;-461.022593970073;57.4782154946891;"T19";21.8049134709872;1;2;2;"S-5";2;"S-1"
-21.1502520813899;2.38316743409976;-461.452016705535;57.5258729103026;"T19";21.8250875361264;1;2;2;"S-5";2;"S-1"
-21.5249001681684;2.12384355912237;-465.247840477206;57.9535786210154;"T19";22.0045569702052;1;2;2;"S-5";2;"S-1"
-21.7325235539627;2.02587299153421;-465.509375017305;57.9793840112443;"T19";22.0167072955519;1;2;2;"S-5";2;"S-1"
-22.094820086148;1.79327092362555;-466.471131262111;58.0690374744491;"T19";22.0609615324065;1;2;2;"S-5";2;"S-1"
-21.9580879959558;1.74201623790169;-467.306710991039;58.1368552175407;"T19";22.0987794338726;1;2;2;"S-5";2;"S-1"
-21.8111196600714;1.73189253064087;-467.807399087123;58.1765766538362;"T19";22.121581423562;1;2;2;"S-5";2;"S-1"
-21.3999756638659;1.65791472972314;-469.680714558124;58.3253256003518;"T19";22.2074695164338;1;2;2;"S-5";2;"S-1"
-21.3048099058873;1.67827760027484;-469.765836287592;58.3319202138841;"T19";22.2114471718669;1;2;2;"S-5";2;"S-1"
-21.3774345240074;1.67203988340143;-470.738652317682;58.4085533948278;"T19";22.2571089747362;1;2;2;"S-5";2;"S-1"
-21.3069912360875;1.81746448579585;-472.278429384955;58.5289873348843;"T19";22.3291371250525;1;2;2;"S-5";2;"S-1"
-21.2297796092762;1.84683996332933;-472.555667697687;58.5526354784401;"T19";22.3421487375163;1;2;2;"S-5";2;"S-1"
-21.135923437331;2.0845494127747;-474.19957817103;58.6956440076939;"T19";22.4195829126984;1;2;2;"S-5";2;"S-1"
-20.8604869579885;2.37765390253435;-475.3398290781;58.8081022764701;"T19";22.473531391006;1;2;2;"S-5";2;"S-1"
-21.0392601175191;2.39357688732277;-476.062750508459;58.8905000154865;"T19";22.5081864511594;1;2;2;"S-5";2;"S-1"
-21.1342922335405;2.65599229429464;-478.132474948266;59.1259666884862;"T19";22.6065608439967;1;2;2;"S-5";2;"S-1"
-21.0807160520895;2.37259966891987;-483.802769261739;59.8385648600525;"T19";22.8748591267504;1;2;2;"S-5";2;"S-1"
-21.4704523593454;2.26683989882136;-485.335505315794;60.0110717637746;"T19";22.94756709598;1;2;2;"S-5";2;"S-1"
-21.3418607515055;2.34887729894603;-489.893503603478;60.492303002146;"T19";23.1598587706685;1;2;2;"S-5";2;"S-1"
-21.1810285288947;2.07587070669058;-492.462073992;60.774998908871;"T19";23.2802123995498;1;2;2;"S-5";2;"S-1"
-21.3092818464314;2.32502714836586;-493.304015930671;60.8575143827932;"T19";23.3199622132815;1;2;2;"S-5";2;"S-1"
-21.0987743122959;2.22973294828513;-494.921159378993;61.0339587344728;"T19";23.3958513708785;1;2;2;"S-5";2;"S-1"
-21.0744259609082;2.36357961285244;-495.049708877271;61.0475439336674;"T19";23.4019441180862;1;2;2;"S-5";2;"S-1"
-21.1778985699512;2.27211742963364;-495.351717759724;61.0814154155664;"T19";23.4162747045048;1;2;2;"S-5";2;"S-1"
-21.1964896660616;2.54241877153889;-496.677605820805;61.2236662325383;"T19";23.4788818634115;1;2;2;"S-5";2;"S-1"
-20.7928327309462;2.29424717477359;-501.393347669878;61.7892971831203;"T19";23.7013593548909;1;2;2;"S-5";2;"S-1"
-20.8646524791491;2.29506219014607;-502.062772570625;61.8631604324013;"T19";23.733554338105;1;2;2;"S-5";2;"S-1"
-20.8711453605026;2.27639423060179;-502.102722004712;61.8675547752153;"T19";23.7354690325446;1;2;2;"S-5";2;"S-1"
-20.7111228137965;2.57073143733774;-502.548919389867;61.916221062366;"T19";23.7568477052264;1;2;2;"S-5";2;"S-1"
-20.4311461262034;2.60269979218897;-504.307244899714;62.1344701020667;"T19";23.8417453481816;1;2;2;"S-5";2;"S-1"
-20.5056871047271;2.64198335759681;-504.350834689437;62.1400229543616;"T19";23.8438788452186;1;2;2;"S-5";2;"S-1"
-20.5652960955373;2.61228006447975;-505.026985866255;62.2271392820052;"T19";23.8768526818603;1;2;2;"S-5";2;"S-1"
-20.7950300686024;2.4258575041071;-506.352401041552;62.3954984256569;"T19";23.9413017989136;1;2;2;"S-5";2;"S-1"
-20.825636695688;2.54440617506578;-506.944577076331;62.4645790989226;"T19";23.9697786048055;1;2;2;"S-5";2;"S-1"
-20.7021174383676;3.03054424658369;-508.248270648169;62.623859990213;"T19";24.0323790232651;1;2;2;"S-5";2;"S-1"
-20.7245390443401;3.06544182482673;-508.36699373714;62.641239641125;"T19";24.0381138515659;1;2;2;"S-5";2;"S-1"
-20.7511258913999;2.98614219306927;-508.671081737314;62.6862184014325;"T19";24.0527866990305;1;2;2;"S-5";2;"S-1"
-20.8778969165181;3.0011740676259;-508.778587399263;62.701688752045;"T19";24.0579674136825;1;2;2;"S-5";2;"S-1"
-21.2339339225669;2.91049449343006;-510.411901044494;62.9364757411736;"T19";24.1361991269514;1;2;2;"S-5";2;"S-1"
-21.0238651050962;3.05990064248579;-511.99389233678;63.1533162457001;"T19";24.2107021040283;1;2;2;"S-5";2;"S-1"
-22.2558765503236;2.59245027917531;-516.544641223661;63.8156511386016;"T19";24.4271584437229;1;2;2;"S-5";2;"S-1"
-21.5788042589766;2.50696214824603;-522.749413361131;64.5384069116052;"T19";24.7059509740211;1;2;2;"S-5";2;"S-1"
-21.7549083457449;2.43941873152736;-523.070062515101;64.5756589892562;"T19";24.7208104236051;1;2;2;"S-5";2;"S-1"
-21.8914165893933;2.39883505257071;-523.485572525228;64.6222509070768;"T19";24.73991002189;1;2;2;"S-5";2;"S-1"
-21.8675178285118;2.43016880445941;-523.669999812362;64.6424602269818;"T19";24.7483346611261;1;2;2;"S-5";2;"S-1"
-21.623520604074;2.41431561402342;-524.961647554819;64.7860029040558;"T19";24.8074016184546;1;2;2;"S-5";2;"S-1"
-21.6727401722338;2.43661777209039;-525.126255656186;64.8043817756837;"T19";24.8150140745565;1;2;2;"S-5";2;"S-1"
-21.5074392375649;2.4356543228969;-525.552553880033;64.8523095328654;"T19";24.8346838634461;1;2;2;"S-5";2;"S-1"
-21.4855309106878;2.48307062313687;-526.16369429729;64.9215193901035;"T19";24.8630991671234;1;2;2;"S-5";2;"S-1"
-21.5235024811695;2.46683729100732;-526.299988137598;64.9372707919371;"T19";24.8694426845759;1;2;2;"S-5";2;"S-1"
-21.4786201909236;2.23562601049474;-528.591612144497;65.1999168720596;"T19";24.9759134603664;1;2;2;"S-5";2;"S-1"
-21.1793081961023;2.30317212838496;-530.442983535287;65.3926189171418;"T19";25.0621094717644;1;2;2;"S-5";2;"S-1"
-21.307630273702;2.26431932099962;-530.598460072814;65.4095264206607;"T19";25.0694504356943;1;2;2;"S-5";2;"S-1"
-21.5510390958454;2.53744997076733;-531.964531425506;65.5546960954687;"T19";25.1335622742772;1;2;2;"S-5";2;"S-1"
-21.4555079810162;2.54509678392165;-532.142715218031;65.5756757084295;"T19";25.1418302650563;1;2;2;"S-5";2;"S-1"
-21.5978481525413;2.50170515807872;-533.355965494295;65.7195939684373;"T19";25.1983775291592;1;2;2;"S-5";2;"S-1"
-21.7625591010335;2.4518735446861;-534.272663847659;65.8257762595071;"T19";25.2408214961179;1;2;2;"S-5";2;"S-1"
-21.7974515007565;2.08868296135898;-536.842666330068;66.1153249778881;"T19";25.3589143394493;1;2;2;"S-5";2;"S-1"
-21.5866612899691;2.19343942770794;-537.915171787618;66.2180949679978;"T19";25.4081175895408;1;2;2;"S-5";2;"S-1"
-21.7855291032379;2.00168927762889;-538.589026036945;66.2865658843265;"T19";25.4393338225782;1;2;2;"S-5";2;"S-1"
-21.7140947031029;1.57688596386488;-540.118834531408;66.4271271369672;"T19";25.5095551372506;1;2;2;"S-5";2;"S-1"
-21.5658877128241;1.42598755029768;-540.367189295193;66.4451627560629;"T19";25.5209926282987;1;2;2;"S-5";2;"S-1"
-21.445938119341;1.53697403638185;-540.61991681141;66.4618736977381;"T19";25.5327114835382;1;2;2;"S-5";2;"S-1"
-21.5421983753686;2.33219666001331;-549.787074833482;67.1188598267164;"T19";25.9601657628082;1;2;2;"S-5";2;"S-1"
-21.7464899249594;2.31214189359406;-550.583683809079;67.2051021293752;"T19";25.9971447638236;1;2;2;"S-5";2;"S-1"
-21.1467381772842;2.52175584363934;-554.108752870871;67.5798964011729;"T19";26.1592430644669;1;2;2;"S-5";2;"S-1"
-21.2102937372661;2.4601807582549;-554.577016611462;67.6357370142405;"T19";26.1813866090961;1;2;2;"S-5";2;"S-1"
-21.1551649917085;2.59503660791696;-561.462553857111;68.4343900858021;"T19";26.5060184756294;1;2;2;"S-5";2;"S-1"
-20.986207509393;2.99230394255097;-564.545428649616;68.8125565027179;"T19";26.6517452895641;1;2;2;"S-5";2;"S-1"
-21.3804035540998;2.8816904623733;-568.296530720821;69.3474048078036;"T19";26.830486592371;1;2;2;"S-5";2;"S-1"
-21.4017420589081;2.83293212972343;-569.430383223237;69.5002275519433;"T19";26.8835189170204;1;2;2;"S-5";2;"S-1"
-21.7555600850734;2.85177675891369;-574.809582380084;70.2122680055507;"T19";27.1348629030399;1;2;2;"S-5";2;"S-1"
-21.7498290803532;2.78194769731153;-575.431232361638;70.2937555408125;"T19";27.1634372067638;1;2;2;"S-5";2;"S-1"
-21.6782569756154;2.61945105446095;-577.368710494944;70.5415718713056;"T19";27.2525173611939;1;2;2;"S-5";2;"S-1"
-21.3268124696861;2.47799539610741;-578.711671074836;70.7038459651616;"T19";27.3144670180045;1;2;2;"S-5";2;"S-1"
-21.1708045390664;2.72575150075142;-581.853599742765;71.0689115268855;"T19";27.4617899558507;1;2;2;"S-5";2;"S-1"
-21.1277611261693;2.83578303072207;-582.545577317629;71.1580039801124;"T19";27.4944754200988;1;2;2;"S-5";2;"S-1"
-21.060509300236;2.78752478094085;-583.62483707607;71.3028629876737;"T19";27.5455579627305;1;2;2;"S-5";2;"S-1"
-21.0868758034198;2.68352087184295;-583.744677680351;71.3187248383742;"T19";27.5512482621707;1;2;2;"S-5";2;"S-1"
-21.4206110796198;2.77475955230979;-585.236037338727;71.5085156261601;"T19";27.6219728053547;1;2;2;"S-5";2;"S-1"
-21.2380043852893;2.94366658057803;-587.354910498032;71.782987886408;"T19";27.7208902989514;1;2;2;"S-5";2;"S-1"
-21.2205197509104;3.21809863801498;-588.181594369511;71.8975693527751;"T19";27.7598150423728;1;2;2;"S-5";2;"S-1"
-21.4485648085572;3.21381170499279;-589.366867743705;72.0773164407796;"T19";27.8156701009721;1;2;2;"S-5";2;"S-1"
-21.5626468434976;3.12024367248926;-590.981285294499;72.3192176620406;"T19";27.8909393586218;1;2;2;"S-5";2;"S-1"
-21.4160949351875;3.30578801547445;-592.705521716191;72.5687249615715;"T19";27.9709034017287;1;2;2;"S-5";2;"S-1"
-21.3291318264651;3.40482849634031;-594.018545763119;72.7714033290097;"T19";28.0322135542519;1;2;2;"S-5";2;"S-1"
-21.3992572627418;3.34157107591448;-596.006089602241;73.0886804669743;"T19";28.1253980239853;1;2;2;"S-5";2;"S-1"
-21.4974798832335;3.26007251248361;-596.277469625529;73.1310574347945;"T19";28.1380797736347;1;2;2;"S-5";2;"S-1"
-21.5398067412952;3.28670142721424;-596.588303278173;73.1781950645279;"T19";28.1525388476439;1;2;2;"S-5";2;"S-1"
-21.5292315575189;3.12296019642352;-597.472837789032;73.3131638167632;"T19";28.1936039566062;1;2;2;"S-5";2;"S-1"
-21.4239136615057;3.14192873279094;-599.332836202367;73.582969127498;"T19";28.2799980486743;1;2;2;"S-5";2;"S-1"
-21.2702083798088;3.31363656371273;-600.086393560693;73.6934822463117;"T19";28.3151717041619;1;2;2;"S-5";2;"S-1"
-21.3629899972446;3.29674817252281;-600.473416491874;73.7537756535439;"T19";28.3333672443405;1;2;2;"S-5";2;"S-1"
-22.0054892388965;2.93238860899355;-604.161677257915;74.3229500500962;"T19";28.5060144611634;1;2;2;"S-5";2;"S-1"
-22.206377781973;2.85857629877023;-606.442864337704;74.626934521204;"T19";28.6096789175645;1;2;2;"S-5";2;"S-1"
-22.0960104194692;2.87549975062565;-607.045701768863;74.7045364070065;"T19";28.6368259578012;1;2;2;"S-5";2;"S-1"
-22.0568923008492;2.74249266977551;-607.467801545914;74.7594670384014;"T19";28.6559289437719;1;2;2;"S-5";2;"S-1"
-20.5855125278582;1.24802377072935;-608.590384971281;74.8990459406914;"T19";28.7068238481879;3;2;2;"S-5";2;"S-1"
-17.3740227439556;-1.04198488523778;-610.637556448837;75.0231584039245;"T19";28.8062710431404;3;2;1;"S-6-NA";3;"S-2"
-15.7970013179842;-1.8571104638554;-611.544556717102;74.9687622180574;"T19";28.8584754336625;3;2;1;"S-6-NA";3;"S-2"
-13.3406956060856;-2.36885469255597;-612.825013649326;74.8182304861494;"T19";28.9395323954523;3;2;1;"S-6-NA";3;"S-2"
-12.7468450920796;-2.3989419732837;-613.003008460153;74.7866246497426;"T19";28.9528746390715;3;2;1;"S-6-NA";3;"S-2"
-12.7293481045113;-2.43826435016437;-613.072453771323;74.7735551199405;"T19";28.958322678227;3;2;1;"S-6-NA";3;"S-2"
-12.0030459799893;-2.8329686124763;-613.480109580517;74.6954700036773;"T19";28.9903475553729;3;2;1;"S-6-NA";3;"S-2"
-10.9348276665784;-3.2944069065164;-614.234184398685;74.5174926556866;"T19";29.053171176929;3;2;1;"S-6-NA";3;"S-2"
-8.11715301328185;-3.22701634920514;-615.406097770451;74.1644226646905;"T19";29.1603437275626;3;2;1;"S-6-NA";3;"S-2"
-7.67376950306157;-3.0075545982698;-615.866023981526;73.9815766101515;"T19";29.2170047527179;3;2;1;"S-6-NA";3;"S-2"
-5.2693342327344;-2.44789343872026;-617.51655439964;73.3346897904988;"T19";29.4320920598693;3;2;1;"S-6-NA";3;"S-2"
-5.32216746935549;-2.2897685991941;-617.637403053119;73.2785489930347;"T19";29.4550263904966;3;2;1;"S-6-NA";3;"S-2"
-3.95131526293823;-1.47115135914199;-618.386750917648;72.9561553028793;"T19";29.5958238886669;3;2;1;"S-6-NA";3;"S-2"
-3.40065849931532;-0.208163219712615;-619.153628575208;72.6706318674814;"T19";29.7899055061862;3;2;1;"S-6-NA";3;"S-2"
-3.32013122775199;-0.109158906960708;-619.19850858294;72.6678846445797;"T19";29.8031029524282;3;2;1;"S-6-NA";3;"S-2"
-3.29138213654515;-0.109839876043254;-619.204472882717;72.6676885509919;"T19";29.8048993572593;3;2;1;"S-6-NA";3;"S-2"
-3.14506335158606;-0.0142912826601628;-619.264199853604;72.6656953448534;"T19";29.8230458283797;3;2;1;"S-6-NA";3;"S-2"
-2.8459887059297;0.303941196756241;-619.421840526108;72.6649790198838;"T19";29.8731690389104;3;2;1;"S-6-NA";3;"S-2"
-2.48259645121525;0.53064803815046;-619.524277981486;72.6759189658911;"T19";29.9091626657173;3;2;1;"S-6-NA";3;"S-2"
-2.14815141933624;0.969195814604657;-619.616705086422;72.6956750006998;"T19";29.9463926814497;3;2;1;"S-6-NA";3;"S-2"
-1.96396668910186;1.16918628090727;-619.648104847307;72.7098418404095;"T19";29.9610097892582;3;2;1;"S-6-NA";3;"S-2"
-1.89005459843733;1.41550300829416;-619.705283006258;72.7438810730419;"T19";29.990123398602;3;2;1;"S-6-NA";3;"S-2"
-1.94804663033878;1.5393959216575;-619.716353683811;72.7521721443123;"T19";29.9959807307459;3;2;1;"S-6-NA";3;"S-2"
-1.60862948030691;2.06379677733075;-619.896430512511;72.8944734277454;"T19";30.0884204218164;3;2;1;"S-6-NA";3;"S-2"
-2.36814061645379;2.83969610157646;-620.115353823921;73.1753418502766;"T19";30.2245134836994;3;2;1;"S-6-NA";3;"S-2"
-2.81924474473636;2.75677431371615;-620.294542243551;73.3902111249876;"T19";30.3001797758043;3;2;1;"S-6-NA";3;"S-2"
-2.73843070477577;2.96742229793988;-620.439499689652;73.5319565214241;"T19";30.351596896071;3;2;1;"S-6-NA";3;"S-2"
-2.78858040515139;2.95203655968583;-620.450181754772;73.5435318365008;"T19";30.3554976941086;3;2;1;"S-6-NA";3;"S-2"
-3.25373098408943;3.23094797770486;-620.815212241429;73.9299590451341;"T19";30.4863995988853;3;2;1;"S-6-NA";3;"S-2"
-3.52405249237667;3.13533835212578;-620.909445440002;74.0235324117859;"T19";30.5153611814603;3;2;1;"S-6-NA";3;"S-2"
-4.06600630094028;3.05463199238998;-621.221528387248;74.3011916224997;"T19";30.6039191549644;3;2;1;"S-6-NA";3;"S-2"
-4.0645772885199;2.85266891485549;-621.463861841308;74.483247297481;"T19";30.6635190267116;3;2;3;"S-7-NA";3;"S-2"
-3.82424732405193;2.74432452994225;-621.646263052373;74.6112631347755;"T19";30.708394839894;3;2;3;"S-7-NA";3;"S-2"
-3.98256604544122;2.56547694367326;-622.163605471112;74.9825140947214;"T19";30.8436743798666;3;2;3;"S-7-NA";3;"S-2"
-4.119444426427;2.60894238752829;-622.299839475786;75.0702728899173;"T19";30.8778819744475;3;2;3;"S-7-NA";3;"S-2"
-3.83376340250664;2.85003683991313;-622.873514749491;75.433595120615;"T19";31.0171423247084;3;2;3;"S-7-NA";3;"S-2"
-4.11333714964672;2.7496319873317;-622.920259928202;75.4683456952924;"T19";31.0293353511952;3;2;3;"S-7-NA";3;"S-2"
-4.57694500424111;2.78366333321237;-623.202572665041;75.6570625700349;"T19";31.0979688540101;3;2;1;"S-8-NA";3;"S-2"
-4.86556509128097;2.56198706004771;-623.765632353868;75.9995112139987;"T19";31.2209897092544;3;2;1;"S-8-NA";3;"S-2"
-4.89713305916697;2.59684225706552;-623.791166342859;76.0129562605985;"T19";31.2262376071885;3;2;1;"S-8-NA";3;"S-2"
-4.90926038408575;2.3465370192322;-624.182576987216;76.2205127408598;"T19";31.3061640947126;3;2;1;"S-8-NA";3;"S-2"
-5.0951626134654;2.27473816793961;-624.296522474172;76.2749766075927;"T19";31.3293744111434;3;2;1;"S-8-NA";3;"S-2"
-5.36764994219146;1.86827186611372;-625.031555695818;76.6031325960912;"T19";31.4736354048364;3;2;1;"S-8-NA";3;"S-2"
-5.5550603320691;1.55358516047793;-625.451133902057;76.7491715827601;"T19";31.5518033574335;3;2;1;"S-8-NA";3;"S-2"
-5.47512147605253;1.5508706571688;-625.657233253883;76.8068114418148;"T19";31.5889045479707;3;2;1;"S-8-NA";3;"S-2"
-5.56282944450832;1.56306791783231;-625.803631404556;76.8482798543669;"T19";31.6156433429569;3;2;1;"S-8-NA";3;"S-2"
-5.66857878594193;1.51244969695801;-625.946335774337;76.8883775464432;"T19";31.641296541784;3;2;1;"S-8-NA";3;"S-2"
-5.43119702601168;1.48800810989182;-626.247579212956;76.9687531687386;"T19";31.6944392165169;3;2;1;"S-8-NA";3;"S-2"
-5.29947367030526;1.58772771482541;-626.509341761712;77.0404693656559;"T19";31.7426353227347;3;2;1;"S-8-NA";3;"S-2"
-4.16710622521813;2.68371942804419;-628.489102931611;77.6336078306695;"T19";32.1162122651003;3;2;3;"S-9-NA";3;"S-2"
-4.01554167046293;2.50178092911129;-629.303395355121;78.158032282309;"T19";32.3116218321957;3;2;3;"S-9-NA";3;"S-2"
-4.69876029698034;2.60074186410089;-630.038840166325;78.6162324341383;"T19";32.4947714223526;3;2;1;"S-10-NA";3;"S-2"
-4.07036665128064;2.81272505763373;-630.825566649672;79.0516818658005;"T19";32.6622041990049;3;2;3;"S-11-NA";3;"S-2"
-4.29480135929674;2.51343249927494;-631.146404253107;79.273388666177;"T19";32.7410269761458;3;2;3;"S-11-NA";3;"S-2"
-4.68598726411254;2.65842566215134;-631.283308863573;79.3535089018893;"T19";32.7729037962854;3;2;1;"S-12-NA";3;"S-2"
-4.90208503634605;2.59515315249109;-631.342908310983;79.387320496227;"T19";32.7856224495918;3;2;1;"S-12-NA";3;"S-2"
-4.64327243974429;2.79396409905242;-632.814721129848;80.1664950002255;"T19";33.0858646542765;3;2;1;"S-12-NA";3;"S-2"
-5.37638339531667;2.56742711591702;-633.882415973264;80.8089516081374;"T19";33.3158091292717;3;2;1;"S-12-NA";3;"S-2"
-5.54552131998338;2.15285066492946;-635.032667410155;81.3582403236274;"T19";33.5297543322667;3;2;1;"S-12-NA";3;"S-2"
-4.47204910331728;1.90812904933621;-636.47795321453;81.91932093723;"T19";33.7903765030205;3;2;3;"S-13-NA";3;"S-2"
-4.43830002094063;1.87085048456973;-636.707360095441;82.0172040157629;"T19";33.8416744372807;3;2;3;"S-13-NA";3;"S-2"
-4.52739660882072;1.87145205644835;-636.721768146388;82.0232773566747;"T19";33.8449207367375;3;2;3;"S-13-NA";3;"S-2"
-4.41074633877494;1.69920880152372;-636.878489995898;82.088060156349;"T19";33.8795370655134;3;2;1;"S-14-NA";3;"S-2"
-4.55247726382192;1.73754025910623;-637.091100063213;82.169966679628;"T19";33.9277398074046;3;2;3;"S-15-NA";3;"S-2"
-4.8086581255591;1.81438858736812;-637.675757388107;82.3931123607404;"T19";34.0561660006642;3;2;1;"S-16-NA";3;"S-2"
-4.40494157705911;1.79440308653923;-638.203212813906;82.5921302738311;"T19";34.1658546938561;3;2;3;"S-17-NA";3;"S-2"
-4.14786530299816;1.77134477767505;-638.561252729872;82.7379819086543;"T19";34.2471361160278;3;2;1;"S-18-NA";3;"S-2"
-3.91380822978053;1.99499720884335;-638.933165622928;82.8968072110063;"T19";34.3367998022586;3;2;1;"S-18-NA";3;"S-2"
-4.1836312238375;1.81990885642417;-639.097538755646;82.9805936210014;"T19";34.3787980615161;3;2;1;"S-18-NA";3;"S-2"
-3.97775286057617;1.91008994791214;-639.435186909821;83.1274729306874;"T19";34.4595050206408;3;2;1;"S-18-NA";3;"S-2"
-3.82143108335428;1.9962691855767;-639.529122050506;83.1725799482089;"T19";34.4831201480702;3;2;1;"S-18-NA";3;"S-2"
-3.86348341059352;1.77084241306559;-639.692389421304;83.2578688397847;"T19";34.5258442917839;3;2;1;"S-18-NA";3;"S-2"
-3.90801703626086;1.78949514977174;-639.817076989121;83.3150198638754;"T19";34.5581176457927;3;2;1;"S-18-NA";3;"S-2"
-3.91979770911096;2.34271914366865;-640.478322874186;83.6178067486694;"T19";34.727320051752;3;2;3;"S-19-NA";3;"S-2"
-3.68757267749419;2.41272397517385;-640.558933420581;83.6659847119811;"T19";34.7478850279003;3;2;3;"S-19-NA";3;"S-2"
-3.77075235821812;2.64230822327891;-640.773392990252;83.8063024197812;"T19";34.8060424090363;3;2;3;"S-19-NA";3;"S-2"
-4.01454917816636;2.61544112415999;-641.011080246225;83.9728588338234;"T19";34.8690768470988;3;2;3;"S-19-NA";3;"S-2"
-4.20326944063395;2.55758272227527;-641.256196231244;84.132549598329;"T19";34.9301337613724;3;2;3;"S-19-NA";3;"S-2"
-4.27366835155721;2.4950737817824;-641.575420485847;84.3267894512898;"T19";35.0060804164968;3;2;3;"S-19-NA";3;"S-2"
-4.03743540138087;2.47740429440124;-642.49762080924;84.865192916222;"T19";35.2218670072034;3;2;3;"S-19-NA";3;"S-2"
-4.13248755329414;2.70729256105818;-642.814844054186;85.0598437653838;"T19";35.3004374890588;3;2;3;"S-19-NA";3;"S-2"
-4.69688671105074;2.74683802774776;-643.225452635386;85.3288433795513;"T19";35.3997986065224;3;2;1;"S-20-NA";3;"S-2"
-4.03185640345879;2.69431150157413;-643.784049040796;85.6555222932527;"T19";35.5187276843935;3;2;3;"S-21-NA";3;"S-2"
-4.07947748701085;2.65894185040809;-643.975796673435;85.7836587644762;"T19";35.5662858346477;3;2;3;"S-21-NA";3;"S-2"
-3.83145431972898;2.46044932740116;-644.172766649183;85.9120408216041;"T19";35.6145689729601;3;2;3;"S-21-NA";3;"S-2"
-4.12058177169783;2.26852792752704;-644.535763179594;86.1451467115791;"T19";35.7093101600185;3;2;3;"S-21-NA";3;"S-2"
-4.45038836665915;2.51257085334318;-644.735704539745;86.2552215952972;"T19";35.7578327646479;3;2;3;"S-21-NA";3;"S-2"
-4.42687778364465;2.39416315237019;-645.005593066325;86.4075934760559;"T19";35.818476579152;3;2;3;"S-21-NA";3;"S-2"
-4.21908330207033;2.25296208447986;-645.532208511043;86.6923999140997;"T19";35.9374352381565;3;2;3;"S-21-NA";3;"S-2"
-4.29076648453162;2.28229577279515;-645.614816482649;86.7365120148992;"T19";35.9570148400962;3;2;3;"S-21-NA";3;"S-2"
-4.16047140031913;2.26027523175833;-645.717193601844;86.7909672893153;"T19";35.9808747074567;3;2;3;"S-21-NA";3;"S-2"
-3.91198029606212;2.20284783150204;-645.956511308957;86.9209823366169;"T19";36.0383964842185;3;2;3;"S-21-NA";3;"S-2"
-3.95621986119356;2.19214702594493;-645.974097092215;86.9308849438856;"T19";36.0428918502294;3;2;3;"S-21-NA";3;"S-2"
-4.40333273328586;2.02828120213931;-646.095045641621;86.9979027063395;"T19";36.0734635964036;3;2;3;"S-21-NA";3;"S-2"
-5.0053485288757;2.00533848888762;-647.069941551262;87.4469632628175;"T19";36.294863151852;3;2;1;"S-22-NA";3;"S-2"
-5.03865344460965;1.9798001460951;-647.148653790951;87.4784984661871;"T19";36.3105887779966;3;2;1;"S-22-NA";3;"S-2"
-4.5101233508278;2.15263615271801;-647.316676800198;87.5445184816359;"T19";36.3439355860464;3;2;3;"S-23-NA";3;"S-2"
-4.55386881790046;2.39260599394168;-647.615639244737;87.6872102255996;"T19";36.4102225634269;3;2;3;"S-23-NA";3;"S-2"
-4.63944081317714;2.43904795474293;-647.811042631416;87.7898753072916;"T19";36.4531318773516;3;2;1;"S-24-NA";3;"S-2"
-4.81084820485706;2.23862890499267;-648.628432235056;88.219593568881;"T19";36.629314662423;3;2;1;"S-24-NA";3;"S-2"
-4.83467875472306;2.26097370447888;-648.671707068258;88.239730619218;"T19";36.6383099230006;3;2;1;"S-24-NA";3;"S-2"
-4.61162818616944;2.08061181831972;-649.118605943584;88.4487262230495;"T19";36.7307460284792;3;2;3;"S-25-NA";3;"S-2"
-4.27518686943341;1.4630698204539;-649.755121456164;88.7359006535443;"T19";36.8687700596638;3;2;1;"S-26-NA";3;"S-2"
-3.99811128231173;1.79479873877917;-650.078279319968;88.8464928995006;"T19";36.9443592382595;3;2;1;"S-26-NA";3;"S-2"
-3.9995911925138;1.83525100602337;-650.155429352403;88.8811264479773;"T19";36.963655857835;3;2;1;"S-26-NA";3;"S-2"
-3.99312567606257;1.80579842872878;-650.172002685661;88.8887312818395;"T19";36.9677996146493;3;2;1;"S-26-NA";3;"S-2"
-3.8915426518945;2.09192403573055;-650.332170686347;88.96116354354;"T19";37.0079105487093;3;2;3;"S-27-NA";3;"S-2"
-3.96629495677579;2.14578091583817;-650.409377215286;89.0026664147791;"T19";37.0277501177043;3;2;3;"S-27-NA";3;"S-2"
-3.86739124708104;2.25663784714207;-650.666223550049;89.1416212755351;"T19";37.0925073628314;3;2;3;"S-27-NA";3;"S-2"
-4.33469997823869;2.0928816822997;-650.991135422558;89.3312086179184;"T19";37.1765205520205;3;2;3;"S-27-NA";3;"S-2"
-4.59797386613468;2.02532246312705;-651.15165603494;89.4087112480824;"T19";37.2135520912707;3;2;3;"S-27-NA";3;"S-2"
-4.36523854228123;2.27025033239787;-651.391578746447;89.5143927658939;"T19";37.2657321859151;3;2;3;"S-27-NA";3;"S-2"
-5.16429245816601;1.67386528514066;-651.92243573806;89.7904780817342;"T19";37.3873422620818;3;2;1;"S-28-NA";3;"S-2"
-4.86332732507331;1.65516379588228;-652.212645993792;89.8845418622805;"T19";37.4435378122143;3;2;1;"S-28-NA";3;"S-2"
-4.45064249023371;1.49177394310401;-652.458424688977;89.9681891208092;"T19";37.4940749607049;3;2;1;"S-28-NA";3;"S-2"
-4.3562471434718;1.42449662155858;-652.527984512182;89.9915043010268;"T19";37.5097041251138;3;2;1;"S-28-NA";3;"S-2"
-4.24304868751511;1.42515773330047;-652.737736924349;90.0600935230464;"T19";37.5578539213166;3;2;1;"S-28-NA";3;"S-2"
-4.04011116005923;1.50579141183665;-652.941893482717;90.1286657500909;"T19";37.6059694564901;3;2;1;"S-28-NA";3;"S-2"
-4.17084629007595;1.37178728245628;-652.98914329526;90.1462762462182;"T19";37.6176646328531;3;2;1;"S-28-NA";3;"S-2"
-4.12251859923216;1.554587402262;-653.168259638038;90.205187436901;"T19";37.660609476734;3;2;1;"S-28-NA";3;"S-2"
-3.91117721381155;1.58840433807649;-653.219493527898;90.2245075582852;"T19";37.6730372896418;3;2;1;"S-28-NA";3;"S-2"
-3.64716776875702;1.81229600849077;-653.576434330659;90.3694680876981;"T19";37.7642990206368;3;2;1;"S-28-NA";3;"S-2"
-3.62388557708083;2.31650999522709;-654.05066430622;90.6051153477934;"T19";37.8943259362131;3;2;1;"S-28-NA";3;"S-2"
-3.77577379653464;2.2890150900742;-654.170735813663;90.6818691086998;"T19";37.9274592967704;3;2;3;"S-29-NA";3;"S-2"
-3.77045525883247;2.59166166117631;-654.390968662008;90.8153824864486;"T19";37.9857871681452;3;2;3;"S-29-NA";3;"S-2"
-3.70450677939297;2.59136071535609;-654.435179539821;90.8457712934149;"T19";37.9975127754733;3;2;3;"S-29-NA";3;"S-2"
-3.61165830322829;2.74006715728651;-654.461678479659;90.864307718311;"T19";38.004665938206;3;2;3;"S-29-NA";3;"S-2"
-3.57444672855078;2.78210873451525;-654.47714612326;90.8760425998179;"T19";38.0089486367069;3;2;3;"S-29-NA";3;"S-2"
-3.59608723136128;2.99272527980974;-654.676193472152;91.0309676581523;"T19";38.0646348348819;3;2;1;"S-30-NA";3;"S-2"
-3.47373420282563;3.26132860170558;-654.823556764843;91.1536059099468;"T19";38.1056136218831;3;2;1;"S-30-NA";3;"S-2"
-3.41186788329657;3.25229451376331;-654.845083121767;91.1738160122247;"T19";38.1118105142377;3;2;1;"S-30-NA";3;"S-2"
-3.4920020559829;3.27516066451704;-655.253767077034;91.5633857819353;"T19";38.2315935683437;3;2;1;"S-30-NA";3;"S-2"
-3.64931422855061;3.54066924085187;-655.72032889395;92.000975704802;"T19";38.3652022574097;3;2;1;"S-30-NA";3;"S-2"
-3.76259843029491;3.38324063052756;-655.786485601966;92.0651628387343;"T19";38.383330788929;3;2;1;"S-30-NA";3;"S-2"
-3.78561607876498;3.12651427001962;-655.888624019473;92.1570033182458;"T19";38.4104765020311;3;2;1;"S-30-NA";3;"S-2"
-3.89645012911784;3.09823923362299;-655.950421697786;92.2080415955247;"T19";38.4268008405343;3;2;1;"S-30-NA";3;"S-2"
-3.94607815337095;3.06417987222402;-655.966026668453;92.220449795491;"T19";38.4308057604358;3;2;1;"S-30-NA";3;"S-2"
-4.57475349929225;3.08119429158927;-656.566887196109;92.6870256369463;"T19";38.5830735322088;3;2;1;"S-30-NA";3;"S-2"
-4.54319235534403;3.13410476363741;-656.576959505986;92.6938095529977;"T19";38.5852752486244;3;2;1;"S-30-NA";3;"S-2"
-4.96088719483427;2.46725132463481;-657.270186229821;93.1720294934098;"T19";38.7378610670567;3;2;1;"S-30-NA";3;"S-2"
-5.24600951533059;2.16537614107039;-657.431993641352;93.2525029117229;"T19";38.7704776949249;3;2;1;"S-30-NA";3;"S-2"
-5.18129591821456;2.26831740879477;-657.610825116033;93.3263185247934;"T19";38.8045667437837;3;2;1;"S-30-NA";3;"S-2"
-3.83176730375335;1.99575199323553;-659.106714758804;93.9812034361924;"T19";39.0932762995362;3;2;1;"S-30-NA";3;"S-2"
-4.07607371626771;1.76439430700928;-659.693997879007;94.287086169883;"T19";39.2465432058088;3;2;1;"S-30-NA";3;"S-2"
-4.18535550956661;1.82937401838571;-659.847763402704;94.3536460590096;"T19";39.2842671368271;3;2;1;"S-30-NA";3;"S-2"
-4.40376023086065;1.73533488881925;-660.044194546563;94.4395040058804;"T19";39.3312001018785;3;2;3;"S-31-NA";3;"S-2"
-4.23348201895547;1.79408227713434;-660.176790059649;94.4917542665434;"T19";39.3613097141497;3;2;1;"S-32-NA";3;"S-2"
-3.48909427300066;2.05252798768625;-662.656992759431;95.542824682682;"T19";39.9471637909301;3;2;1;"S-32-NA";3;"S-2"
-3.67730571303763;1.98648305950979;-662.950216565817;95.7153193251802;"T19";40.0312038837001;3;2;1;"S-32-NA";3;"S-2"
-3.72196603228114;2.09548314279331;-663.040707443477;95.7642025591401;"T19";40.0558118126355;3;2;1;"S-32-NA";3;"S-2"
-3.85728851583369;2.20678329314558;-663.145633497914;95.8232763863607;"T19";40.0840028421953;3;2;3;"S-33-NA";3;"S-2"
-3.83371741387835;2.53647315331595;-663.424580807039;95.9828642053477;"T19";40.1563197840005;3;2;3;"S-33-NA";3;"S-2"
-4.00766641854929;2.54047557156113;-663.485468022514;96.0231485483912;"T19";40.1722018141299;3;2;3;"S-33-NA";3;"S-2"
-3.95193714345037;2.42380121767113;-663.623001217306;96.1103313837766;"T19";40.2065193396993;3;2;3;"S-33-NA";3;"S-2"
-3.98258524279265;2.52874755637773;-663.856397961307;96.2534782233583;"T19";40.2655781595968;3;2;3;"S-33-NA";3;"S-2"
-4.07951744204865;2.72372924024673;-664.208283188462;96.4769081951093;"T19";40.3539341408759;3;2;3;"S-33-NA";3;"S-2"
-3.9314860892081;2.70217447868514;-664.446291077065;96.6358164617868;"T19";40.4122763080522;3;2;3;"S-33-NA";3;"S-2"
-4.20326449521561;2.66565844796556;-664.569251277461;96.720329011969;"T19";40.4435520642437;3;2;3;"S-33-NA";3;"S-2"
-4.38106356404964;2.60000511166291;-664.66742477214;96.7825894302118;"T19";40.4669085517526;3;2;3;"S-33-NA";3;"S-2"
-4.12950261803909;2.34058719211997;-665.871245856063;97.4970143468943;"T19";40.7416868256405;3;2;3;"S-33-NA";3;"S-2"
-4.56877264965601;2.11459998609461;-666.125581022598;97.6411706021044;"T19";40.8032766077667;3;2;3;"S-33-NA";3;"S-2"
-4.44895745510148;2.21380620184772;-666.383625458351;97.7606032817536;"T19";40.8597566420212;3;2;3;"S-33-NA";3;"S-2"
-4.10191432596017;2.33117661910016;-666.559757658647;97.8482468614676;"T19";40.8993461867794;3;2;3;"S-33-NA";3;"S-2"
-4.24283182473864;2.65402637756954;-667.275744567975;98.255152469428;"T19";41.0738956416026;3;2;3;"S-33-NA";3;"S-2"
-4.44172719507798;2.74135887816134;-667.955520650956;98.6803740501078;"T19";41.2341131828725;3;2;1;"S-34-NA";3;"S-2"
-4.55414274053081;2.72700336598856;-668.066696481363;98.7489898917246;"T19";41.2591430475004;3;2;1;"S-34-NA";3;"S-2"
-4.50654134012845;2.72570658336961;-668.288756051578;98.8819583184794;"T19";41.3079029531218;3;2;1;"S-34-NA";3;"S-2"
-4.36995227350844;2.65417074686764;-668.647089725759;99.0986904820263;"T19";41.3874170742929;3;2;3;"S-35-NA";3;"S-2"
-4.56407349475498;2.68131808226443;-668.833003816763;99.2116088186325;"T19";41.4299608091824;3;2;1;"S-36-NA";3;"S-2"
-4.69792090791753;2.52304771195819;-668.994205782234;99.3063123209776;"T19";41.4652805658989;3;2;1;"S-36-NA";3;"S-2"
-4.52666981122707;2.35150626181581;-669.952040722437;99.8207235470672;"T19";41.6691654245369;3;2;3;"S-37-NA";3;"S-2"
-4.2978744629898;2.23685248902125;-670.198622741123;99.9488175289945;"T19";41.7236385867;3;2;3;"S-37-NA";3;"S-2"
-4.34469603119231;1.74506507635746;-670.454644018961;100.082065216312;"T19";41.7832078645006;3;2;1;"S-38-NA";3;"S-2"
-4.05816540202071;1.92460769276592;-670.766550048309;100.207343559149;"T19";41.8549979338422;3;2;1;"S-38-NA";3;"S-2"
-3.57741810866003;2.17943940289684;-671.239049009153;100.43142884025;"T19";41.9714296003804;3;2;1;"S-38-NA";3;"S-2"
-3.66105813507535;2.16167303383189;-671.360493366851;100.505415332851;"T19";42.0053770882078;3;2;1;"S-38-NA";3;"S-2"
-3.65074693352457;2.28549674056592;-671.901456458898;100.82482717643;"T19";42.1531384927221;3;2;1;"S-38-NA";3;"S-2"
-3.67918554488537;2.34439351974723;-671.981509406215;100.874943153653;"T19";42.1750663197599;3;2;1;"S-38-NA";3;"S-2"
-4.02880929609617;2.14983976131461;-672.295086336548;101.07475577915;"T19";42.2602963051759;3;2;3;"S-39-NA";3;"S-2"
-4.02155730295617;1.96374749674289;-672.470510283658;101.168364919933;"T19";42.3038386856206;3;2;3;"S-39-NA";3;"S-2"
-4.01544862483003;2.120041536538;-672.532239504722;101.198507621928;"T19";42.3191882669926;3;2;3;"S-39-NA";3;"S-2"
-3.96326638816288;2.49539113002997;-672.692778176171;101.283267429236;"T19";42.3591685248539;3;2;3;"S-39-NA";3;"S-2"
-4.01240250784366;2.42440502695994;-672.828520760602;101.368735022877;"T19";42.3934187041596;3;2;3;"S-39-NA";3;"S-2"
-3.98815415844083;2.38571145609409;-672.867414689584;101.392235814923;"T19";42.4031121307053;3;2;3;"S-39-NA";3;"S-2"
-3.9932997208071;2.42081354443001;-673.90885047562;102.015222085469;"T19";42.6642444101162;3;2;3;"S-39-NA";3;"S-2"
-4.25694494713321;2.59829986485665;-674.009367476189;102.076157385456;"T19";42.6894158241339;3;2;3;"S-39-NA";3;"S-2"
-4.1341673493852;2.91359953026668;-674.271556396841;102.236188921113;"T19";42.7510066889226;3;2;3;"S-39-NA";3;"S-2"
-3.85948003365362;2.80302263166319;-674.852288894572;102.645466482858;"T19";42.8914781427011;3;2;3;"S-39-NA";3;"S-2"
-3.77070981346468;2.91498925285074;-675.046452097104;102.786481294746;"T19";42.941786267329;3;2;3;"S-39-NA";3;"S-2"
-3.70134464213361;2.74370139826857;-675.257186996736;102.949392257937;"T19";42.9976735962555;3;2;3;"S-39-NA";3;"S-2"
-4.18283456956602;2.51180410646177;-675.720146695197;103.292571100986;"T19";43.1227523833513;3;2;3;"S-39-NA";3;"S-2"
-4.2222064841365;2.56316698205094;-675.77191933302;103.323660717877;"T19";43.1351297884248;3;2;3;"S-39-NA";3;"S-2"
-4.29307974349594;2.56700683662428;-675.928442142952;103.418680726932;"T19";43.172201118432;3;2;3;"S-39-NA";3;"S-2"
-4.34437517383535;2.63486580903164;-675.957724268384;103.436189699666;"T19";43.1790218921378;3;2;3;"S-39-NA";3;"S-2"
-4.30075049514969;2.6876025369062;-676.039724948891;103.485923155167;"T19";43.1978970300406;3;2;3;"S-39-NA";3;"S-2"
-4.62215897631434;2.54724841990849;-676.378137560753;103.697402197066;"T19";43.2765839039348;3;2;1;"S-40-NA";3;"S-2"
-4.78119898151625;2.52408447118068;-676.736149314374;103.894700662651;"T19";43.354039429687;3;2;1;"S-40-NA";3;"S-2"
-4.76158218210149;2.64981566742637;-676.965340086944;104.015694763131;"T19";43.4019752661698;3;2;1;"S-40-NA";3;"S-2"
-4.66480133694426;2.61782236270425;-677.038920838992;104.05664237721;"T19";43.4174282709137;3;2;1;"S-40-NA";3;"S-2"
-4.7614545651423;2.55553126877094;-677.14525250967;104.116314248584;"T19";43.4402227401733;3;2;1;"S-40-NA";3;"S-2"
-4.76200364901473;2.57327306202451;-677.368964310222;104.23638312537;"T19";43.4872066602111;3;2;1;"S-40-NA";3;"S-2"
-4.71750696284542;2.22655424002169;-677.975211461828;104.563984609774;"T19";43.614515918307;3;2;3;"S-41-NA";3;"S-2"
-4.70006775616621;2.18686868124466;-678.001676712651;104.576475596412;"T19";43.6201259260997;3;2;3;"S-41-NA";3;"S-2"
-4.87721362554552;2.25464415875731;-678.13248978659;104.637340892261;"T19";43.6479580937885;3;2;1;"S-42-NA";3;"S-2"
-4.93057745367529;2.33691926572921;-678.435489075412;104.777411766556;"T19";43.7100835843012;3;2;1;"S-42-NA";3;"S-2"
-4.5445394635788;2.40324385807975;-678.876184401718;104.986285759113;"T19";43.7994636478834;3;2;3;"S-43-NA";3;"S-2"
-4.15131505099057;2.25913730504196;-679.133530563552;105.122375584668;"T19";43.8560912036337;3;2;3;"S-43-NA";3;"S-2"
-4.19465001544811;2.16399703993154;-679.186436456269;105.151166865124;"T19";43.8688355730847;3;2;3;"S-43-NA";3;"S-2"
-4.35771959664134;2.12797596353897;-679.349119309523;105.23509406086;"T19";43.9076189883053;3;2;3;"S-43-NA";3;"S-2"
-4.16083870456043;2.29518071860521;-679.603718555175;105.359420801731;"T19";43.9660438685678;3;2;3;"S-43-NA";3;"S-2"
-4.2373154947241;2.00426152078002;-679.946054771766;105.548258567238;"T19";44.0483196405694;3;2;3;"S-43-NA";3;"S-2"
-4.2016058645536;2.03273054615447;-680.106769085047;105.624276865698;"T19";44.0862479736097;3;2;3;"S-43-NA";3;"S-2"
-4.27853649891845;2.18829621480894;-680.617359992523;105.871299972499;"T19";44.2077707732096;3;2;3;"S-43-NA";3;"S-2"
-4.25143120742729;2.2481301962456;-681.086531191674;106.111261828488;"T19";44.3174277083017;3;2;3;"S-43-NA";3;"S-2"
-4.22716852461049;2.30802939857911;-681.397083135097;106.275479751218;"T19";44.3904741550796;3;2;3;"S-43-NA";3;"S-2"
-4.25088794465414;2.32758993902333;-681.481868478707;106.321772456248;"T19";44.4105313974433;3;2;3;"S-43-NA";3;"S-2"
-4.38149861190423;2.42276963511525;-681.645115992492;106.411159256277;"T19";44.4489345536567;3;2;3;"S-43-NA";3;"S-2"
-4.43307929375072;2.29420095708141;-681.73414851819;106.46039019731;"T19";44.4692546618171;3;2;3;"S-43-NA";3;"S-2"
-4.32052519689105;2.34385597165425;-681.892096620376;106.542131276861;"T19";44.5048840949312;3;2;3;"S-43-NA";3;"S-2"
-4.11032448269831;2.17096128913114;-682.601101360691;106.926761598127;"T19";44.6689856122248;3;2;3;"S-43-NA";3;"S-2"
-4.04484850742775;2.03187596498026;-682.69335779376;106.975488929925;"T19";44.691430660896;3;2;3;"S-43-NA";3;"S-2"
-3.94695765338242;2.04604623109838;-682.846753884813;107.052545420411;"T19";44.7293544770218;3;2;3;"S-43-NA";3;"S-2"
-3.86355671025351;2.04846166908044;-683.366298357973;107.321869822786;"T19";44.8609861079603;3;2;1;"S-44-NA";3;"S-2"
-4.128903217018;2.40919880297867;-683.799093048269;107.551338004605;"T19";44.9730058666319;3;2;3;"S-45-NA";3;"S-2"
-4.69927354660355;2.73161813272746;-684.517512249074;107.970532785311;"T19";45.1470034546219;3;2;1;"S-46-NA";3;"S-2"
-4.70211802981945;2.57832400742549;-684.785866554498;108.126523169659;"T19";45.2041089418344;3;2;1;"S-46-NA";3;"S-2"
-4.46020447556296;2.46740604750474;-685.06445991813;108.279284957689;"T19";45.2633574255742;3;2;3;"S-47-NA";3;"S-2"
-4.63473857553158;2.70612701185961;-685.505456413757;108.523246288655;"T19";45.3622310305946;3;2;1;"S-48-NA";3;"S-2"
-4.61186873942794;2.67894891246608;-686.167552151518;108.90983015551;"T19";45.5050860648043;3;2;1;"S-48-NA";3;"S-2"
-4.52727893796881;1.91367207049886;-687.055051520852;109.425362059089;"T19";45.6975241890177;3;2;3;"S-49-NA";3;"S-2"
-4.36846909835166;1.80298635633684;-687.144267001368;109.463073270538;"T19";45.71723039262;3;2;3;"S-49-NA";3;"S-2"
-4.39291794161919;1.87289411497609;-687.173473719849;109.475127679931;"T19";45.7239161944017;3;2;3;"S-49-NA";3;"S-2"
-3.66064738677016;2.02362707881591;-687.655950190385;109.68082861819;"T19";45.8337467163801;3;2;1;"S-50-NA";3;"S-2"
-4.0187817465838;2.07373486880663;-687.771927882981;109.744941758429;"T19";45.8654290065169;3;2;3;"S-51-NA";3;"S-2"
-3.98560085644083;2.34603342183091;-687.918349451121;109.820496872029;"T19";45.9018633235246;3;2;3;"S-51-NA";3;"S-2"
-4.04710315636757;2.35882464366646;-688.787654684419;110.332193653656;"T19";46.1199747864157;3;2;3;"S-51-NA";3;"S-2"
-3.97320126402436;2.1521070675745;-689.767342897602;110.903197804299;"T19";46.3620462571271;3;2;3;"S-51-NA";3;"S-2"
-3.79821001020946;2.23172473196376;-689.855249650472;110.950812997079;"T19";46.3841711753048;3;2;3;"S-51-NA";3;"S-2"
-3.86654504732938;2.29878143123644;-690.060641874744;111.071495872809;"T19";46.4382472331636;3;2;3;"S-51-NA";3;"S-2"
-3.78828893468515;2.27843767366273;-690.127275601706;111.1111116984;"T19";46.4554806356318;3;2;3;"S-51-NA";3;"S-2"
-3.57866794926255;2.25118980900145;-690.332397794512;111.234480886931;"T19";46.509627031628;3;2;1;"S-52-NA";3;"S-2"
-3.49173685593153;2.09424239928571;-690.401772988156;111.278121909553;"T19";46.5290127904154;3;2;1;"S-52-NA";3;"S-2"
-3.45273555234987;2.26015252468305;-690.646684747661;111.42501287299;"T19";46.5991531731561;3;2;1;"S-52-NA";3;"S-2"
-3.44535235040076;2.29554070963453;-690.720460340052;111.473306201244;"T19";46.6205204604194;3;2;1;"S-52-NA";3;"S-2"
-3.61257107898741;2.08222408500025;-690.870826809125;111.573491121686;"T19";46.6641637380235;3;2;1;"S-52-NA";3;"S-2"
-3.56821726451128;2.65120444047689;-691.366631698942;111.859264566822;"T19";46.8014080659486;3;2;3;"S-53-NA";3;"S-2"
-3.50836865331419;2.6489566872996;-691.382892591764;111.871346496833;"T19";46.8059652135707;3;2;1;"S-54-NA";3;"S-2"
-3.71980389049706;2.66839063941234;-691.566696608226;112.010125777653;"T19";46.8583553796634;3;2;3;"S-55-NA";3;"S-2"
-4.18269166713891;2.28788486564253;-692.116514138555;112.404535804231;"T19";47.0061635831371;3;2;3;"S-55-NA";3;"S-2"
-4.38800369956734;2.37151502129252;-692.274639493399;112.491028578505;"T19";47.0439682714641;3;2;3;"S-55-NA";3;"S-2"
-4.55012272980107;2.35570317046593;-692.319101138958;112.515058061507;"T19";47.0541008166037;3;2;3;"S-55-NA";3;"S-2"
-4.19986503582506;2.60621102678218;-692.716755601048;112.720932920873;"T19";47.1414950443432;3;2;3;"S-55-NA";3;"S-2"
-4.22471449084136;2.42144481070119;-692.83061544475;112.79158823423;"T19";47.168605402112;3;2;3;"S-55-NA";3;"S-2"
-4.27326687668998;2.43792045077413;-692.875833365645;112.817505417543;"T19";47.1793085918762;3;2;3;"S-55-NA";3;"S-2"
-4.22542020062635;2.67379020959483;-693.359954212737;113.093698818945;"T19";47.2925991634838;3;2;3;"S-55-NA";3;"S-2"
-4.38279725821247;2.85401941878645;-693.959240580161;113.472919333327;"T19";47.4344279849902;3;2;1;"S-56-NA";3;"S-2"
-4.60189536536942;2.71777114364636;-694.176122122189;113.614149715673;"T19";47.4839127156883;3;2;1;"S-56-NA";3;"S-2"
-4.47429445569752;2.74496207262779;-694.203658487977;113.630412045517;"T19";47.4898964166641;3;2;1;"S-56-NA";3;"S-2"
-4.51123846196035;2.54211193441284;-694.560585883609;113.849385600654;"T19";47.5696693058126;3;2;3;"S-57-NA";3;"S-2"
-5.1218279998849;2.13490222297356;-694.967896311689;114.078907650743;"T19";47.6599572459236;3;2;1;"S-58-NA";3;"S-2"
-5.22059650956392;2.22640940290929;-695.005481275321;114.094573975815;"T19";47.6672954391688;3;2;1;"S-58-NA";3;"S-2"
-4.50919838956957;1.75527763125454;-696.022559432711;114.52832371475;"T19";47.8621157351881;3;2;3;"S-59-NA";3;"S-2"
-4.0095544542273;1.88921402732635;-696.203474994041;114.598747992086;"T19";47.9022371815518;3;2;1;"S-60-NA";3;"S-2"
-4.03770835963077;1.70470894831889;-696.418818927759;114.700213325684;"T19";47.9559448780492;3;2;1;"S-60-NA";3;"S-2"
-4.23530825421251;2.20574801090615;-697.075321227483;114.977386723377;"T19";48.118537676055;3;2;3;"S-61-NA";3;"S-2"
-4.16810978502849;1.93791613511377;-697.209598581153;115.047318352432;"T19";48.1502419454046;3;2;3;"S-61-NA";3;"S-2"
-4.18759483626345;1.92739078174557;-697.263824986334;115.072530314441;"T19";48.1632517767139;3;2;3;"S-61-NA";3;"S-2"
-4.54853401722865;2.01192188799935;-697.737341146126;115.290471809996;"T19";48.2763277017511;3;2;3;"S-61-NA";3;"S-2"
-3.87610027802548;1.93364471068987;-698.66121575157;115.699122934384;"T19";48.4794425079599;3;2;1;"S-62-NA";3;"S-2"
-3.89405668558723;1.97510814276075;-698.73126161343;115.734066253848;"T19";48.4975137282163;3;2;1;"S-62-NA";3;"S-2"
-3.70612070746063;1.96312282944905;-698.77434915742;115.755920727437;"T19";48.508578678593;3;2;1;"S-62-NA";3;"S-2"
-3.41525626364769;2.26731451590612;-699.030179613087;115.891433477191;"T19";48.5776078538038;3;2;1;"S-62-NA";3;"S-2"
-3.51317270554561;2.54458733366005;-700.290085790302;116.727857845893;"T19";48.9465131657198;3;2;1;"S-62-NA";3;"S-2"
-3.43266527573636;2.50899153114644;-700.407891997709;116.81318475929;"T19";48.9800458773971;3;2;1;"S-62-NA";3;"S-2"
-3.67340453722159;2.85558246383381;-700.759620145903;117.070268650143;"T19";49.0825109067373;3;2;3;"S-63-NA";3;"S-2"
-3.64121502626832;2.78050343317771;-701.076902294706;117.316913235849;"T19";49.1688836831599;3;2;3;"S-63-NA";3;"S-2"
-3.84603780936838;3.0783687114968;-701.237883205189;117.439841426314;"T19";49.2130944505334;3;2;1;"S-64-NA";3;"S-2"
-4.22052930782402;3.12433856932972;-701.47949793089;117.633229855836;"T19";49.2759161745198;3;2;1;"S-64-NA";3;"S-2"
-4.52869219832409;2.71742673283362;-701.730180462622;117.818803049486;"T19";49.3353121681139;3;2;1;"S-64-NA";3;"S-2"
-4.55956869794462;2.60384760170927;-701.764259104543;117.839251825539;"T19";49.3428372195922;3;2;1;"S-64-NA";3;"S-2"
-4.43077472676791;2.78263746164978;-702.057452007992;118.006686442507;"T19";49.4071399909444;3;2;1;"S-64-NA";3;"S-2"
-4.30573766652688;2.84279219189558;-702.328339825484;118.176810774106;"T19";49.4682777905837;3;2;1;"S-64-NA";3;"S-2"
-4.30277168034873;2.92730938763347;-702.859533904146;118.527522892715;"T19";49.5916466810741;3;2;1;"S-64-NA";3;"S-2"
-4.88794580812649;2.40311837873974;-703.386541141965;118.886062306197;"T19";49.7141275554895;3;2;1;"S-64-NA";3;"S-2"
-4.55816205755884;2.34796254124924;-704.149605196623;119.261216476453;"T19";49.8702389537357;3;2;3;"S-65-NA";3;"S-2"
-4.65770631096262;2.33012261562918;-704.302987297316;119.3402253889;"T19";49.9038889422081;3;2;3;"S-65-NA";3;"S-2"
-4.55193335004893;2.23436864722225;-704.408760654805;119.393140896226;"T19";49.9265982653014;3;2;3;"S-65-NA";3;"S-2"
-4.70248502495587;2.33966687836392;-704.63226832516;119.502852197479;"T19";49.9756999663077;3;2;1;"S-66-NA";3;"S-2"
-4.67461654535605;2.29498756012416;-704.730507817429;119.551730117343;"T19";49.9965909402817;3;2;3;"S-67-NA";3;"S-2"
-4.66069360163756;2.38041883869838;-704.746443864392;119.559553866988;"T19";50;3;2;3;"S-67-NA";3;"S-2"
