"Vx";"Vy";"X";"Y";"Traj";"Time";"TrueMovMode";"TrueTrajClust";"firstEstMovMode";"firstSegment";"finalEstMovMode";"finalSegment"
0;0;0;0;"T2";0;1;2;1;"S-1-NA";2;"S-1"
-6.10707351515519;5.41950642835858;0;0;"T2";0.163211999461055;1;2;1;"S-1-NA";2;"S-1"
-12.2860541547733;7.82485013024743;-1.13843648954875;1.01026520445131;"T2";0.349624769296497;1;2;1;"S-1-NA";2;"S-1"
-13.9215714304522;7.99264889482045;-2.15910012918546;1.66031443205033;"T2";0.432699744123966;1;2;1;"S-1-NA";2;"S-1"
-21.5850923601826;5.60853334845069;-8.88113718628514;5.5195685632217;"T2";0.915550196077675;1;2;4;"S-2-NA";2;"S-1"
-21.8485633103413;5.56323570816973;-9.43382027172905;5.66317422698781;"T2";0.941155047621578;1;2;4;"S-2-NA";2;"S-1"
-23.1562332325639;3.46482170410166;-14.6703732248466;6.99654237402366;"T2";1.1808299808763;1;2;4;"S-2-NA";2;"S-1"
-22.9414311261322;3.24134581931565;-20.5722608069709;7.87963022273973;"T2";1.43570250365883;1;2;4;"S-2-NA";2;"S-1"
-22.9043216930536;3.21304761030125;-20.6124550879177;7.88530918687195;"T2";1.43745454261079;1;2;4;"S-2-NA";2;"S-1"
-22.7926643201453;3.07611224419299;-21.6758745785111;8.03448703630965;"T2";1.48388331290334;1;2;4;"S-2-NA";2;"S-1"
-21.971540762243;2.49638435222043;-29.9885679585889;9.15637333838968;"T2";1.84859246946871;1;2;2;"S-3";2;"S-1"
-22.0997668823916;2.2254687976023;-31.1587995464313;9.28933387383761;"T2";1.90185371320695;1;2;2;"S-3";2;"S-1"
-21.865228623906;2.33887647167063;-31.5564193158253;9.32937458534399;"T2";1.91984574776143;1;2;2;"S-3";2;"S-1"
-21.3193358070984;2.53170315179204;-36.7886887311759;9.88905918958479;"T2";2.15914209838957;1;2;2;"S-3";2;"S-1"
-21.4186999232437;2.35047622523399;-38.0072176775023;10.0337613323662;"T2";2.21629814477637;1;2;2;"S-3";2;"S-1"
-21.6902847612204;2.21743380935375;-38.8558562194111;10.1268904542888;"T2";2.25591952912509;1;2;2;"S-3";2;"S-1"
-20.859451887607;2.32726982872393;-49.3615786724951;11.2009078964574;"T2";2.74027105187997;1;2;2;"S-3";2;"S-1"
-20.8596419472135;2.96882652169614;-56.8511111689377;12.036508136777;"T2";3.09931847732514;1;2;2;"S-3";2;"S-1"
-20.8389091040872;2.60270035644498;-64.7741384977579;13.1641446381823;"T2";3.47914414014667;1;2;2;"S-3";2;"S-1"
-21.4344596304227;2.95635986780209;-71.2691999503696;13.9753530691711;"T2";3.79082367289811;1;2;2;"S-3";2;"S-1"
-21.3536189231637;2.9983163024713;-71.7492366881913;14.0415624055032;"T2";3.81321923341602;1;2;2;"S-3";2;"S-1"
-21.4845998863582;2.92544264125408;-72.4083416633903;14.1341090225094;"T2";3.84408542886376;1;2;2;"S-3";2;"S-1"
-21.2618828555825;2.70020943559644;-74.9405141273373;14.4789013547019;"T2";3.96194531349465;1;2;2;"S-3";2;"S-1"
-21.515451015689;2.70106595924007;-75.6077727839204;14.5636416447659;"T2";3.9933281717822;1;2;2;"S-3";2;"S-1"
-21.0307859275746;2.87303847570633;-80.6912475664567;15.2018249057048;"T2";4.22959906281903;1;2;2;"S-3";2;"S-1"
-21.2584656289104;2.83728949261813;-81.9673691388385;15.3761572577985;"T2";4.29027780191973;1;2;2;"S-3";2;"S-1"
-21.0289094890457;2.72083235568315;-84.6386282882898;15.7326804259847;"T2";4.41593405557796;1;2;2;"S-3";2;"S-1"
-20.9554157691607;2.76138729053375;-84.8370075710245;15.7583477945871;"T2";4.42536770133302;1;2;2;"S-3";2;"S-1"
-21.0724530998389;3.0685024000794;-86.1954511563579;15.937355879789;"T2";4.49019311927259;1;2;2;"S-3";2;"S-1"
-21.3720001579521;2.91548807751477;-87.9757465037213;16.1965967247136;"T2";4.57467760425061;1;2;2;"S-3";2;"S-1"
-21.4343961346062;2.9080360497902;-88.8708447813247;16.3187026734909;"T2";4.61655942490324;1;2;2;"S-3";2;"S-1"
-21.7993546348631;2.8377864140441;-94.1561654495084;17.0357699023159;"T2";4.86314069712535;1;2;2;"S-3";2;"S-1"
-22.0714771993591;3.02528111192461;-98.5969879233408;17.613865258555;"T2";5.06685418076813;1;2;2;"S-3";2;"S-1"
-21.8861732476358;2.74291400941893;-101.989859733187;18.0789175479327;"T2";5.22057618945837;1;2;2;"S-3";2;"S-1"
-21.5306111868776;2.50043723921031;-106.989493687539;18.7055033772685;"T2";5.44901420362294;1;2;2;"S-3";2;"S-1"
-21.4820703414981;2.60497147043393;-107.571135170578;18.773051762748;"T2";5.47602883307263;1;2;2;"S-3";2;"S-1"
-21.4037131853694;2.37649811331987;-110.817176991058;19.1666751984674;"T2";5.6271335342899;1;2;2;"S-3";2;"S-1"
-21.0697916149253;2.48472310183259;-119.151726019159;20.0920772475938;"T2";6.01653087651357;1;2;2;"S-3";2;"S-1"
-21.369834938218;1.53370864217067;-125.868223823239;20.884141904056;"T2";6.33530468912795;1;2;2;"S-3";2;"S-1"
-21.1217146890779;1.81990111808672;-128.996991000122;21.1086928784739;"T2";6.48171514039859;1;2;2;"S-3";2;"S-1"
-20.8429993092359;1.89635715439331;-129.704081560029;21.1696176149125;"T2";6.51519208913669;1;2;2;"S-3";2;"S-1"
-20.819758927043;2.09375589673492;-130.499283221865;21.2419673923238;"T2";6.55334406765178;1;2;2;"S-3";2;"S-1"
-21.1968064700649;1.94077473043911;-131.197896642883;21.3122240160878;"T2";6.586899375543;1;2;2;"S-3";2;"S-1"
-20.8600363433929;2.19398356369526;-134.7218439394;21.634875820931;"T2";6.75314834807068;1;2;2;"S-3";2;"S-1"
-20.7625995462156;2.44369716156669;-137.280290538946;21.9039640284295;"T2";6.87579658115283;1;2;2;"S-3";2;"S-1"
-21.0678926859039;2.84109935704179;-139.889206691527;22.2110258191574;"T2";7.00145118171349;1;2;2;"S-3";2;"S-1"
-21.1678322630085;2.69319409096591;-145.629424628452;22.9851198271827;"T2";7.27391402469948;1;2;2;"S-3";2;"S-1"
-21.1728863772692;2.56243268265428;-146.967157782931;23.1553202984528;"T2";7.33711053617299;1;2;2;"S-3";2;"S-1"
-21.2694568740857;2.58613919831117;-151.145984332881;23.6610596452729;"T2";7.53447741735727;1;2;2;"S-3";2;"S-1"
-21.544895227598;2.44673365132606;-156.459828422058;24.3071664346511;"T2";7.78431191574782;1;2;2;"S-3";2;"S-1"
-21.3346053592358;2.19528240777024;-158.272061361837;24.5129716275266;"T2";7.86842617671937;1;2;2;"S-3";2;"S-1"
-21.5251084316498;2.1624319730509;-159.883926416536;24.6788288786311;"T2";7.94397784629837;1;2;2;"S-3";2;"S-1"
-21.653075259719;2.06573447518523;-160.168392537968;24.7074066039506;"T2";7.95719339512289;1;2;2;"S-3";2;"S-1"
-21.853139989339;2.07258835615887;-161.061458370855;24.7926063669163;"T2";7.9984376905486;1;2;2;"S-3";2;"S-1"
-21.8593470791825;2.13494074640566;-161.276637880798;24.8130143516274;"T2";8.0082843080163;1;2;2;"S-3";2;"S-1"
-22.0475564223657;2.17363928230071;-161.983331523403;24.8820351255488;"T2";8.04061343660578;1;2;2;"S-3";2;"S-1"
-22.3306923417472;2.10627587359547;-163.290666607676;25.0109235538113;"T2";8.09990958077833;1;2;2;"S-3";2;"S-1"
-21.7087997919422;1.91082044223762;-164.877715797658;25.1606172295787;"T2";8.17097988910973;1;2;2;"S-3";2;"S-1"
-21.6218986264488;1.85048291669126;-164.983463730032;25.1699252204783;"T2";8.17585109034553;1;2;2;"S-3";2;"S-1"
-21.6963547256955;1.92225606310889;-166.904288541317;25.3343165887225;"T2";8.26468809973449;1;2;2;"S-3";2;"S-1"
-21.5475487377581;1.93717223661433;-169.157704508808;25.5339649886948;"T2";8.36854960070923;1;2;2;"S-3";2;"S-1"
-21.6603006216959;2.1262311543202;-169.714579183808;25.5840292522829;"T2";8.39439359260723;1;2;2;"S-3";2;"S-1"
-21.6128009657214;2.00076464806818;-170.763404393996;25.6869846487147;"T2";8.44281513709575;1;2;2;"S-3";2;"S-1"
-21.2548490318234;2.3406820377157;-174.194126778709;26.0045773603468;"T2";8.60155080445111;1;2;2;"S-3";2;"S-1"
-20.9412716003034;2.46113501915064;-180.064158268875;26.6510123102862;"T2";8.87772456044331;1;2;2;"S-3";2;"S-1"
-21.0355457166532;2.54814680218987;-180.546075937494;26.7076499621549;"T2";8.90073737828061;1;2;2;"S-3";2;"S-1"
-21.1880398203244;2.93240434106026;-182.291707950883;26.9191075916661;"T2";8.98372224764898;1;2;2;"S-3";2;"S-1"
-20.966568549945;3.02615116716562;-183.735005294607;27.1188585564589;"T2";9.05184074072167;1;2;2;"S-3";2;"S-1"
-21.3428047346264;2.7612548935524;-186.395090469673;27.5027945275793;"T2";9.17871344136074;1;2;2;"S-3";2;"S-1"
-21.4611004749896;2.61402712516425;-186.545704236531;27.5222803920636;"T2";9.18577032862231;1;2;2;"S-3";2;"S-1"
-21.4829300432221;2.56033187250638;-188.945791829741;27.8146183399117;"T2";9.2976046493277;1;2;2;"S-3";2;"S-1"
-21.4184481308746;2.43038530174413;-194.149005108695;28.4347363950723;"T2";9.53980686608702;1;2;2;"S-3";2;"S-1"
-21.4798717178671;2.51809219721523;-200.109978404097;29.1111374953159;"T2";9.81811709934846;1;2;2;"S-3";2;"S-1"
-22.0052649160832;2.63378440919004;-204.711041469522;29.6505215827127;"T2";10.032320569735;1;2;2;"S-3";2;"S-1"
-21.578121883196;2.62427779473881;-205.822742853236;29.7835798205147;"T2";10.0828403607011;1;2;2;"S-3";2;"S-1"
-21.9821693733868;2.16175047266431;-210.049618882826;30.297642025076;"T2";10.2787274750881;1;2;2;"S-3";2;"S-1"
-21.9412858185928;2.24191702027941;-211.151030175031;30.4059560108832;"T2";10.3288322337903;1;2;2;"S-3";2;"S-1"
-21.4918592137901;2.1477178250253;-216.489648500918;30.9514454315369;"T2";10.5721460655332;1;2;2;"S-3";2;"S-1"
-21.649794404633;2.18262023677253;-217.217038633884;31.0241347572383;"T2";10.6059909798205;1;2;2;"S-3";2;"S-1"
-21.6288179974802;2.14957185277001;-217.487772508556;31.0514287454673;"T2";10.6184961274266;1;2;2;"S-3";2;"S-1"
-21.6829110369381;1.90239156175317;-219.513041960063;31.2527093798386;"T2";10.712133673951;1;2;2;"S-3";2;"S-1"
-21.6412905503378;1.92105774822235;-220.529915377937;31.341926708925;"T2";10.7590311323293;1;2;2;"S-3";2;"S-1"
-21.530945398135;1.91702022414426;-221.255387852292;31.4063255725112;"T2";10.7925537391566;1;2;2;"S-3";2;"S-1"
-21.6061402417328;2.15328693779769;-223.982094808733;31.6490995094729;"T2";10.9191950410604;1;2;2;"S-3";2;"S-1"
-20.9742713887117;2.08972456215797;-232.73272042586;32.521194554127;"T2";11.32420146605;1;2;2;"S-3";2;"S-1"
-21.2116373720216;2.16583275214475;-233.315989809781;32.5793072930797;"T2";11.3520102691837;1;2;2;"S-3";2;"S-1"
-21.2172649273991;1.92327787572026;-234.464856890199;32.6966133693147;"T2";11.4061723812483;1;2;2;"S-3";2;"S-1"
-21.1705007479282;1.92576954456622;-235.313752538828;32.7735630716156;"T2";11.4461820456199;1;2;2;"S-3";2;"S-1"
-21.1591019395346;1.885833657257;-236.51057737865;32.8824319573426;"T2";11.5027147112414;1;2;2;"S-3";2;"S-1"
-20.8258281969986;1.88296426241203;-236.733001876882;32.9022558424093;"T2";11.5132267121226;1;2;2;"S-3";2;"S-1"
-20.6283259467073;2.17457673583494;-238.015109264118;33.0181773975045;"T2";11.5747900446877;1;2;2;"S-3";2;"S-1"
-21.1463674118953;2.01030682355002;-244.247211728617;33.6751470939137;"T2";11.876903870143;1;2;2;"S-3";2;"S-1"
-20.8257036301855;2.71045553073093;-249.551967322026;34.1794505593258;"T2";12.1277628233656;1;2;2;"S-3";2;"S-1"
-20.8381074766838;2.75397022727874;-249.636516201055;34.1904545561583;"T2";12.1318226563744;1;2;2;"S-3";2;"S-1"
-21.0645966871383;2.75052638922954;-250.36403077308;34.2866030894889;"T2";12.1667353552766;1;2;2;"S-3";2;"S-1"
-21.0566786996148;3.23509815479465;-253.898579058839;34.7481295301979;"T2";12.3345310334116;1;2;2;"S-3";2;"S-1"
-21.390990782218;2.93534525440655;-255.55632908654;35.002822311155;"T2";12.4132590251975;1;2;2;"S-3";2;"S-1"
-21.5539925956528;2.48475026227588;-258.800660367485;35.4480205970222;"T2";12.5649271416478;1;2;2;"S-3";2;"S-1"
-22.1160210717374;2.35045973393528;-261.468803759941;35.7556049095236;"T2";12.6887159654871;1;2;2;"S-3";2;"S-1"
-21.6423067622546;2.74157525198209;-263.869705106196;36.0107693408297;"T2";12.7972753369249;1;2;2;"S-3";2;"S-1"
-21.5964353356516;2.68839593621426;-264.930191503453;36.1451082213253;"T2";12.8462759545073;1;2;2;"S-3";2;"S-1"
-21.6879512380439;2.71058863313006;-266.272261788051;36.3121735838795;"T2";12.9084190935828;1;2;2;"S-3";2;"S-1"
-21.4710272460629;2.84630673517617;-275.754160335731;37.4972337189626;"T2";13.3456156938337;1;2;2;"S-3";2;"S-1"
-21.8243258859357;2.70967595453386;-278.074472432787;37.804825893006;"T2";13.4536828147247;1;2;2;"S-3";2;"S-1"
-21.9881314824444;2.4795020611673;-278.681696876202;37.8802179798878;"T2";13.4815060999244;1;2;2;"S-3";2;"S-1"
-22.3486401134994;2.38191985217479;-279.362765620766;37.9570190194527;"T2";13.5124804801308;1;2;2;"S-3";2;"S-1"
-22.3834247524562;2.40635198146492;-279.63722930454;37.9862713808385;"T2";13.5247614816763;1;2;2;"S-3";2;"S-1"
-21.3365041655373;2.36394925728778;-292.285414087908;39.3460268629415;"T2";14.0898307203315;1;2;2;"S-3";2;"S-1"
-21.3009405682619;2.34351798118045;-292.653771145171;39.386838487244;"T2";14.1070948913693;1;2;2;"S-3";2;"S-1"
-21.1569862067475;2.53985979511165;-303.658419016072;40.5975639047142;"T2";14.6237222128548;1;2;2;"S-3";2;"S-1"
-21.2596278752925;2.66497259407896;-304.8413872878;40.7395772105269;"T2";14.67963604955;1;2;2;"S-3";2;"S-1"
-21.2399421294706;2.46717034946864;-306.340403678783;40.9274844318329;"T2";14.7501460509375;1;2;2;"S-3";2;"S-1"
-21.0272993834595;2.8508265387136;-309.31536284893;41.2730470991286;"T2";14.8902104236186;1;2;2;"S-3";2;"S-1"
-21.1115366766748;2.86459463363432;-309.396199844847;41.2840067687023;"T2";14.8940548067912;1;2;2;"S-3";2;"S-1"
-21.4937712987445;2.67731721313098;-310.767619642251;41.4700927866114;"T2";14.9590154876933;1;2;2;"S-3";2;"S-1"
-21.5089847022263;2.80791859766885;-311.404695370585;41.5494485120366;"T2";14.9886555038393;1;2;2;"S-3";2;"S-1"
-22.0549065029569;2.94078582552277;-312.984417127837;41.7556753592235;"T2";15.0621002423577;1;2;2;"S-3";2;"S-1"
-22.502263028727;2.87417956766272;-315.247733001632;42.0574643166804;"T2";15.164722118061;1;2;2;"S-3";2;"S-1"
-22.596494385358;2.9156115948461;-315.472523676302;42.0861764850215;"T2";15.1747118099593;1;2;2;"S-3";2;"S-1"
-22.363042410095;2.74951099533347;-317.173125907014;42.3056041315196;"T2";15.2499713702127;1;2;2;"S-3";2;"S-1"
-22.7579953122342;2.54954384700679;-318.852867685803;42.5121265002298;"T2";15.3250837698579;1;2;2;"S-3";2;"S-1"
-22.3924546103096;2.42112137681819;-321.357604698562;42.7927284052586;"T2";15.4351434204727;1;2;2;"S-3";2;"S-1"
-21.7127301500789;1.92575620775397;-330.98585035238;43.8337554735007;"T2";15.8651206525974;1;2;2;"S-3";2;"S-1"
-21.5257219969665;1.76264516537582;-332.300244903819;43.9503324055298;"T2";15.9256563172676;1;2;2;"S-3";2;"S-1"
-21.674504175281;1.63314639122082;-332.904660706559;43.9998253141871;"T2";15.9537350875326;1;2;2;"S-3";2;"S-1"
-21.6988250949268;1.58349389336279;-333.014075647917;44.008069591204;"T2";15.9587831818499;1;2;2;"S-3";2;"S-1"
-21.697380483546;1.61336367126194;-333.719720245343;44.0595647254345;"T2";15.9913031267934;1;2;2;"S-3";2;"S-1"
-21.0876653886483;1.72969606583508;-337.627802862989;44.3501601051109;"T2";16.1714208428748;1;2;2;"S-3";2;"S-1"
-21.0575989035309;2.5555147892998;-343.105167298108;44.7994358091759;"T2";16.4311634143814;1;2;2;"S-3";2;"S-1"
-21.3399229750557;2.61217296110094;-345.650751562038;45.1083636344081;"T2";16.552050143946;1;2;2;"S-3";2;"S-1"
-21.1064387202975;2.52581651653543;-346.754516182186;45.2434730300485;"T2";16.6037731338292;1;2;2;"S-3";2;"S-1"
-21.099563887491;2.49496191352625;-346.933757896535;45.2649229623916;"T2";16.6122654103674;1;2;2;"S-3";2;"S-1"
-21.5352107549832;2.20040562113357;-348.045282297471;45.3963574821323;"T2";16.6649453807622;1;2;2;"S-3";2;"S-1"
-21.2112093742661;2.23343780387314;-348.725504560429;45.4658606278438;"T2";16.6965318960138;1;2;2;"S-3";2;"S-1"
-20.8726596309364;2.52389204947336;-360.626235067112;46.718950017437;"T2";17.2575904522091;1;2;2;"S-3";2;"S-1"
-20.8682361499893;2.38388404093183;-361.149669226109;46.782242924794;"T2";17.2826679539867;1;2;2;"S-3";2;"S-1"
-22.1165477647007;1.88283419788189;-371.516132654293;47.9664564131661;"T2";17.7794259623624;1;2;2;"S-3";2;"S-1"
-21.9950965394505;1.56149430129432;-375.682606064604;48.3211581824006;"T2";17.967813112773;1;2;2;"S-3";2;"S-1"
-21.9896914796848;1.57546524514092;-377.591555056567;48.4566798868435;"T2";18.0546028655954;1;2;2;"S-3";2;"S-1"
-21.9267691601145;1.55938481893871;-378.315584089191;48.5085534012321;"T2";18.0875287041999;1;2;2;"S-3";2;"S-1"
-21.6373411003667;1.53376859857342;-381.252415119033;48.7174145284817;"T2";18.2214668602683;1;2;2;"S-3";2;"S-1"
-21.4198319460784;1.53114174838012;-382.021338272919;48.7719198479051;"T2";18.2570037199184;1;2;2;"S-3";2;"S-1"
-21.5021495647772;1.45224322810963;-382.256637043193;48.7887395769961;"T2";18.2679888093844;1;2;2;"S-3";2;"S-1"
-21.4197161539906;1.73637468712831;-384.432642111536;48.9357057496251;"T2";18.3691882295534;1;2;2;"S-3";2;"S-1"
-21.6425031020458;2.05225961695004;-388.839298014256;49.2929283061408;"T2";18.5749171883799;1;2;2;"S-3";2;"S-1"
-20.8855103382527;2.487350553386;-391.704911204382;49.5646613030204;"T2";18.7073239241727;1;2;2;"S-3";2;"S-1"
-21.0494932440625;2.62131919065329;-395.037653513082;49.9615727642001;"T2";18.8668959075585;1;2;2;"S-3";2;"S-1"
-21.1163198242605;2.77826563675035;-396.516107662193;50.1456864712917;"T2";18.9371329499409;1;2;2;"S-3";2;"S-1"
-20.5116118460399;3.14069372367279;-406.155173379983;51.4138944392041;"T2";19.3936076480895;1;2;2;"S-3";2;"S-1"
-20.533600104482;3.00108856215094;-410.527219007631;52.0833326269698;"T2";19.6067574317567;1;2;2;"S-3";2;"S-1"
-20.7162494277347;2.54261639199328;-414.453328461127;52.6571531998204;"T2";19.7979615768418;1;2;2;"S-3";2;"S-1"
-20.8120338395336;2.68336329834225;-416.570449288837;52.916998792969;"T2";19.9001577217132;1;2;2;"S-3";2;"S-1"
-20.8310444254507;2.63993545071711;-416.741494739583;52.9390522399517;"T2";19.9083763058297;1;2;2;"S-3";2;"S-1"
-20.5426919113167;2.85274971434381;-417.605106461672;53.0484984661818;"T2";19.949834223371;1;2;2;"S-3";2;"S-1"
-20.6249126847885;2.72301878678646;-417.894982552898;53.0887533626681;"T2";19.9639451340772;1;2;2;"S-3";2;"S-1"
-21.0605519573727;2.29063282733466;-424.833840668195;54.004861047368;"T2";20.3003760427237;1;2;2;"S-3";2;"S-1"
-20.9505960235404;2.29720242660579;-424.99865680122;54.0227871323798;"T2";20.3082018648274;1;2;2;"S-3";2;"S-1"
-21.2699929173617;2.34687635109433;-425.770861895639;54.1074582994789;"T2";20.3450602479279;1;2;2;"S-3";2;"S-1"
-21.3557001438493;2.08323896394038;-426.741588183958;54.2145657432046;"T2";20.3906985465437;1;2;2;"S-3";2;"S-1"
-21.2771614213127;2.21396982309755;-427.046365433225;54.2442966270772;"T2";20.4049700172618;1;2;2;"S-3";2;"S-1"
-21.2768319868893;2.31891696554624;-431.820564330256;54.7410702369679;"T2";20.6293513998389;1;2;2;"S-3";2;"S-1"
-21.3174359350116;2.45540681990072;-432.436151608654;54.8081617938562;"T2";20.6582836806774;1;2;2;"S-3";2;"S-1"
-21.3467425048929;2.72051556988395;-435.443686515197;55.1545787711666;"T2";20.7993670133874;1;2;2;"S-3";2;"S-1"
-21.3603600332666;2.82154310345673;-435.85435573975;55.206916125178;"T2";20.8186050411314;1;2;2;"S-3";2;"S-1"
-21.1756289458807;2.77888907051746;-436.039857580868;55.2314195249181;"T2";20.8272894378752;1;2;2;"S-3";2;"S-1"
-21.5670178416302;2.90119272909047;-438.7588650324;55.5882363216719;"T2";20.9556921152398;1;2;2;"S-3";2;"S-1"
-21.4308487065435;2.93926453027474;-439.759840383328;55.722887409339;"T2";21.0021044360474;1;2;2;"S-3";2;"S-1"
-21.5256168062609;2.53480675154887;-444.793131578508;56.4132088465865;"T2";21.2369663990103;1;2;2;"S-3";2;"S-1"
-21.3151129092407;2.77869979763672;-452.988668381413;57.3782962681246;"T2";21.6177005204372;1;2;2;"S-3";2;"S-1"
-21.4750357007908;2.69885089004699;-456.835071332465;57.8797244870239;"T2";21.7981547815725;1;2;2;"S-3";2;"S-1"
-21.434905985561;2.58427302922648;-457.359841450682;57.9456743797436;"T2";21.8225910677575;1;2;2;"S-3";2;"S-1"
-21.9138978334438;2.63803335166448;-466.051251712517;58.9935435488798;"T2";22.2280703485012;1;2;2;"S-3";2;"S-1"
-21.5621347726933;2.73172771823441;-469.602308545393;59.4210259817169;"T2";22.3901162273251;1;2;2;"S-3";2;"S-1"
-21.5833415086865;2.86205319866816;-469.756676030723;59.4405829478019;"T2";22.3972754203714;1;2;2;"S-3";2;"S-1"
-21.6628764404281;2.12496648711599;-474.766955498823;60.1049697097927;"T2";22.6294118328951;1;2;2;"S-3";2;"S-1"
-21.8678786806822;1.65198008804074;-480.164663900835;60.6344446155395;"T2";22.8785804240033;1;2;2;"S-3";2;"S-1"
-21.7162254547781;2.22169476548327;-482.8526236816;60.8375029962868;"T2";23.0014986009337;1;2;2;"S-3";2;"S-1"
-21.9324196231976;2.56282382932041;-486.17829502921;61.1777383028362;"T2";23.1546408380382;1;2;2;"S-3";2;"S-1"
-21.2191144797782;2.46331464805691;-495.275620974033;62.2407693826276;"T2";23.5694298171438;1;2;2;"S-3";2;"S-1"
-21.4883886058426;2.34002781605477;-497.914282909358;62.5470901107029;"T2";23.6937828827649;1;2;2;"S-3";2;"S-1"
-21.6206852870568;2.31661367184638;-498.084938537091;62.5656740502986;"T2";23.7017246428877;1;2;2;"S-3";2;"S-1"
-21.6564281191949;2.34045139678066;-499.607809771033;62.7288466914139;"T2";23.7721604877152;1;2;2;"S-3";2;"S-1"
-21.5015305825641;1.91239065851165;-502.871375646043;63.081546465754;"T2";23.9228578167967;1;2;2;"S-3";2;"S-1"
-21.4952679618079;1.89810951866467;-503.049442215294;63.0973840751894;"T2";23.9311393932439;1;2;2;"S-3";2;"S-1"
-20.0595508141419;0.970945662499544;-503.798852287573;63.1635596815649;"T2";23.9660033490509;3;2;1;"S-4-NA";3;"S-2"
-18.2170147551218;-0.00766853669894507;-504.711173676988;63.2077189204264;"T2";24.0114839980379;3;2;1;"S-4-NA";3;"S-2"
-15.3038639898527;-2.02733492605272;-506.766232733478;63.2068538338025;"T2";24.1242938674986;3;2;1;"S-4-NA";3;"S-2"
-12.9698572399958;-2.57156618456782;-508.11305089845;63.028438009753;"T2";24.2122989729978;3;2;1;"S-4-NA";3;"S-2"
-12.6998535867297;-2.75278758567879;-508.240668319985;63.0031349829188;"T2";24.2221385124139;3;2;1;"S-4-NA";3;"S-2"
-7.51977085662843;-2.23929715802643;-511.58423154339;62.27839282188;"T2";24.4854142423719;3;2;1;"S-4-NA";3;"S-2"
-5.15231625183848;-1.16562418771091;-513.20444014028;61.7959142230505;"T2";24.7008740785532;3;2;1;"S-4-NA";3;"S-2"
-4.89030761660826;-0.9841070792781;-513.352507980358;61.7624163849167;"T2";24.7296121902764;3;2;1;"S-4-NA";3;"S-2"
-4.37126607284683;2.12126499781013;-519.936319935299;60.4375148733046;"T2";26.0759103111923;3;2;3;"S-5-NA";3;"S-2"
-4.14200218369844;2.13053690901753;-520.467046972679;60.695063297268;"T2";26.1973229702562;3;2;3;"S-5-NA";3;"S-2"
-4.01651960691244;2.16397770533466;-520.890516976112;60.9128851216326;"T2";26.2995609664358;3;2;3;"S-5-NA";3;"S-2"
-4.49672895250389;2.25063381367798;-522.917356856333;62.0048843504009;"T2";26.8041868810542;3;2;3;"S-5-NA";3;"S-2"
-4.38754116104686;2.56582308941453;-523.149064489198;62.120855101345;"T2";26.8557149218395;3;2;3;"S-5-NA";3;"S-2"
-4.63441996647658;2.18986216682352;-523.661438756298;62.4204902903247;"T2";26.9724942860194;3;2;3;"S-5-NA";3;"S-2"
-4.73463392377053;1.88173317364529;-524.263910655993;62.7051710981192;"T2";27.1024937042966;3;2;3;"S-5-NA";3;"S-2"
-5.10923644800174;1.82782412618197;-525.161821360074;63.0620367789818;"T2";27.2921410389245;3;2;1;"S-6-NA";3;"S-2"
-4.8242978835169;1.90750524398375;-526.194877877331;63.4316116939751;"T2";27.4943349533714;3;2;1;"S-6-NA";3;"S-2"
-4.75582967369726;1.70021878261818;-527.377170541911;63.8990847878976;"T2";27.7394053642638;3;2;1;"S-6-NA";3;"S-2"
-4.5731217044243;2.25302179189953;-527.890376140501;64.082556833352;"T2";27.8473162092268;3;2;3;"S-7-NA";3;"S-2"
-4.47884508889776;2.12230979604705;-528.912499303607;64.586122211517;"T2";28.0708228703588;3;2;3;"S-7-NA";3;"S-2"
-4.32201794987866;2.15507613944545;-529.809090465076;65.0109737451754;"T2";28.2710064318962;3;2;3;"S-7-NA";3;"S-2"
-4.3718137841369;2.17392827735531;-530.231235587745;65.2214668277579;"T2";28.368679585401;3;2;3;"S-7-NA";3;"S-2"
-4.497501567375;2.6381065375479;-531.830015787298;66.0164763264915;"T2";28.7343813921325;3;2;1;"S-8-NA";3;"S-2"
-4.68250453647118;2.15305953803934;-533.719579121684;67.1248404506342;"T2";29.154517618008;3;2;3;"S-9-NA";3;"S-2"
-4.68319060768325;2.58654242903098;-534.801705329042;67.6224122381185;"T2";29.3856174917892;3;2;1;"S-10-NA";3;"S-2"
-4.94137930661567;2.36398503383341;-535.056770078402;67.7632853845771;"T2";29.4400813756511;3;2;1;"S-10-NA";3;"S-2"
-4.94206200717612;2.39588818006637;-535.153153537417;67.8093958004107;"T2";29.4595867511816;3;2;1;"S-10-NA";3;"S-2"
-4.6335703492892;1.95881799246411;-536.155094221245;68.2951318834517;"T2";29.6623241272755;3;2;3;"S-11-NA";3;"S-2"
-4.51144651318004;2.07484301975511;-536.347610717819;68.3765172405107;"T2";29.7038723248988;3;2;3;"S-11-NA";3;"S-2"
-4.38120694225788;2.34361244406862;-536.592334237946;68.4890671479567;"T2";29.7581173479557;3;2;3;"S-11-NA";3;"S-2"
-3.87723332409889;2.70181129096007;-537.184286114469;68.8057163732485;"T2";29.893228947185;3;2;3;"S-11-NA";3;"S-2"
-3.84912028374536;2.78295939003516;-537.442298232113;68.9855095387315;"T2";29.9597743665799;3;2;3;"S-11-NA";3;"S-2"
-3.8426757430068;3.08116265481128;-538.221346483075;69.5487706180126;"T2";30.1621708087623;3;2;1;"S-12-NA";3;"S-2"
-3.98212862666456;2.78031441290335;-540.095706639054;71.0516839264741;"T2";30.6499455473386;3;2;3;"S-13-NA";3;"S-2"
-3.8064303555018;2.60095373364917;-540.481689564138;71.3211764492824;"T2";30.7468743412755;3;2;3;"S-13-NA";3;"S-2"
-4.13272003175092;2.63091491548437;-540.976064571188;71.6589854725185;"T2";30.8767532464117;3;2;3;"S-13-NA";3;"S-2"
-4.15119329609621;2.69429588716076;-541.14628389736;71.7673481394037;"T2";30.9179414529353;3;2;3;"S-13-NA";3;"S-2"
-3.82328607551004;2.54706263987745;-541.743771051119;72.1551419775076;"T2";31.0618728748523;3;2;3;"S-13-NA";3;"S-2"
-3.69844142009354;2.69615297648236;-541.871413385608;72.2401769487402;"T2";31.0952583793551;3;2;3;"S-13-NA";3;"S-2"
-3.77053657239527;3.05635649688733;-542.611678777959;72.7798282543228;"T2";31.2954144203104;3;2;3;"S-13-NA";3;"S-2"
-3.47961769413919;2.81054417299092;-543.218192068942;73.2714614215796;"T2";31.4562703832053;3;2;1;"S-14-NA";3;"S-2"
-3.53251717374858;2.78976514098278;-543.376075232663;73.3989862374684;"T2";31.5016440930776;3;2;1;"S-14-NA";3;"S-2"
-3.74577868980758;2.88988678120435;-543.763703720003;73.7051114134955;"T2";31.6113756154664;3;2;3;"S-15-NA";3;"S-2"
-4.00708065806882;2.74447751902243;-543.877786007009;73.7931264620318;"T2";31.6418318427168;3;2;3;"S-15-NA";3;"S-2"
-4.15264593887891;2.64637655870371;-543.979894010309;73.8630609463814;"T2";31.6673137363978;3;2;3;"S-15-NA";3;"S-2"
-3.83468082041087;2.87455693108136;-544.218136215841;74.0148866973107;"T2";31.7246849182993;3;2;3;"S-15-NA";3;"S-2"
-3.81696081055346;2.88652473289962;-544.270460901021;74.0541103754975;"T2";31.7383300396614;3;2;3;"S-15-NA";3;"S-2"
-4.67408948730546;2.51940738925908;-545.397777666975;74.9066283572756;"T2";32.0336741162464;3;2;1;"S-16-NA";3;"S-2"
-4.54269938563567;2.35691311630422;-545.501380601569;74.9624719605429;"T2";32.0558394887485;3;2;3;"S-17-NA";3;"S-2"
-4.3468138454977;2.27344326020719;-546.640297051983;75.5533820984321;"T2";32.3065530741587;3;2;3;"S-17-NA";3;"S-2"
-4.83322520381404;2.15221925437325;-548.362527982626;76.4541324965303;"T2";32.702758430969;3;2;1;"S-18-NA";3;"S-2"
-5.14512571724558;2.1650140393614;-548.550619015561;76.5378888136037;"T2";32.7416746877134;3;2;1;"S-18-NA";3;"S-2"
-5.38354679527572;2.18951532758629;-548.933151124207;76.6988542459834;"T2";32.8160231350921;3;2;1;"S-18-NA";3;"S-2"
-4.73209805396515;1.87494729740197;-549.732178899321;77.0238228266068;"T2";32.9644434619695;3;2;3;"S-19-NA";3;"S-2"
-4.26511585530998;2.18062783254638;-550.28317504049;77.242137982798;"T2";33.0808814847842;3;2;3;"S-19-NA";3;"S-2"
-4.29042700603957;2.32414772191422;-550.461602580537;77.3333627169247;"T2";33.1227156450041;3;2;3;"S-19-NA";3;"S-2"
-4.06729503795076;2.02201686642224;-550.8223286967;77.5287700225227;"T2";33.206792618148;3;2;3;"S-19-NA";3;"S-2"
-3.89590498478758;1.98642365657381;-551.046484809665;77.6402070923434;"T2";33.2619044580497;3;2;1;"S-20-NA";3;"S-2"
-4.06568984490051;2.0156511331553;-551.425707559694;77.8335632046487;"T2";33.3592432667501;3;2;3;"S-21-NA";3;"S-2"
-3.82054748767582;1.99417394029383;-551.560154273;77.9002179865831;"T2";33.3923118771054;3;2;1;"S-22-NA";3;"S-2"
-3.8722952593105;1.93821511120889;-551.609960181037;77.9262146910343;"T2";33.405348204542;3;2;1;"S-22-NA";3;"S-2"
-3.6666791738878;2.03565178913971;-551.982209553688;78.1125381273671;"T2";33.5014796582982;3;2;1;"S-22-NA";3;"S-2"
-3.83745397311206;2.23916028993319;-553.76475628508;79.1021650543217;"T2";33.9876271085814;3;2;3;"S-23-NA";3;"S-2"
-3.63993964430614;2.4596474982347;-554.257836376898;79.3898780455637;"T2";34.116118575912;3;2;3;"S-23-NA";3;"S-2"
-3.91239010519586;2.10011023563826;-554.867910161346;79.8021284135067;"T2";34.2837240430526;3;2;3;"S-23-NA";3;"S-2"
-3.92943212484436;2.34934926988627;-555.171719130981;79.9652083492117;"T2";34.3613770790398;3;2;3;"S-23-NA";3;"S-2"
-3.91911618135306;2.50098250379974;-555.399501994706;80.101396349814;"T2";34.4193454715423;3;2;3;"S-23-NA";3;"S-2"
-4.16080688002989;2.44235199594671;-555.658028439329;80.2663749023382;"T2";34.4853109680116;3;2;3;"S-23-NA";3;"S-2"
-4.19974894213638;2.35071338412861;-556.387154413749;80.6943645520062;"T2";34.6605476457626;3;2;3;"S-23-NA";3;"S-2"
-3.86268103216833;2.27179306862479;-556.879068397141;80.969702149689;"T2";34.777677024249;3;2;3;"S-23-NA";3;"S-2"
-3.93338118235553;2.30755013133867;-556.939570718836;81.0052859201115;"T2";34.7933403216302;3;2;3;"S-23-NA";3;"S-2"
-4.31040178331761;1.97556094619217;-558.563191253397;81.9577961407265;"T2";35.2061201818287;3;2;3;"S-23-NA";3;"S-2"
-4.5619145991288;2.05690533816304;-559.652105085677;82.4568715747492;"T2";35.4587448528036;3;2;3;"S-23-NA";3;"S-2"
-4.31441830906505;2.15118660955767;-560.268518600852;82.7348040573348;"T2";35.5938665219583;3;2;3;"S-23-NA";3;"S-2"
-4.67352107017797;1.91722570372987;-560.797461322679;82.9985370611623;"T2";35.7164653716609;3;2;3;"S-23-NA";3;"S-2"
-4.63109449614933;1.90122542731531;-560.901515640531;83.0412234232806;"T2";35.7387300231494;3;2;3;"S-23-NA";3;"S-2"
-4.528433489133;2.01282025998182;-562.335848447065;83.6300669472644;"T2";36.0484479111619;3;2;3;"S-23-NA";3;"S-2"
-4.43484227841275;1.68547531697016;-564.14946702614;84.4361930013628;"T2";36.448943708092;3;2;1;"S-24-NA";3;"S-2"
-4.38458097941662;1.64966785788805;-564.180349303566;84.4479299049699;"T2";36.45590726519;3;2;1;"S-24-NA";3;"S-2"
-3.85789650636199;2.74533245309766;-567.120536177454;85.5541546057582;"T2";37.1264814632013;3;2;3;"S-25-NA";3;"S-2"
-4.13427901200786;2.82076414447428;-567.860169508743;86.0804879027842;"T2";37.3182007926516;3;2;3;"S-25-NA";3;"S-2"
-4.38485462559001;2.92113642360815;-568.134414543295;86.2676016795802;"T2";37.3845352209173;3;2;1;"S-26-NA";3;"S-2"
-5.5559081377522;2.60526159307878;-569.02870341854;86.8633659704785;"T2";37.588484713342;3;2;1;"S-26-NA";3;"S-2"
-5.64796905616282;2.55378518596405;-569.103720133077;86.8985426077403;"T2";37.6019868650474;3;2;1;"S-26-NA";3;"S-2"
-5.46741274100164;2.15486581181712;-569.819486652675;87.2221835335638;"T2";37.7287167590111;3;2;1;"S-26-NA";3;"S-2"
-5.23906172737517;1.66021388747201;-570.56666094745;87.5166665769245;"T2";37.8653763327748;3;2;1;"S-26-NA";3;"S-2"
-5.16406779377584;1.5829072139826;-570.82962640049;87.5999980816442;"T2";37.9155695671216;3;2;1;"S-26-NA";3;"S-2"
-5.1781418772761;1.59522132445616;-571.08624915883;87.6786589419718;"T2";37.9652634845115;3;2;1;"S-26-NA";3;"S-2"
-5.24445011626431;1.48291143831519;-571.210473547521;87.7169285372349;"T2";37.9892536322586;3;2;1;"S-26-NA";3;"S-2"
-4.93790148197028;1.58397468963361;-572.760192822225;88.1551244181546;"T2";38.2847506320104;3;2;1;"S-26-NA";3;"S-2"
-4.81012291688823;1.68108457814287;-572.823059512448;88.1752907269597;"T2";38.2974820910022;3;2;1;"S-26-NA";3;"S-2"
-4.55697883825939;1.75380241026466;-572.895962604074;88.2007695484262;"T2";38.3126382716;3;2;3;"S-27-NA";3;"S-2"
-4.33944051667259;1.52283377402776;-573.436599581416;88.4088395148653;"T2";38.4312776150182;3;2;1;"S-28-NA";3;"S-2"
-4.35008563802391;1.3332524557535;-573.827180138062;88.5459054017819;"T2";38.5212847380899;3;2;1;"S-28-NA";3;"S-2"
-4.30058759203446;1.39280697856052;-573.907967160842;88.5706657181243;"T2";38.5398561018519;3;2;1;"S-28-NA";3;"S-2"
-3.34313040477171;2.03211741713161;-575.175336844467;88.9811215690966;"T2";38.8345529674552;3;2;1;"S-28-NA";3;"S-2"
-3.53005501963145;2.15597943831917;-575.384698535918;89.1083817977342;"T2";38.8971774140373;3;2;1;"S-28-NA";3;"S-2"
-3.94756122570417;2.20407268193532;-576.0004801047;89.48447010044;"T2";39.0716170659289;3;2;3;"S-29-NA";3;"S-2"
-4.05137917661054;2.04063057660984;-576.167517259887;89.5777332595313;"T2";39.1139310784638;3;2;3;"S-29-NA";3;"S-2"
-3.96927227384072;2.1062990026762;-576.188935965766;89.5885216020248;"T2";39.1192178474739;3;2;3;"S-29-NA";3;"S-2"
-4.70545111966572;1.84590946190615;-576.853440408769;89.941141666613;"T2";39.2866300069727;3;2;3;"S-29-NA";3;"S-2"
-4.77808150181198;1.85086293909515;-576.891932168473;89.9562416648141;"T2";39.2948102555238;3;2;1;"S-30-NA";3;"S-2"
-4.49052374712917;1.87095438353814;-577.064334504755;90.0230243462561;"T2";39.3308921717107;3;2;3;"S-31-NA";3;"S-2"
-3.88823026761902;1.87906522227244;-577.552355481658;90.2263558588837;"T2";39.439570135437;3;2;1;"S-32-NA";3;"S-2"
-4.06907124934217;2.12844423448797;-578.169001721757;90.5243625160163;"T2";39.59816317074;3;2;3;"S-33-NA";3;"S-2"
-4.13622340272679;2.39348895495836;-578.711222052707;90.8079863865544;"T2";39.7314172470942;3;2;3;"S-33-NA";3;"S-2"
-4.48366468994243;2.19336331949326;-579.514284945568;91.2726910161286;"T2";39.9255709024146;3;2;3;"S-33-NA";3;"S-2"
-4.64562101931503;1.92662783121049;-580.041793887698;91.5307430437406;"T2";40.0432221940719;3;2;3;"S-33-NA";3;"S-2"
-4.76771860298199;1.96888436228369;-581.722082646586;92.2275909084037;"T2";40.4049152275547;3;2;3;"S-33-NA";3;"S-2"
-4.5559069370398;2.27279977062565;-582.452362329822;92.5291683227079;"T2";40.5580869526602;3;2;3;"S-33-NA";3;"S-2"
-5.02247259901389;2.18794730095382;-582.889938883791;92.7474616077192;"T2";40.6541329342872;3;2;1;"S-34-NA";3;"S-2"
-4.99999930119876;1.53916514983813;-584.157737792893;93.2997547554938;"T2";40.9065581858158;3;2;1;"S-34-NA";3;"S-2"
-4.54938680736037;1.49318544449972;-584.529234632575;93.4141137692595;"T2";40.9808575641364;3;2;1;"S-34-NA";3;"S-2"
-4.34433851863519;1.78457209209484;-585.541370850208;93.7463139386482;"T2";41.2033350672573;3;2;3;"S-35-NA";3;"S-2"
-4.47372491755722;1.65838333743387;-585.595888920663;93.7687089308046;"T2";41.2158842897043;3;2;1;"S-36-NA";3;"S-2"
-4.48399873451268;1.5833312753854;-585.757412868992;93.8285849020459;"T2";41.2519893143326;3;2;1;"S-36-NA";3;"S-2"
-4.35218810701476;1.5101830191587;-586.537156640909;94.1039178746804;"T2";41.4258840493858;3;2;1;"S-36-NA";3;"S-2"
-3.70801491049749;1.58766939117078;-587.163538354632;94.3212685507811;"T2";41.569807450287;3;2;1;"S-36-NA";3;"S-2"
-3.85365329896759;1.76224775125112;-587.247489401112;94.3572140661228;"T2";41.5924478787929;3;2;1;"S-36-NA";3;"S-2"
-4.10032939434576;1.77268351994003;-587.516226745285;94.4801057078211;"T2";41.6621836135164;3;2;1;"S-36-NA";3;"S-2"
-4.2495730786983;1.65526394981511;-587.651826625548;94.5387292109423;"T2";41.6952540981583;3;2;1;"S-36-NA";3;"S-2"
-4.22612184224364;1.61578870602827;-587.685387179517;94.5518014829313;"T2";41.703151492402;3;2;1;"S-36-NA";3;"S-2"
-4.42175650531517;1.73840218676628;-587.857809786549;94.6177244523832;"T2";41.7439507436939;3;2;3;"S-37-NA";3;"S-2"
-4.38222322795295;1.63329843296353;-588.317972518078;94.7986362456483;"T2";41.8480186024681;3;2;1;"S-38-NA";3;"S-2"
-4.57002450021658;2.25879930819675;-589.891934967877;95.3852677952239;"T2";42.2071884502657;3;2;3;"S-39-NA";3;"S-2"
-4.55510458640316;2.18045272759918;-591.991410207679;96.4229631552851;"T2";42.6665897597559;3;2;3;"S-39-NA";3;"S-2"
-5.0633415617892;1.42582194899597;-593.974430432457;97.3722019215931;"T2";43.1019299780019;3;2;1;"S-40-NA";3;"S-2"
-5.04016442793156;1.41705792167939;-594.266679714192;97.4544984515411;"T2";43.159648636356;3;2;1;"S-40-NA";3;"S-2"
-4.68342185854824;1.61263677871229;-595.142922257869;97.7008567709141;"T2";43.3335006120615;3;2;1;"S-40-NA";3;"S-2"
-4.78738606374228;1.75444843061646;-595.955571598955;97.9806753000179;"T2";43.5070167644881;3;2;1;"S-40-NA";3;"S-2"
-4.84303112481023;1.81579723989752;-596.131377680545;98.0451035077774;"T2";43.5437395353802;3;2;1;"S-40-NA";3;"S-2"
-4.63068397136575;1.94855704855493;-596.235058350958;98.0839764925498;"T2";43.5651477542706;3;2;3;"S-41-NA";3;"S-2"
-4.56823561632957;2.03777557120536;-596.579949359774;98.2291040396609;"T2";43.6396272503771;3;2;3;"S-41-NA";3;"S-2"
-4.6888782536058;1.64425154849358;-596.921242980098;98.3813465815339;"T2";43.7143374118023;3;2;1;"S-42-NA";3;"S-2"
-4.81701897391381;1.68981526782417;-597.277058022463;98.5061204405984;"T2";43.7902223085985;3;2;1;"S-42-NA";3;"S-2"
-4.7427726663207;1.52862945485524;-599.332616796989;99.2272125973689;"T2";44.2169507034123;3;2;1;"S-42-NA";3;"S-2"
-4.90462980864265;1.21653582223714;-599.652682514466;99.3303720607559;"T2";44.2844356410205;3;2;1;"S-42-NA";3;"S-2"
-4.70105767357841;1.1510006404587;-599.713845483907;99.3455428170052;"T2";44.2969060968608;3;2;1;"S-42-NA";3;"S-2"
-4.77880617605122;0.982398787403378;-600.042975714481;99.4261266201595;"T2";44.3669180502184;3;2;1;"S-42-NA";3;"S-2"
-4.5642467386164;1.22973968227011;-600.375359235633;99.4944560639794;"T2";44.4364717230201;3;2;1;"S-42-NA";3;"S-2"
-4.26233745995447;1.43049454161704;-600.52232437071;99.5340527091355;"T2";44.4686709321104;3;2;1;"S-42-NA";3;"S-2"
-4.25058274358661;1.48868939359717;-600.530411659398;99.5367669058488;"T2";44.4705683155917;3;2;1;"S-42-NA";3;"S-2"
-4.20690180594617;1.88706273367169;-601.042127179857;99.715985971516;"T2";44.5909554604441;3;2;3;"S-43-NA";3;"S-2"
-3.81407324410994;1.69207067878942;-601.342620040341;99.8507761104139;"T2";44.6623840020038;3;2;1;"S-44-NA";3;"S-2"
-3.77758946437048;1.70760269182958;-601.376002981703;99.8655860767241;"T2";44.6711365715601;3;2;1;"S-44-NA";3;"S-2"
-4.08627712758565;1.76176289275658;-601.551751106716;99.9450303821965;"T2";44.7176604531705;3;2;1;"S-44-NA";3;"S-2"
-4.4289940511809;1.77848722365158;-601.807135286921;100.055137053388;"T2";44.7801584610716;3;2;3;"S-45-NA";3;"S-2"
-4.25928379520605;1.89198023294357;-603.101816879019;100.575023655996;"T2";45.0724780210294;3;2;3;"S-45-NA";3;"S-2"
-4.36377039969178;2.06947323204665;-603.889452462128;100.924892560173;"T2";45.2574000926688;3;2;3;"S-45-NA";3;"S-2"
-4.88488182668136;1.79055649889903;-604.619659458158;101.271185718091;"T2";45.4247340559959;3;2;1;"S-46-NA";3;"S-2"
-4.64717600519517;1.6942981551478;-604.854470122798;101.357255714561;"T2";45.4728029086255;3;2;1;"S-46-NA";3;"S-2"
-4.40165396895713;1.76064337096561;-605.034916688492;101.423044116596;"T2";45.5116322031245;3;2;3;"S-47-NA";3;"S-2"
-4.66159084673743;1.57156392438335;-605.755020565496;101.711082687187;"T2";45.6752306781709;3;2;1;"S-48-NA";3;"S-2"
-4.03976003960249;1.99902709226645;-606.456017429456;101.947410030947;"T2";45.825607853476;3;2;3;"S-49-NA";3;"S-2"
-4.25620516687974;2.1379075952349;-607.886314015647;102.655175244164;"T2";46.1796626914293;3;2;3;"S-49-NA";3;"S-2"
-4.4160355466152;2.07890244271679;-608.44583236782;102.93622338162;"T2";46.3111221324652;3;2;3;"S-49-NA";3;"S-2"
-4.83038059846947;2.09074935432054;-609.261673129303;103.320290342588;"T2";46.4958671946079;3;2;1;"S-50-NA";3;"S-2"
-4.77564574757696;2.06657525769009;-609.310292657936;103.341334491393;"T2";46.5059325564653;3;2;3;"S-51-NA";3;"S-2"
-4.62465723880771;2.48145853501299;-610.37130611948;103.800469084618;"T2";46.7281042831019;3;2;1;"S-52-NA";3;"S-2"
-4.54106851050373;2.58915334847343;-610.624183764442;103.936155981614;"T2";46.782784583047;3;2;1;"S-52-NA";3;"S-2"
-4.38192466263214;2.33375714681298;-611.378737418491;104.366375238484;"T2";46.9489467213862;3;2;3;"S-53-NA";3;"S-2"
-4.25523490365024;2.3169318225078;-611.505914797615;104.434108287382;"T2";46.9779698993079;3;2;3;"S-53-NA";3;"S-2"
-4.33497425796591;2.50964826092577;-612.549042008972;105.002080370156;"T2";47.223109647166;3;2;3;"S-53-NA";3;"S-2"
-4.18263892001606;2.34136422931667;-613.012188886433;105.270210164338;"T2";47.3299492383376;3;2;3;"S-53-NA";3;"S-2"
-4.08991451973938;2.72512635610203;-613.440335295319;105.5098786382;"T2";47.4323119851761;3;2;3;"S-53-NA";3;"S-2"
-4.6238750533411;2.4691560380662;-614.184806630835;106.005922858192;"T2";47.6143381209113;3;2;1;"S-54-NA";3;"S-2"
-4.48943198491194;2.39433976746379;-617.949536392176;108.016294054357;"T2";48.4285317827016;3;2;3;"S-55-NA";3;"S-2"
-4.4457101437731;2.54322851874727;-618.030366695763;108.059403118253;"T2";48.4465363551863;3;2;3;"S-55-NA";3;"S-2"
-4.93738416483821;2.30289541433235;-618.95420461571;108.587897075062;"T2";48.6543407081626;3;2;1;"S-56-NA";3;"S-2"
-4.78753300441236;2.34667321323301;-619.073874269165;108.643713411603;"T2";48.6785781686194;3;2;1;"S-56-NA";3;"S-2"
-4.84133507706432;1.79374341016367;-620.2505477639;109.220475633038;"T2";48.9243568386883;3;2;1;"S-56-NA";3;"S-2"
-4.84046292540952;1.63003984432587;-620.387425748006;109.27118973939;"T2";48.9526296150871;3;2;1;"S-56-NA";3;"S-2"
-4.87368883787941;1.45178576686728;-620.672042570868;109.367035274989;"T2";49.0114291198552;3;2;1;"S-56-NA";3;"S-2"
-4.9116002118231;1.13380540279483;-621.342701700873;109.566812776538;"T2";49.1490372340195;3;2;1;"S-56-NA";3;"S-2"
-4.20547160053504;1.50994927914009;-622.173577019063;109.758613998988;"T2";49.3182031437755;3;2;1;"S-56-NA";3;"S-2"
-3.38531924005738;1.62280916961752;-622.731662722699;109.958991313579;"T2";49.4509078096598;3;2;1;"S-56-NA";3;"S-2"
-3.81548105581266;2.05290282673828;-623.576397421197;110.363928962707;"T2";49.7004366246983;3;2;1;"S-56-NA";3;"S-2"
-4.16942767604776;2.32548088088725;-624.291972756115;110.748941129274;"T2";49.887981871143;3;2;3;"S-57-NA";3;"S-2"
-3.82678867767476;2.49193470195721;-624.75902424279;111.009437146244;"T2";50;3;2;3;"S-57-NA";3;"S-2"
