"Vx";"Vy";"X";"Y";"Traj";"Time";"TrueMovMode";"TrueTrajClust";"firstEstMovMode";"firstSegment";"finalEstMovMode";"finalSegment"
0;0;0;0;"T20";0;1;2;1;"S-1-NA";2;"S-1"
-1.26256253546266;1.56115763862484;0;0;"T20";0.0373090850189328;1;2;1;"S-1-NA";2;"S-1"
-6.0969455311486;6.0831243078064;-0.183488258217632;0.226883095188194;"T20";0.182639120612293;1;2;1;"S-1-NA";2;"S-1"
-9.2282881883292;7.90892600344329;-0.800820192194593;0.842815593580209;"T20";0.283891777507961;1;2;1;"S-1-NA";2;"S-1"
-16.5626319071341;8.9105399618903;-3.12403332792798;2.83388050245249;"T20";0.535640865564346;1;2;1;"S-1-NA";2;"S-1"
-18.4350006959521;8.40550242229986;-4.78544589900661;3.72770481677577;"T20";0.635951769072562;1;2;4;"S-2-NA";2;"S-1"
-20.5096682554492;7.01543199760964;-7.79619888278674;5.10046806834795;"T20";0.799268984701484;1;2;4;"S-2-NA";2;"S-1"
-21.1145581768798;6.46929153146866;-9.52659319097876;5.69235787597302;"T20";0.883638672530651;1;2;4;"S-2-NA";2;"S-1"
-21.6038306318875;6.22882682982914;-10.879957940004;6.10701543293029;"T20";0.947734958026558;1;2;4;"S-2-NA";2;"S-1"
-21.3430288974923;6.20960017065404;-11.6332060032712;6.32419227651611;"T20";0.98260137019679;1;2;4;"S-2-NA";2;"S-1"
-21.8812553307092;5.93602510198175;-12.0552712162306;6.44698910310558;"T20";1.00237668957561;1;2;4;"S-2-NA";2;"S-1"
-22.1619272062866;5.18884924652346;-14.2554150777649;7.04385198837659;"T20";1.10292594181374;1;2;4;"S-2-NA";2;"S-1"
-22.3401261546344;5.07619555193871;-14.551974107543;7.11328638746519;"T20";1.11630740575492;1;2;4;"S-2-NA";2;"S-1"
-23.0083748801445;3.42193884834063;-17.6803625149265;7.82412889606948;"T20";1.25634190626442;1;2;4;"S-2-NA";2;"S-1"
-22.9645459588643;3.34965156008025;-17.9068563783535;7.85781437599621;"T20";1.26618588110432;1;2;4;"S-2-NA";2;"S-1"
-22.9339191136723;2.92702174671546;-19.0477062808526;8.02422087332338;"T20";1.31586462957785;1;2;4;"S-2-NA";2;"S-1"
-23.1214337558939;2.35848839177524;-20.7455690359854;8.24091655375112;"T20";1.38989745173603;1;2;4;"S-2-NA";2;"S-1"
-22.9100643672134;2.15752640538054;-21.4587498419012;8.31366414673119;"T20";1.4207424595952;1;2;2;"S-3";2;"S-1"
-22.9824452973931;2.16854679720986;-21.7404673671089;8.34019453921511;"T20";1.43303913064301;1;2;2;"S-3";2;"S-1"
-22.5204927697848;2.10565616433321;-23.6501200426802;8.5203829891301;"T20";1.51613092748448;1;2;2;"S-3";2;"S-1"
-22.0295545204095;2.30661672419935;-26.015502375459;8.74154519641106;"T20";1.62116336869076;1;2;2;"S-3";2;"S-1"
-21.330061112075;1.77520162075607;-30.5948994750751;9.22103350957411;"T20";1.82903852546588;1;2;2;"S-3";2;"S-1"
-21.2192872787791;1.86924394995578;-30.7886340238226;9.2371571335584;"T20";1.83812122559175;1;2;2;"S-3";2;"S-1"
-21.0511110027776;1.92030634198121;-31.7530186972095;9.32211145801214;"T20";1.88356972066686;1;2;2;"S-3";2;"S-1"
-21.1167652887371;2.26545930498775;-33.9699849330124;9.52434564517731;"T20";1.98888322338462;1;2;2;"S-3";2;"S-1"
-21.4920650459198;3.19308878393893;-41.6930800298783;10.3528985703657;"T20";2.354616089724;1;2;2;"S-3";2;"S-1"
-21.5357283006682;3.22686030814104;-42.2921282416022;10.441899516613;"T20";2.38248908426613;1;2;2;"S-3";2;"S-1"
-21.5452738220386;3.32646503967443;-43.2670931845561;10.5879858542712;"T20";2.42776105878875;1;2;2;"S-3";2;"S-1"
-21.1910422804959;3.19621330583009;-46.9621686381186;11.1584840255528;"T20";2.59926388971508;1;2;2;"S-3";2;"S-1"
-21.6910099455914;2.4576043037931;-50.7947152437222;11.7365413147555;"T20";2.78012080816552;1;2;2;"S-3";2;"S-1"
-21.3362546840785;2.36756256852236;-52.8904077483587;11.9739845196474;"T20";2.8767365263775;1;2;2;"S-3";2;"S-1"
-21.5419876607638;2.00448001452733;-55.7570820695212;12.2920830294103;"T20";3.0110934865661;1;2;2;"S-3";2;"S-1"
-21.4682296121048;2.20801494808448;-58.091384360459;12.5092896476544;"T20";3.11945406720042;1;2;2;"S-3";2;"S-1"
-21.1570560896881;2.40837031549186;-60.4960185820112;12.7566071210463;"T20";3.23146303417161;1;2;2;"S-3";2;"S-1"
-21.1142247995868;2.27832640970527;-66.8005991129141;13.4742761832205;"T20";3.52945253252983;1;2;2;"S-3";2;"S-1"
-21.0687298384922;2.27847946876035;-66.8379263478249;13.4783039714015;"T20";3.53122040396556;1;2;2;"S-3";2;"S-1"
-20.6596347571399;2.73858850701847;-69.5852897714808;13.775417807974;"T20";3.66162045393139;1;2;2;"S-3";2;"S-1"
-20.4908103134857;2.80490072340631;-75.1360806909496;14.5112164992682;"T20";3.930298530031;1;2;2;"S-3";2;"S-1"
-20.5824239287932;2.7874751156502;-77.4361835521743;14.826067892681;"T20";4.04254898894578;1;2;2;"S-3";2;"S-1"
-20.6044782600028;2.74554442134334;-78.0184458295974;14.9049236005759;"T20";4.07083828467876;1;2;2;"S-3";2;"S-1"
-20.6776616258927;2.7312292814834;-78.2129274398596;14.9308382533699;"T20";4.08027708763257;1;2;2;"S-3";2;"S-1"
-20.5722774740752;2.69356696589957;-78.3717985661102;14.9518229024008;"T20";4.08796031260863;1;2;2;"S-3";2;"S-1"
-20.0282945625636;3.28054623276254;-81.8861134838093;15.4119587615448;"T20";4.25878801615909;1;2;2;"S-3";2;"S-1"
-19.9332644927426;3.41841085151011;-83.2656405085999;15.6379191981678;"T20";4.32766692247242;1;2;2;"S-3";2;"S-1"
-20.2893063027724;3.43957158065424;-85.8674676519877;16.0841137562116;"T20";4.45819381857291;1;2;2;"S-3";2;"S-1"
-20.1618829931147;3.37027148919175;-87.1461987543994;16.3008923435876;"T20";4.52121869893745;1;2;2;"S-3";2;"S-1"
-20.4134015458371;3.4305550191611;-90.0331244806306;16.7834724413817;"T20";4.66440600575879;1;2;2;"S-3";2;"S-1"
-21.069483043922;3.50999372586818;-92.9487094118026;17.2734483279072;"T20";4.80723300715908;1;2;2;"S-3";2;"S-1"
-20.9633428617589;3.48469592308711;-94.0505749926952;17.4570096078694;"T20";4.85952976159751;1;2;2;"S-3";2;"S-1"
-21.1277153204385;3.52344696443468;-96.8584841105248;17.9237629076568;"T20";4.99347352888435;1;2;2;"S-3";2;"S-1"
-20.9265306538623;3.41218150984179;-97.8521883880328;18.0894819296631;"T20";5.04050673916936;1;2;2;"S-3";2;"S-1"
-21.3788739686281;3.63773160060503;-101.35665155795;18.6609031856804;"T20";5.20797182107344;1;2;2;"S-3";2;"S-1"
-21.8711710811055;2.97777859539621;-102.962406369436;18.9341310941818;"T20";5.28308124048635;1;2;2;"S-3";2;"S-1"
-21.918207745758;2.95149298775382;-103.157286098355;18.9606641354763;"T20";5.29199158772826;1;2;2;"S-3";2;"S-1"
-22.0275531052438;3.04501312904454;-103.537370362081;19.0118460592976;"T20";5.30933261616156;1;2;2;"S-3";2;"S-1"
-21.7688441272884;2.95999690333091;-105.032187140373;19.218484386018;"T20";5.37719384301454;1;2;2;"S-3";2;"S-1"
-21.4386250507317;3.1951647040355;-107.096378383376;19.4991607348148;"T20";5.47201703302562;1;2;2;"S-3";2;"S-1"
-22.0924473193315;3.13912102395315;-109.355640322239;19.8358760785993;"T20";5.5773998145014;1;2;2;"S-3";2;"S-1"
-22.0267001832249;2.67640931335542;-111.900567406657;20.1974853652324;"T20";5.69259425392374;1;2;2;"S-3";2;"S-1"
-22.2424123188146;2.14705089978211;-114.622773903278;20.5282538761682;"T20";5.81618092255667;1;2;2;"S-3";2;"S-1"
-22.1283345452824;2.09293422957165;-114.938751915099;20.5587551035022;"T20";5.83038702607155;1;2;2;"S-3";2;"S-1"
-21.5619856923667;2.12527003265174;-118.001811764654;20.8484643354935;"T20";5.96880954690278;1;2;2;"S-3";2;"S-1"
-21.2067927371759;2.2145863934646;-119.449127524054;20.9911198800765;"T20";6.03593303821981;1;2;2;"S-3";2;"S-1"
-21.3239709097509;2.38792572836786;-121.59000584347;21.2146878686452;"T20";6.13688551820815;1;2;2;"S-3";2;"S-1"
-21.3839263056409;2.43450076149496;-121.761832680875;21.2339295815326;"T20";6.14494343753904;1;2;2;"S-3";2;"S-1"
-21.2930883399005;2.49000601729878;-122.293928813456;21.2945072519492;"T20";6.16982643259689;1;2;2;"S-3";2;"S-1"
-21.3466982441018;2.37667285939807;-122.784214457669;21.3518410771228;"T20";6.19285200955346;1;2;2;"S-3";2;"S-1"
-21.1359015479127;2.35864566414251;-125.705074852828;21.6770402975306;"T20";6.32968161953613;1;2;2;"S-3";2;"S-1"
-21.1341662174627;2.50275615814026;-128.932584319826;22.0372118848678;"T20";6.48238433059305;1;2;2;"S-3";2;"S-1"
-21.2578989654503;2.59770476917304;-129.666173299258;22.1240851646994;"T20";6.51709537487477;1;2;2;"S-3";2;"S-1"
-21.1674971074953;2.70788076606797;-129.947533757108;22.1584672738816;"T20";6.53033094713464;1;2;2;"S-3";2;"S-1"
-21.1824176022386;2.67165859790241;-130.631366416705;22.2459474939912;"T20";6.5626367344521;1;2;2;"S-3";2;"S-1"
-21.6696576695974;2.80321545967977;-136.857733462168;23.0312557323176;"T20";6.85657707508653;1;2;2;"S-3";2;"S-1"
-21.872151825658;2.83278131048007;-140.150080831294;23.4571581247083;"T20";7.00851059518754;1;2;2;"S-3";2;"S-1"
-21.2196909514432;2.38466947270815;-143.298189840846;23.864886840049;"T20";7.15244289021939;1;2;2;"S-3";2;"S-1"
-21.1985688377959;2.31258375859164;-143.661768669616;23.9057458391681;"T20";7.16957692056894;1;2;2;"S-3";2;"S-1"
-21.6288800332213;2.09800357156946;-145.582820062576;24.1153162250168;"T20";7.26019866997376;1;2;2;"S-3";2;"S-1"
-21.663523847468;2.36118275933532;-148.139070493661;24.3632727778297;"T20";7.37838557688519;1;2;2;"S-3";2;"S-1"
-21.6070701603034;2.37843550648272;-148.652171053941;24.4191973912615;"T20";7.40207057679072;1;2;2;"S-3";2;"S-1"
-21.5536885653068;2.22112445422016;-149.440146908218;24.5059351921831;"T20";7.43853900348768;1;2;2;"S-3";2;"S-1"
-20.9692584723832;2.27530869508714;-151.78685912794;24.7477657207466;"T20";7.54741652635857;1;2;2;"S-3";2;"S-1"
-21.4159965219805;2.16088613200354;-152.880944988562;24.8664815577956;"T20";7.59959223214537;1;2;2;"S-3";2;"S-1"
-21.1900800529209;2.45099740537046;-154.650940217369;25.045075075016;"T20";7.68224050989375;1;2;2;"S-3";2;"S-1"
-21.475658504582;2.46346990342407;-155.436628731928;25.1359534721625;"T20";7.71931863855571;1;2;2;"S-3";2;"S-1"
-21.5163128236383;2.4258027220929;-155.635208582977;25.158732540212;"T20";7.72856537951156;1;2;2;"S-3";2;"S-1"
-21.2653638014489;2.33306621520664;-159.365701741492;25.5793176345472;"T20";7.90194513974711;1;2;2;"S-3";2;"S-1"
-21.2714087789647;2.35578194218169;-159.428117421087;25.586165385412;"T20";7.90488022612408;1;2;2;"S-3";2;"S-1"
-21.2639162557205;2.45573627830008;-159.965562599917;25.6456867673927;"T20";7.93014630908147;1;2;2;"S-3";2;"S-1"
-21.1819130062319;2.82150051632421;-161.286281921372;25.7982145667004;"T20";7.99225713126361;1;2;2;"S-3";2;"S-1"
-21.0999984941784;2.70005427738101;-162.345967588376;25.9393681846817;"T20";8.04228498600423;1;2;2;"S-3";2;"S-1"
-20.9219033622436;2.56550929521373;-164.534390860649;26.2194090395969;"T20";8.14600173616782;1;2;2;"S-3";2;"S-1"
-20.970777176294;2.58875329639045;-165.078742499913;26.2861591419283;"T20";8.17202000180259;1;2;2;"S-3";2;"S-1"
-21.1392112719618;2.6596103470773;-165.870174915132;26.3838581092362;"T20";8.20975977694616;1;2;2;"S-3";2;"S-1"
-21.5320127546012;2.80777119412058;-167.143385031544;26.5440458644012;"T20";8.26998956035823;1;2;2;"S-3";2;"S-1"
-21.5016021140484;2.6462757544299;-167.939661971541;26.6478802564827;"T20";8.30697063356638;1;2;2;"S-3";2;"S-1"
-21.6814927214099;2.80410390058746;-169.047370619921;26.7842097506121;"T20";8.35848812712356;1;2;2;"S-3";2;"S-1"
-22.0727085540514;2.65569398484051;-170.559253821447;26.9797441465647;"T20";8.42821963597089;1;2;2;"S-3";2;"S-1"
-22.0660774881439;2.70332155734336;-170.669055461858;26.9929550107978;"T20";8.43319417908788;1;2;2;"S-3";2;"S-1"
-22.037807544183;2.70559821018622;-170.748462605974;27.00268320307;"T20";8.43679278623313;1;2;2;"S-3";2;"S-1"
-22.0283746904906;2.22902076859985;-175.294607784685;27.5608168665076;"T20";8.64308123709634;1;2;2;"S-3";2;"S-1"
-21.5811307820775;2.62454748244938;-176.560873027194;27.6889484950896;"T20";8.70056460844353;1;2;2;"S-3";2;"S-1"
-21.4037402786998;2.9093986093899;-177.308023242413;27.7798117235352;"T20";8.73518513981253;1;2;2;"S-3";2;"S-1"
-21.5817430225544;2.09426735801148;-179.780867764406;28.1159441153435;"T20";8.85071842931211;1;2;2;"S-3";2;"S-1"
-21.7742320310741;2.02696892793919;-180.238549670964;28.1603570377036;"T20";8.8719253311865;1;2;2;"S-3";2;"S-1"
-21.707116325515;2.06243364821289;-181.32704218608;28.2616850892871;"T20";8.9219152694568;1;2;2;"S-3";2;"S-1"
-21.7617994376525;1.96874119786299;-181.538270461953;28.2817542821306;"T20";8.93164610024542;1;2;2;"S-3";2;"S-1"
-21.7044383077397;2.36941807405149;-184.302382805031;28.5318173277409;"T20";9.05866281827912;1;2;2;"S-3";2;"S-1"
-21.5416054906835;2.31733828068423;-186.642753823735;28.7873096520793;"T20";9.1664919629693;1;2;2;"S-3";2;"S-1"
-21.5721616558463;2.56153635554134;-188.822626921809;29.0218095076906;"T20";9.26768558565527;1;2;2;"S-3";2;"S-1"
-21.6826564915879;2.42452189699963;-189.623997894942;29.1169664472085;"T20";9.30483397096395;1;2;2;"S-3";2;"S-1"
-21.8880074471544;2.28509999287667;-192.439111184591;29.4317481629976;"T20";9.43466646131128;1;2;2;"S-3";2;"S-1"
-21.6114348424808;2.38349227685273;-195.441758938539;29.7452234931629;"T20";9.57184878643602;1;2;2;"S-3";2;"S-1"
-20.9310265397597;2.57284980837256;-197.750755804585;29.9998792454353;"T20";9.67869022861123;1;2;2;"S-3";2;"S-1"
-21.1261847529854;2.36642560807199;-199.716205371156;30.2414730598196;"T20";9.77259147912264;1;2;2;"S-3";2;"S-1"
-21.2540762097653;2.57377705960025;-203.704874426279;30.6882592971137;"T20";9.96139362687245;1;2;2;"S-3";2;"S-1"
-21.4919408013635;2.52523053933895;-204.412070227125;30.7738976617691;"T20";9.9946670467034;1;2;2;"S-3";2;"S-1"
-21.7582439936394;2.25348348530356;-206.543479255061;31.0243310320687;"T20";10.0938395247795;1;2;2;"S-3";2;"S-1"
-21.8774815550207;2.01407215635458;-208.187902095159;31.1946425569372;"T20";10.1694165263325;1;2;2;"S-3";2;"S-1"
-21.9380460518424;2.00777535929953;-208.62255595124;31.2346574108857;"T20";10.1892841630615;1;2;2;"S-3";2;"S-1"
-21.8210053776209;1.76765750150413;-209.000611380166;31.2692571365336;"T20";10.2065170300193;1;2;2;"S-3";2;"S-1"
-21.344883338469;1.84501342487403;-209.805136128032;31.3344293951487;"T20";10.2433863095939;1;2;2;"S-3";2;"S-1"
-21.2009876861101;1.85808182396604;-210.822407219894;31.4223604834315;"T20";10.2910450892523;1;2;2;"S-3";2;"S-1"
-21.242530463428;1.88121252455564;-211.002467666173;31.43814121249;"T20";10.2995381108485;1;2;2;"S-3";2;"S-1"
-20.9196850815242;2.23822053472867;-213.716945183512;31.6785320224283;"T20";10.4273231467232;1;2;2;"S-3";2;"S-1"
-21.4215521913251;2.39042380506193;-215.829014863379;31.9045047227741;"T20";10.5282840202563;1;2;2;"S-3";2;"S-1"
-21.4478907455294;2.58516406584432;-216.919844268035;32.0262300091989;"T20";10.5792060727254;1;2;2;"S-3";2;"S-1"
-21.4632528603294;2.58992009277063;-218.78744743293;32.2513365545663;"T20";10.6662823818624;1;2;2;"S-3";2;"S-1"
-21.5858572607863;2.3640572480668;-220.570880672146;32.4665392365836;"T20";10.7493747840635;1;2;2;"S-3";2;"S-1"
-21.4213451090049;2.36166522261227;-220.75751658141;32.4869793779556;"T20";10.7580209965818;1;2;2;"S-3";2;"S-1"
-21.3784716409031;2.38545444211148;-221.363180673926;32.5537527676098;"T20";10.7862948556431;1;2;2;"S-3";2;"S-1"
-21.5828595983707;2.36664970542729;-222.017259620907;32.6267362603391;"T20";10.8168900711462;1;2;2;"S-3";2;"S-1"
-21.5299759838492;2.40776262823689;-224.151142042008;32.8607252820578;"T20";10.9157593804412;1;2;2;"S-3";2;"S-1"
-21.7889132734158;2.25741346922153;-226.312452532186;33.1024312008275;"T20";11.0161454882473;1;2;2;"S-3";2;"S-1"
-21.403719175413;2.35688011098607;-229.740207738746;33.457559548689;"T20";11.1734619713388;1;2;2;"S-3";2;"S-1"
-21.5347339438314;2.58882487741746;-232.4280843358;33.7535362824735;"T20";11.299041856546;1;2;2;"S-3";2;"S-1"
-21.8181798311018;2.72433487937794;-235.590130862847;34.1336656462317;"T20";11.4458765718155;1;2;2;"S-3";2;"S-1"
-21.974881089462;2.74607499746234;-237.232861562269;34.3387858064149;"T20";11.5211684023961;1;2;2;"S-3";2;"S-1"
-22.03577388911;2.82501909846741;-237.975056415223;34.4315336452152;"T20";11.5549430949613;1;2;2;"S-3";2;"S-1"
-21.9063219729855;2.84354356853505;-238.424142236884;34.4891071177616;"T20";11.5753229474649;1;2;2;"S-3";2;"S-1"
-21.8532014955416;2.87600159677877;-238.611097414593;34.5133747786602;"T20";11.5838572499342;1;2;2;"S-3";2;"S-1"
-21.7599075456163;3.00400720338749;-240.964720655746;34.8231245515324;"T20";11.6915587801486;1;2;2;"S-3";2;"S-1"
-21.7579310148232;2.97564906559943;-241.418448327644;34.8857627402241;"T20";11.7124103242531;1;2;2;"S-3";2;"S-1"
-21.7034633288895;2.85388149712425;-242.180844943398;34.9900293074699;"T20";11.7474502651021;1;2;2;"S-3";2;"S-1"
-22.0351697862123;2.87463712934378;-245.214521298824;35.3889404253783;"T20";11.8872287101112;1;2;2;"S-3";2;"S-1"
-22.0531182949254;2.86262825537198;-245.489121879114;35.4247639307791;"T20";11.8996906327084;1;2;2;"S-3";2;"S-1"
-21.9144261183817;2.32411042897227;-247.477448988604;35.6828608261219;"T20";11.9898514472879;1;2;2;"S-3";2;"S-1"
-22.0493106666459;2.34391389923033;-249.055118550147;35.8501788412799;"T20";12.0618437300436;1;2;2;"S-3";2;"S-1"
-21.3009367820918;2.01500411174947;-251.416159003001;36.1011651699573;"T20";12.1689237421378;1;2;2;"S-3";2;"S-1"
-21.1149697877678;1.98055235669053;-252.706135206915;36.2231930122788;"T20";12.2294833417982;1;2;2;"S-3";2;"S-1"
-21.5285380132522;1.78573647552546;-254.304672512937;36.37313340341;"T20";12.3051896924153;1;2;2;"S-3";2;"S-1"
-21.502914107331;1.38843352258867;-256.193115109767;36.529774826298;"T20";12.3929077992216;1;2;2;"S-3";2;"S-1"
-21.2673069579735;1.75331790395886;-258.21904148171;36.660587983764;"T20";12.4871241627261;1;2;2;"S-3";2;"S-1"
-21.3130950332603;1.98909846110047;-259.050591345338;36.7291425622453;"T20";12.5262240762822;1;2;2;"S-3";2;"S-1"
-21.3373019240612;2.25219430115846;-259.729253593174;36.7924804317884;"T20";12.5580665771849;1;2;2;"S-3";2;"S-1"
-21.1001462619604;2.54569271951954;-262.877914167099;37.1248277653976;"T20";12.7056325902231;1;2;2;"S-3";2;"S-1"
-21.0471523456736;2.5121065293766;-263.215440228153;37.1655496459764;"T20";12.7216289751232;1;2;2;"S-3";2;"S-1"
-20.9898933989748;2.60911499710419;-264.084946365621;37.2693305285106;"T20";12.7629412687384;1;2;2;"S-3";2;"S-1"
-21.4147023246185;2.47996533879802;-268.338038429268;37.7980043086198;"T20";12.9655669792555;1;2;2;"S-3";2;"S-1"
-21.4059317372907;2.53772837872128;-270.736288954628;38.0757377128245;"T20";13.0775578203611;1;2;2;"S-3";2;"S-1"
-21.5689932841779;2.6266212653264;-272.411130713458;38.274294520041;"T20";13.1557997665368;1;2;2;"S-3";2;"S-1"
-21.1460080489858;2.95689457215928;-276.60955467014;38.7855687135179;"T20";13.3504506666213;1;2;2;"S-3";2;"S-1"
-21.1779796047782;2.82728990715053;-278.519687629449;39.0526669651784;"T20";13.4407813311554;1;2;2;"S-3";2;"S-1"
-21.1786134302138;2.80404403578203;-281.179163856324;39.4077107623144;"T20";13.5663587599993;1;2;2;"S-3";2;"S-1"
-21.222093049593;2.96371949784211;-281.958108834429;39.5108429162326;"T20";13.603138551116;1;2;2;"S-3";2;"S-1"
-21.4545024579656;3.00024548475611;-284.570449546494;39.8756629688665;"T20";13.7262338888831;1;2;2;"S-3";2;"S-1"
-21.7351695247981;2.90351019461834;-285.738097629868;40.0389494816528;"T20";13.7806582730263;1;2;2;"S-3";2;"S-1"
-21.9661023656545;2.634997612577;-286.814811978546;40.1827832384824;"T20";13.8301961589605;1;2;2;"S-3";2;"S-1"
-21.8729318292006;2.24452497550946;-293.353157543018;40.9671064955534;"T20";14.1278523136862;1;2;2;"S-3";2;"S-1"
-21.8833523850575;2.21683648093576;-293.39645074511;40.9715490949327;"T20";14.1298316186294;1;2;2;"S-3";2;"S-1"
-21.0887817473208;2.29075193352012;-296.416042129732;41.2774409994801;"T20";14.2678173957393;1;2;2;"S-3";2;"S-1"
-20.8115842575862;2.13582506154602;-299.349478900196;41.596083206238;"T20";14.4069167901762;1;2;2;"S-3";2;"S-1"
-21.0377291320771;2.21689497689058;-301.142102842165;41.7800543587363;"T20";14.4930526614189;1;2;2;"S-3";2;"S-1"
-21.0711537738559;2.06050198362218;-301.607894692097;41.8291381550865;"T20";14.515193447005;1;2;2;"S-3";2;"S-1"
-21.0069260320141;2.29877157164518;-303.349258516503;41.9994223100457;"T20";14.5978355198167;1;2;2;"S-3";2;"S-1"
-20.9055590691743;2.16931855616291;-304.180588877859;42.0903941446882;"T20";14.6374096279033;1;2;2;"S-3";2;"S-1"
-21.0716972315437;2.24259780230885;-305.45670872241;42.2228139689805;"T20";14.698451757431;1;2;2;"S-3";2;"S-1"
-21.3627178516567;2.371679117931;-307.622503937078;42.4533130851786;"T20";14.8012339486741;1;2;2;"S-3";2;"S-1"
-21.0777420329285;2.78821113482856;-309.042240936442;42.6109316343598;"T20";14.8676925804466;1;2;2;"S-3";2;"S-1"
-21.4288141304219;2.56440033926422;-309.565920565961;42.6802051538776;"T20";14.8925377288833;1;2;2;"S-3";2;"S-1"
-21.7174904818502;2.37074473817309;-310.280010176187;42.765660729141;"T20";14.9258615332656;1;2;2;"S-3";2;"S-1"
-21.4795483195395;2.57359131422032;-311.351746911852;42.8826546437421;"T20";14.9752105469815;1;2;2;"S-3";2;"S-1"
-21.4442989339367;2.57974153003068;-311.555760665124;42.9070987342599;"T20";14.9847085936926;1;2;2;"S-3";2;"S-1"
-21.9145763793383;2.15721519679057;-313.060006558339;43.0880589798738;"T20";15.0548552512191;1;2;2;"S-3";2;"S-1"
-21.8615401729482;2.01021036819707;-313.870881397218;43.1678794379491;"T20";15.0918568717316;1;2;2;"S-3";2;"S-1"
-21.7876840450548;2.08970222161333;-314.440606888759;43.2202667849092;"T20";15.117917500902;1;2;2;"S-3";2;"S-1"
-21.741076074323;2.08692500606623;-316.742925948978;43.4410870081626;"T20";15.2235881658271;1;2;2;"S-3";2;"S-1"
-21.7436488584973;2.2448969021962;-317.230719937744;43.4879103332585;"T20";15.2460246812552;1;2;2;"S-3";2;"S-1"
-21.4162217510215;2.15590106439757;-321.396044764825;43.9179542905449;"T20";15.4375898069702;1;2;2;"S-3";2;"S-1"
-21.3980517630762;2.30213443634819;-321.926859960069;43.9713897217676;"T20";15.4623754671775;1;2;2;"S-3";2;"S-1"
-21.3384885591417;2.27089327971709;-321.972428442238;43.9762922602405;"T20";15.4645050293766;1;2;2;"S-3";2;"S-1"
-21.1079938277541;2.49251976676411;-322.729191156563;44.0568287686037;"T20";15.4999697115272;1;2;2;"S-3";2;"S-1"
-20.9977493883058;2.45782495252904;-323.466489411703;44.1438920153496;"T20";15.5348995234817;1;2;2;"S-3";2;"S-1"
-20.9509482717374;2.23822780137292;-324.439824884918;44.2578227118737;"T20";15.5812537996098;1;2;2;"S-3";2;"S-1"
-20.8290770250517;2.3969498914074;-325.732338968948;44.3959043356275;"T20";15.6429461902007;1;2;2;"S-3";2;"S-1"
-20.1169353665117;2.83433857359248;-328.678016018472;44.7348843238183;"T20";15.7843675813638;1;2;2;"S-3";2;"S-1"
-20.4381475100781;3.29702073956264;-333.174454161037;45.3684016980631;"T20";16.007882647682;1;2;2;"S-3";2;"S-1"
-20.6321846854079;3.08262446186111;-335.324096353792;45.7151755379455;"T20";16.1130605847575;1;2;2;"S-3";2;"S-1"
-21.1128285339507;3.01796046698241;-336.808197752185;45.9369129518124;"T20";16.1849919590168;1;2;2;"S-3";2;"S-1"
-21.3264793245882;2.84080191903803;-338.178338833747;46.1327669375394;"T20";16.2498880992644;1;2;2;"S-3";2;"S-1"
-21.245218718254;2.93428703814738;-339.776986379427;46.3457154015832;"T20";16.3248487864621;1;2;2;"S-3";2;"S-1"
-21.2662993981557;3.0603192864837;-344.450029997653;46.9911336248315;"T20";16.5448062121868;1;2;2;"S-3";2;"S-1"
-21.3003874909438;3.29021073382886;-346.452489404257;47.2792968368552;"T20";16.6389673715457;1;2;2;"S-3";2;"S-1"
-21.2398762457043;3.30813086918494;-347.039556110578;47.3699793739421;"T20";16.6665286873467;1;2;2;"S-3";2;"S-1"
-21.1691377599789;3.2834346161558;-348.859950008466;47.6535074500012;"T20";16.7522351141088;1;2;2;"S-3";2;"S-1"
-21.2373647090828;3.26570811728992;-349.431526009;47.7421616241672;"T20";16.7792355525307;1;2;2;"S-3";2;"S-1"
-21.0833841856816;3.26762429983754;-350.338670261673;47.8816548423743;"T20";16.8219500919804;1;2;2;"S-3";2;"S-1"
-21.0710050019225;3.18988099752428;-350.977910820147;47.9807280254987;"T20";16.8522697291337;1;2;2;"S-3";2;"S-1"
-21.0770502091781;3.31604358786838;-351.548968103716;48.0671788035793;"T20";16.8793712975457;1;2;2;"S-3";2;"S-1"
-21.1145026293799;3.41345959961849;-352.563242496308;48.2267541740658;"T20";16.9274935149588;1;2;2;"S-3";2;"S-1"
-21.5323812572223;3.23807677788149;-353.777389473462;48.4230382981705;"T20";16.9849965022877;1;2;2;"S-3";2;"S-1"
-22.110951326522;2.64010713991332;-357.408641407965;48.9691122517797;"T20";17.1536379493773;1;2;2;"S-3";2;"S-1"
-22.3269925698262;2.13500520532465;-360.46784249016;49.3343891003541;"T20";17.2919947770424;1;2;2;"S-3";2;"S-1"
-22.3412671204636;2.29039133101831;-361.267683588572;49.4108734232292;"T20";17.3278187285177;1;2;2;"S-3";2;"S-1"
-22.1981413168797;1.85652442494414;-364.176278890452;49.7090580082371;"T20";17.4580080900341;1;2;2;"S-3";2;"S-1"
-22.2533219299465;1.77808854157195;-364.646307050736;49.7483684508333;"T20";17.4791823024862;1;2;2;"S-3";2;"S-1"
-21.7335635992457;1.2226160001158;-371.941725604776;50.3312881685161;"T20";17.8070173365995;1;2;2;"S-3";2;"S-1"
-21.9435853174596;1.43729146779671;-373.891620369046;50.4409789942499;"T20";17.8967354702763;1;2;2;"S-3";2;"S-1"
-21.7490481892645;1.57331360515496;-375.218242055001;50.527871906353;"T20";17.9571914835833;1;2;2;"S-3";2;"S-1"
-21.7482886536577;1.57908039179855;-375.330881714322;50.5360201943585;"T20";17.9623705451377;1;2;2;"S-3";2;"S-1"
-21.6963457841458;1.52694583748046;-375.985886164776;50.5835781747;"T20";17.9924880620092;1;2;2;"S-3";2;"S-1"
-21.3094136317392;1.6103438374268;-379.326359296323;50.8186740564755;"T20";18.1464528432116;1;2;2;"S-3";2;"S-1"
-20.8527215846707;2.18015208070194;-384.311083877595;51.1953676928863;"T20";18.3803740888834;1;2;2;"S-3";2;"S-1"
-20.8432203893687;2.26579452191598;-384.523987416511;51.2176267582784;"T20";18.3905839570798;1;2;2;"S-3";2;"S-1"
-20.8324908802422;2.37825382726989;-387.782007025681;51.5717948208355;"T20";18.5468947165646;1;2;2;"S-3";2;"S-1"
-20.7720724020745;3.05614961142792;-391.403776724078;51.9852589474355;"T20";18.72074669227;1;2;2;"S-3";2;"S-1"
-21.0779912183315;3.08874131843135;-391.98286080865;52.0704583231065;"T20";18.7486247043125;1;2;2;"S-3";2;"S-1"
-21.1186646212237;3.32584648979378;-393.371827086773;52.2739956283794;"T20";18.8145212247036;1;2;2;"S-3";2;"S-1"
-20.9026702082516;3.24125844955363;-396.058030801381;52.6970290613799;"T20";18.9417169429362;1;2;2;"S-3";2;"S-1"
-21.5439675613797;3.09886564426286;-400.662978376543;53.4110921494466;"T20";19.1620212164707;1;2;2;"S-3";2;"S-1"
-21.2125047736558;3.14988579358313;-401.692646664297;53.5591987446138;"T20";19.2098150262609;1;2;2;"S-3";2;"S-1"
-21.1736646770839;3.19555293340646;-402.143114301954;53.6260895539484;"T20";19.2310509737581;1;2;2;"S-3";2;"S-1"
-21.350215555706;3.19842966957324;-402.867259640852;53.7353783708453;"T20";19.2652512574568;1;2;2;"S-3";2;"S-1"
-21.6290335744414;2.91476654345794;-403.835107575329;53.8803695790693;"T20";19.3105832557194;1;2;2;"S-3";2;"S-1"
-22.0144668462097;2.5184707280929;-405.590225613206;54.1168923677096;"T20";19.3917296477593;1;2;2;"S-3";2;"S-1"
-21.5273639607798;2.39541370750494;-406.916730868322;54.2686455161738;"T20";19.4519857177511;1;2;2;"S-3";2;"S-1"
-21.572888514138;2.39624228325098;-407.158147683343;54.295508682002;"T20";19.4632001337595;1;2;2;"S-3";2;"S-1"
-21.3963654093209;2.37932398251552;-408.169123722018;54.4078044243937;"T20";19.5100634009577;1;2;2;"S-3";2;"S-1"
-21.1480389496993;2.59720883963521;-408.83897952896;54.4822938975259;"T20";19.54137039138;1;2;2;"S-3";2;"S-1"
-21.3187623312869;2.53063104286339;-409.064918379194;54.5100416419119;"T20";19.5520540699363;1;2;2;"S-3";2;"S-1"
-21.2065217458381;2.99246045699864;-411.171603636851;54.7601144663904;"T20";19.6508724358864;1;2;2;"S-3";2;"S-1"
-21.4358226072719;2.72644977661483;-412.727073363509;54.9796073990302;"T20";19.7242210851982;1;2;2;"S-3";2;"S-1"
-21.4785119188265;2.61137367475197;-414.351248813003;55.1861883580438;"T20";19.7999903000891;1;2;2;"S-3";2;"S-1"
-21.7485584917174;2.47792997196834;-417.118075026925;55.5225811754306;"T20";19.9288086383604;1;2;2;"S-3";2;"S-1"
-21.9172269281859;1.84093974056057;-422.455692468136;56.1307245722224;"T20";20.1742326025851;1;2;2;"S-3";2;"S-1"
-21.7529331914589;1.94558971280303;-423.059586834066;56.1814487418897;"T20";20.2017860137857;1;2;2;"S-3";2;"S-1"
-21.4828394991077;2.11425470593057;-423.741070902384;56.2424009077925;"T20";20.2331143897027;1;2;2;"S-3";2;"S-1"
-21.4148409706341;2.22892222162819;-424.469466752263;56.314086699303;"T20";20.2670203289017;1;2;2;"S-3";2;"S-1"
-21.4354706983034;2.15755294509636;-424.726665687439;56.3408567520332;"T20";20.2790306415409;1;2;2;"S-3";2;"S-1"
-21.4604762704492;2.13581261076184;-425.026870617531;56.3710733980853;"T20";20.293035695795;1;2;2;"S-3";2;"S-1"
-21.4471875891143;1.98170562465517;-425.947150315293;56.4626624643828;"T20";20.3359182341956;1;2;2;"S-3";2;"S-1"
-21.6345009423921;1.90275685446391;-426.511309772579;56.5147904165938;"T20";20.3622228233144;1;2;2;"S-3";2;"S-1"
-21.6658296812688;1.99664202847557;-428.383562154864;56.6794552296702;"T20";20.4487629467621;1;2;2;"S-3";2;"S-1"
-21.7261587752483;2.00327089412912;-428.498564951828;56.6900534583643;"T20";20.45407097321;1;2;2;"S-3";2;"S-1"
-21.4632534341493;2.12272905493464;-431.999525865423;57.0128612391709;"T20";20.6152113270946;1;2;2;"S-3";2;"S-1"
-21.0751539910862;2.44335468253064;-435.210949010904;57.3304729768096;"T20";20.7648355746642;1;2;2;"S-3";2;"S-1"
-21.3603536767823;2.42587068929063;-437.87568993631;57.6394105637224;"T20";20.8912755013444;1;2;2;"S-3";2;"S-1"
-21.3325556948519;2.47723254987938;-438.068479413169;57.6613054418781;"T20";20.9003010764718;1;2;2;"S-3";2;"S-1"
-21.2202598845932;2.44972142993834;-439.840738804591;57.8671081930374;"T20";20.9833787637763;1;2;2;"S-3";2;"S-1"
-21.5859489390318;2.8317363705526;-444.41645851248;58.3953410557247;"T20";21.1990085314028;1;2;2;"S-3";2;"S-1"
-22.4373401244519;2.77155206915523;-447.662151786198;58.8211248707798;"T20";21.3493699207902;1;2;2;"S-3";2;"S-1"
-22.0905471168413;2.89088503640102;-448.353403176361;58.9065110711978;"T20";21.3801780017093;1;2;2;"S-3";2;"S-1"
-21.8349074040105;2.75955606496876;-451.685916938574;59.342621327672;"T20";21.5310350060463;1;2;2;"S-3";2;"S-1"
-21.9224821406137;2.55538678542645;-453.796449404587;59.6093562654089;"T20";21.6276936465874;1;2;2;"S-3";2;"S-1"
-22.1239310811197;2.289956507918;-456.206301835351;59.8902599065616;"T20";21.737619722262;1;2;2;"S-3";2;"S-1"
-21.939881120198;2.21875177796613;-456.695706491547;59.9409161562738;"T20";21.7597407754511;1;2;2;"S-3";2;"S-1"
-21.9903121125828;2.09213135373074;-457.08048717426;59.9798285286435;"T20";21.7772787320428;1;2;2;"S-3";2;"S-1"
-22.0168118379089;1.98617171456633;-457.459411809142;60.01587895418;"T20";21.7945101670921;1;2;2;"S-3";2;"S-1"
-21.6866933499318;2.08084991586988;-459.389415360899;60.1899876531021;"T20";21.8821706133895;1;2;2;"S-3";2;"S-1"
-21.9560887114231;1.89796499925073;-460.564013486295;60.3026909763323;"T20";21.9363327720203;1;2;2;"S-3";2;"S-1"
-21.512423336935;2.33632255987409;-463.351012552863;60.5436094181739;"T20";22.0632679061964;1;2;2;"S-3";2;"S-1"
-21.401323966954;2.30895236574918;-464.137848074721;60.6290624399852;"T20";22.0998437725939;1;2;2;"S-3";2;"S-1"
-21.5856575044286;2.44242704452136;-465.01211027633;60.7233850987986;"T20";22.1406946191564;1;2;2;"S-3";2;"S-1"
-21.2431208852994;2.57705193666125;-467.887225150566;61.0487056651746;"T20";22.273890231736;1;2;2;"S-3";2;"S-1"
-21.5495502925086;2.85016444925047;-474.625200451417;61.8661049725546;"T20";22.5910741020925;1;2;2;"S-3";2;"S-1"
-21.388496273879;3.1145759036311;-475.316484180919;61.9575348299498;"T20";22.6231529028155;1;2;2;"S-3";2;"S-1"
-21.0078238216463;3.18129652110333;-477.7971391246;62.318765840016;"T20";22.7391337044537;1;2;2;"S-3";2;"S-1"
-21.3177708919738;2.60695757101695;-482.629503896482;63.0505496443742;"T20";22.9691606131382;1;2;2;"S-3";2;"S-1"
-21.1253149725558;2.46775624769244;-484.403944132788;63.2675465542198;"T20";23.0523982201703;1;2;2;"S-3";2;"S-1"
-21.3671605584016;2.22009447567853;-487.910988802272;63.6772224054579;"T20";23.2184096937999;1;2;2;"S-3";2;"S-1"
-21.1876719028827;2.11262135233417;-489.358229943613;63.8275939091533;"T20";23.2861417229287;1;2;2;"S-3";2;"S-1"
-20.3927257724218;2.55755655449466;-493.86506065261;64.2769696985663;"T20";23.4988517710008;1;2;2;"S-3";2;"S-1"
-20.2838111970545;2.54578499594611;-494.532754678013;64.3607086381334;"T20";23.53159354534;1;2;2;"S-3";2;"S-1"
-20.6188575738883;2.41942831945591;-495.487677734466;64.4805593291985;"T20";23.5786716337316;1;2;2;"S-3";2;"S-1"
-20.4723606774133;2.74049793414135;-497.289290656925;64.6919616006229;"T20";23.6660485854372;1;2;2;"S-3";2;"S-1"
-20.534048277452;2.64258857744089;-497.503067820838;64.7205785190771;"T20";23.676490818616;1;2;2;"S-3";2;"S-1"
-20.464248165299;2.58408426101671;-498.692306640778;64.8736252480494;"T20";23.7344062770717;1;2;2;"S-3";2;"S-1"
-20.7437681528189;3.05058507948485;-500.453495642282;65.0960160606852;"T20";23.820468026679;1;2;2;"S-3";2;"S-1"
-20.5793986349601;3.32623806049847;-501.377318784506;65.2318737830137;"T20";23.8650029990822;1;2;2;"S-3";2;"S-1"
-21.2823997920244;3.05053425579044;-502.745296690576;65.452979377876;"T20";23.9314761711285;1;2;2;"S-3";2;"S-1"
-21.4705214901322;3.05713902641557;-504.249986448886;65.6686556031568;"T20";24.0021773031913;1;2;2;"S-3";2;"S-1"
-21.544902864671;2.64391871548887;-506.248180616298;65.9531739542531;"T20";24.0952441701666;1;2;2;"S-3";2;"S-1"
-21.4919675533863;2.47847339899263;-508.826559286231;66.2695839962883;"T20";24.2149188183248;1;2;2;"S-3";2;"S-1"
-21.1227919745808;2.59115387473361;-512.130917663549;66.6506456333198;"T20";24.3686673464254;1;2;2;"S-3";2;"S-1"
-8.88097486783399;-2.80180901356156;-522.010840481582;67.8626255800438;"T20";24.8364048893563;3;2;1;"S-4-NA";3;"S-2"
-4.90947475659835;-1.080962673761;-525.144918194627;66.8738729581423;"T20";25.1893028267659;3;2;1;"S-4-NA";3;"S-2"
-4.3242124639591;-0.591114965998288;-525.730292186658;66.7449859657558;"T20";25.3085363539867;3;2;1;"S-4-NA";3;"S-2"
-3.94355653521203;0.331123237441507;-526.608032248054;66.6249998894767;"T20";25.5115189938806;3;2;1;"S-4-NA";3;"S-2"
-3.84310956434077;0.596515639928826;-526.73832159948;66.6359397178937;"T20";25.5445575341582;3;2;1;"S-4-NA";3;"S-2"
-3.61892689179221;1.02403286464457;-527.026238643966;66.6806293155133;"T20";25.6194752641022;3;2;1;"S-4-NA";3;"S-2"
-3.58035211713774;0.815782933407467;-527.312361566473;66.7615923426028;"T20";25.698538182769;3;2;1;"S-4-NA";3;"S-2"
-4.01205133514414;1.86371081944505;-528.672458954433;67.0714904198223;"T20";26.078416290693;3;2;1;"S-4-NA";3;"S-2"
-4.08993973102351;2.51519222788849;-529.696477700087;67.5471759622459;"T20";26.333651994355;3;2;3;"S-5-NA";3;"S-2"
-4.39338225146105;2.24415131141602;-530.141023300208;67.8205583864135;"T20";26.4423444517888;3;2;3;"S-5-NA";3;"S-2"
-4.43873878548567;2.07610885106856;-530.467049473438;67.987093420775;"T20";26.5165529213846;3;2;3;"S-5-NA";3;"S-2"
-4.42868255793915;1.93585923840722;-530.542303256005;68.0222914920322;"T20";26.5335067873821;3;2;3;"S-5-NA";3;"S-2"
-4.85039190442955;1.85813445421063;-530.649392863727;68.0691023446354;"T20";26.557687704917;3;2;1;"S-6-NA";3;"S-2"
-4.8870171187355;1.81283931993752;-530.662944024564;68.0742936527487;"T20";26.5604815329425;3;2;1;"S-6-NA";3;"S-2"
-5.01493149180704;1.93308652627706;-530.954268843021;68.1823606132158;"T20";26.6200935235247;3;2;1;"S-6-NA";3;"S-2"
-5.12447505321945;1.53598320430651;-531.240062682312;68.2925244750611;"T20";26.6770821064711;3;2;1;"S-6-NA";3;"S-2"
-4.62636714053054;1.70081940155803;-531.852801068708;68.4761834567837;"T20";26.7966530635022;3;2;1;"S-6-NA";3;"S-2"
-4.63536977448121;1.52144674692481;-532.208058628768;68.6067889475169;"T20";26.8734428100288;3;2;1;"S-6-NA";3;"S-2"
-4.79074653659571;1.61194955385936;-532.440358041571;68.6830355477057;"T20";26.923557347618;3;2;1;"S-6-NA";3;"S-2"
-5.01830358416445;1.47951646598695;-532.761504695302;68.7910922360006;"T20";26.9905921304598;3;2;1;"S-6-NA";3;"S-2"
-4.75491235016437;1.65363355631231;-533.287952994311;68.9463018429548;"T20";27.0954977604561;3;2;1;"S-6-NA";3;"S-2"
-4.78882296067036;1.67768722951026;-533.363308356228;68.9725084574907;"T20";27.1113456576131;3;2;1;"S-6-NA";3;"S-2"
-4.91909515736591;1.60704096959272;-533.450022893077;69.0028875030891;"T20";27.1294533507898;3;2;1;"S-6-NA";3;"S-2"
-5.06245360939594;1.67330771046684;-533.548771359312;69.0351480765987;"T20";27.1495278691873;3;2;1;"S-6-NA";3;"S-2"
-4.46793153436449;1.79313152454019;-534.177593411217;69.2429944825413;"T20";27.2737407707609;3;2;3;"S-7-NA";3;"S-2"
-4.80215485485673;1.84082161057681;-534.366893621846;69.3189670377761;"T20";27.3161094170064;3;2;1;"S-8-NA";3;"S-2"
-4.60529069533388;1.59554904534188;-534.539744896202;69.385226533954;"T20";27.3521039402112;3;2;1;"S-8-NA";3;"S-2"
-4.67447142933968;1.52710270074651;-534.767062596351;69.4639830258794;"T20";27.4014640599489;3;2;1;"S-8-NA";3;"S-2"
-4.74121354991163;1.5203436568529;-534.801023080336;69.475077573701;"T20";27.4087291560136;3;2;1;"S-8-NA";3;"S-2"
-4.70398809955076;1.80450934974511;-535.370741021651;69.6577664674103;"T20";27.5288920500316;3;2;3;"S-9-NA";3;"S-2"
-4.00684771471538;1.74301092950978;-536.58108900432;70.1220712668591;"T20";27.7861945680343;3;2;1;"S-10-NA";3;"S-2"
-3.96655058590969;1.81573936992892;-536.819459542645;70.2257643650638;"T20";27.8456853586249;3;2;1;"S-10-NA";3;"S-2"
-3.71392791842892;2.04323750871735;-537.066171355327;70.338699859421;"T20";27.9078834340908;3;2;1;"S-10-NA";3;"S-2"
-3.73834594513432;2.10342079350669;-537.117940359392;70.367180856688;"T20";27.9218225856312;3;2;1;"S-10-NA";3;"S-2"
-3.59685168842792;2.18617978580799;-537.144871582535;70.3823340007749;"T20";27.9290266335011;3;2;1;"S-10-NA";3;"S-2"
-3.63007080177965;2.24054788414063;-537.515985464404;70.6078983934867;"T20";28.0322040547617;3;2;1;"S-10-NA";3;"S-2"
-3.57288945666831;2.25417697066218;-537.526966279766;70.6146759589859;"T20";28.0352290137671;3;2;1;"S-10-NA";3;"S-2"
-3.66415935602617;2.3919288685453;-537.897323465854;70.8483385589419;"T20";28.1388866249472;3;2;1;"S-10-NA";3;"S-2"
-3.72763539459028;2.45680993365967;-538.034083816518;70.9376144334439;"T20";28.1762104248628;3;2;3;"S-11-NA";3;"S-2"
-3.74922137729245;2.52404613089047;-538.134037974577;71.0034922198781;"T20";28.2030247850344;3;2;3;"S-11-NA";3;"S-2"
-3.98231230336961;2.6422444757946;-538.375495387508;71.1660458777056;"T20";28.2674268004484;3;2;3;"S-11-NA";3;"S-2"
-4.06362146011178;2.55683658193249;-538.495256066706;71.245506494785;"T20";28.2974999514408;3;2;3;"S-11-NA";3;"S-2"
-4.1821944251428;2.50591142976494;-538.855024223266;71.4718731464866;"T20";28.3860338269733;3;2;3;"S-11-NA";3;"S-2"
-4.41751450916311;2.48949516531259;-539.45373912617;71.830614602727;"T20";28.5291919019073;3;2;3;"S-11-NA";3;"S-2"
-4.48308455802036;2.40696100212789;-539.537995294525;71.8780972591696;"T20";28.5482651088387;3;2;3;"S-11-NA";3;"S-2"
-4.2922863877039;2.02747666433956;-540.099567547362;72.1796045127048;"T20";28.6735298112035;3;2;3;"S-11-NA";3;"S-2"
-4.38420248403085;2.08171656953852;-540.125183547929;72.1917043212199;"T20";28.6794977262616;3;2;3;"S-11-NA";3;"S-2"
-4.32349877077588;2.15584471732454;-540.229437308295;72.2412063187171;"T20";28.7032771389931;3;2;3;"S-11-NA";3;"S-2"
-4.39590535951617;2.14691743133848;-540.248806730276;72.2508645765929;"T20";28.7077571731061;3;2;3;"S-11-NA";3;"S-2"
-4.44210775371611;2.48469719808267;-540.545357736216;72.3956972042008;"T20";28.7752179079689;3;2;3;"S-11-NA";3;"S-2"
-4.6595258560744;2.27858179813552;-541.091739236945;72.7013162164391;"T20";28.8982184138149;3;2;3;"S-11-NA";3;"S-2"
-3.98156583499504;2.25241944778229;-542.018259214585;73.1543991312825;"T20";29.0970626752824;3;2;3;"S-11-NA";3;"S-2"
-4.04118767913346;2.21054669433006;-542.027146331874;73.1594266799019;"T20";29.0992947411723;3;2;3;"S-11-NA";3;"S-2"
-4.68349126670154;2.13566787948346;-542.807644681552;73.5863625670223;"T20";29.2924306239001;3;2;3;"S-11-NA";3;"S-2"
-4.71135592725723;2.14119227806864;-542.861904240656;73.6111048780321;"T20";29.3040159041993;3;2;3;"S-11-NA";3;"S-2"
-4.43042256157585;2.34590339125392;-543.630119106534;73.9602391323982;"T20";29.4670719071291;3;2;3;"S-11-NA";3;"S-2"
-4.56979825523079;2.28656903442405;-543.695287817741;73.994745886212;"T20";29.4817812740803;3;2;3;"S-11-NA";3;"S-2"
-4.49531898954495;2.35315870241666;-543.779209955569;74.036737622158;"T20";29.5001457910985;3;2;3;"S-11-NA";3;"S-2"
-4.57801442633676;2.3062692088627;-543.841326526554;74.0692537016441;"T20";29.5139638474211;3;2;3;"S-11-NA";3;"S-2"
-4.48709168084857;2.19721246048423;-544.048047302791;74.1733935571946;"T20";29.5591189642437;3;2;3;"S-11-NA";3;"S-2"
-4.39488953170241;2.23415951941984;-544.179984108046;74.2379995900376;"T20";29.5885225990787;3;2;3;"S-11-NA";3;"S-2"
-4.52099751558355;2.32452636168062;-544.53854121465;74.4202735168784;"T20";29.6701076091267;3;2;3;"S-11-NA";3;"S-2"
-4.38892984461933;2.10453866462932;-544.963314428534;74.6386758783052;"T20";29.7640632488765;3;2;3;"S-11-NA";3;"S-2"
-4.15797953699501;2.16326236055514;-545.276061118833;74.7886412514763;"T20";29.8353213234805;3;2;3;"S-11-NA";3;"S-2"
-4.82299982858321;1.78908479121426;-545.507862449871;74.9092399918257;"T20";29.8910698737018;3;2;1;"S-12-NA";3;"S-2"
-4.61545670903667;1.80530569995328;-545.950502609215;75.0734367169366;"T20";29.9828468123451;3;2;3;"S-13-NA";3;"S-2"
-4.5096966492413;1.7274587829461;-546.820071966863;75.4135630829345;"T20";30.1712505635805;3;2;3;"S-13-NA";3;"S-2"
-4.04613736143592;2.46209217569776;-548.247878470149;75.9604905320047;"T20";30.4878586670384;3;2;3;"S-13-NA";3;"S-2"
-4.38991670712363;2.50930287253115;-548.834119957267;76.3172210256999;"T20";30.632747837808;3;2;3;"S-13-NA";3;"S-2"
-4.27070023251889;2.44644826558448;-549.618444035362;76.7655454002751;"T20";30.8114127488807;3;2;3;"S-13-NA";3;"S-2"
-4.41651250882278;2.44382784688501;-549.698829566989;76.8115938311456;"T20";30.8302353136241;3;2;3;"S-13-NA";3;"S-2"
-4.28094475888836;2.38200660322021;-549.769916833446;76.8509291757145;"T20";30.8463311055675;3;2;3;"S-13-NA";3;"S-2"
-4.76104771770688;2.39062730875757;-550.421513582244;77.2134911440863;"T20";30.9985397383571;3;2;1;"S-14-NA";3;"S-2"
-4.87138224586025;2.34794069818454;-550.593972459061;77.3000865585837;"T20";31.0347626218572;3;2;1;"S-14-NA";3;"S-2"
-4.62567940690794;2.30122917166182;-550.669929512178;77.3366968361859;"T20";31.0503551270813;3;2;3;"S-15-NA";3;"S-2"
-4.49535108142436;2.15422583661692;-551.011577309535;77.5066631932442;"T20";31.1242140713148;3;2;3;"S-15-NA";3;"S-2"
-4.61077572405661;2.02552208232318;-551.092640096579;77.5455094473134;"T20";31.1422466533259;3;2;3;"S-15-NA";3;"S-2"
-4.55663118388819;2.34996675943107;-551.326618080893;77.6482963973555;"T20";31.1929925577715;3;2;3;"S-15-NA";3;"S-2"
-4.32781774312961;2.24655009621072;-552.159134304863;78.0776454875198;"T20";31.3756968826056;3;2;3;"S-15-NA";3;"S-2"
-4.35091605689504;2.1867354512242;-552.559787375563;78.2856226362705;"T20";31.468273117207;3;2;3;"S-15-NA";3;"S-2"
-4.14939697841332;2.34582359544408;-552.783072566841;78.397843979343;"T20";31.5195922390558;3;2;3;"S-15-NA";3;"S-2"
-4.57297272372527;2.16470582317815;-553.159417285066;78.6106070204849;"T20";31.6102908924222;3;2;3;"S-15-NA";3;"S-2"
-4.56403088146553;2.13258211035046;-553.1778920226;78.6193523978004;"T20";31.6143308766186;3;2;3;"S-15-NA";3;"S-2"
-4.57769013738568;1.71096595430896;-553.981677219368;78.994927843215;"T20";31.7904438823462;3;2;3;"S-15-NA";3;"S-2"
-4.53949853329299;1.57889324354917;-554.062336147561;79.0250750737848;"T20";31.8080638884567;3;2;1;"S-16-NA";3;"S-2"
-4.64266788232921;1.48302474273788;-554.187427341966;79.0685833248008;"T20";31.8356200587004;3;2;1;"S-16-NA";3;"S-2"
-4.51276925029686;1.53965487960146;-554.345724551475;79.119148793699;"T20";31.8697162321769;3;2;1;"S-16-NA";3;"S-2"
-4.28504151073438;1.8383427099304;-554.609059460953;79.208992713443;"T20";31.9280695170164;3;2;3;"S-17-NA";3;"S-2"
-4.09374487534944;1.71642512858911;-554.798356227672;79.2902036725996;"T20";31.9722456973977;3;2;1;"S-18-NA";3;"S-2"
-3.98017963218476;2.25158483516355;-555.944125985029;79.7706019541207;"T20";32.2521287365817;3;2;3;"S-19-NA";3;"S-2"
-3.86271081213246;1.95861218443355;-556.885916681226;80.3033722925014;"T20";32.4887488852255;3;2;1;"S-20-NA";3;"S-2"
-3.5860869719429;2.20629711123475;-557.674894322872;80.7034284440827;"T20";32.693003793247;3;2;1;"S-20-NA";3;"S-2"
-3.84053851606764;2.08003681120543;-558.132453740707;80.9849364023915;"T20";32.8205967438407;3;2;1;"S-20-NA";3;"S-2"
-3.82213549935485;2.41098546331708;-558.424240853905;81.1429683903399;"T20";32.8965723165311;3;2;3;"S-21-NA";3;"S-2"
-3.6507259247188;2.02401657050267;-559.066354317733;81.5480106049215;"T20";33.0645709298551;3;2;1;"S-22-NA";3;"S-2"
-3.59403062181596;2.01247367192179;-559.170002318436;81.6054745929745;"T20";33.0929619958624;3;2;1;"S-22-NA";3;"S-2"
-3.52458287062852;2.08693894715473;-559.327240388954;81.6935198854157;"T20";33.1367117818445;3;2;1;"S-22-NA";3;"S-2"
-3.61052694618313;2.29660849464619;-559.381974336235;81.7259283747338;"T20";33.1522409804165;3;2;1;"S-22-NA";3;"S-2"
-3.76570318265692;2.14633191804941;-559.798456288149;81.990847042532;"T20";33.2675931043923;3;2;1;"S-22-NA";3;"S-2"
-3.79919331274348;1.98536148269135;-560.388378831442;82.3270842663463;"T20";33.4242497803643;3;2;1;"S-22-NA";3;"S-2"
-3.61943016760647;2.17928110254031;-560.743091778612;82.5124482014641;"T20";33.5176151129417;3;2;1;"S-22-NA";3;"S-2"
-3.62853839780377;2.22632189180849;-560.752657048905;82.5182075093735;"T20";33.520257868804;3;2;1;"S-22-NA";3;"S-2"
-3.74984169611599;2.06185762206199;-560.922138032614;82.622194068949;"T20";33.5669656516984;3;2;1;"S-22-NA";3;"S-2"
-3.70908258381566;2.26668938027378;-560.994221495934;82.6618292989977;"T20";33.5861887200736;3;2;1;"S-22-NA";3;"S-2"
-3.83892043715701;2.14318293376399;-561.322780534892;82.8626178410613;"T20";33.6747710127383;3;2;1;"S-22-NA";3;"S-2"
-3.75894471206211;2.00947071845433;-561.425001262201;82.9196853739349;"T20";33.7013984797522;3;2;1;"S-22-NA";3;"S-2"
-3.67155343103132;1.99421086957822;-561.451063987852;82.9336180832592;"T20";33.7083320016973;3;2;1;"S-22-NA";3;"S-2"
-3.89904881408135;2.20962632623303;-561.638189787779;83.0352557990657;"T20";33.7592983851209;3;2;3;"S-23-NA";3;"S-2"
-3.89471226507876;2.28792009545125;-561.669556580698;83.053031645101;"T20";33.7673431145959;3;2;3;"S-23-NA";3;"S-2"
-4.04510022053995;2.32473641512648;-563.106125155959;83.8969332964001;"T20";34.1361941304058;3;2;3;"S-23-NA";3;"S-2"
-3.69306407278338;2.54865101236869;-563.418909661565;84.0766918909034;"T20";34.2135184211656;3;2;3;"S-23-NA";3;"S-2"
-4.05471615578015;2.65325558356743;-563.729441018542;84.2909952557338;"T20";34.2976034386083;3;2;3;"S-23-NA";3;"S-2"
-4.90831364792814;2.37855736530816;-564.353443834621;84.69931951132;"T20";34.4514989992604;3;2;1;"S-24-NA";3;"S-2"
-4.81045905227335;2.2988143166816;-564.874067656345;84.9516126031115;"T20";34.5575687941164;3;2;1;"S-24-NA";3;"S-2"
-5.05861638604445;2.38303602850603;-566.129475874603;85.5515450324391;"T20";34.8185435170308;3;2;1;"S-24-NA";3;"S-2"
-5.09071935567236;2.34370374452318;-566.555085834468;85.7520433092496;"T20";34.9026791634969;3;2;1;"S-24-NA";3;"S-2"
-5.12950933009803;2.34782504964863;-566.755375875175;85.8442543477295;"T20";34.9420233163983;3;2;1;"S-24-NA";3;"S-2"
-4.55285163345074;2.34899576764664;-566.924640880109;85.9217285451699;"T20";34.9750216002576;3;2;3;"S-25-NA";3;"S-2"
-4.53609421118209;2.44882180062164;-566.97375019863;85.947065979957;"T20";34.9858080968261;3;2;3;"S-25-NA";3;"S-2"
-4.62636031094281;2.41383417562248;-567.034431138849;85.979824737243;"T20";34.9991854513064;3;2;3;"S-25-NA";3;"S-2"
-4.63052530913911;2.53336522550067;-568.022436360616;86.4953230144427;"T20";35.2127453894354;3;2;1;"S-26-NA";3;"S-2"
-4.60769706782655;2.56718250001879;-568.044432116286;86.5073569153075;"T20";35.2174955536611;3;2;1;"S-26-NA";3;"S-2"
-4.68774869654173;2.50603788646773;-568.171211962236;86.5779924187023;"T20";35.2450103498995;3;2;1;"S-26-NA";3;"S-2"
-4.31468748054979;2.59417640017011;-568.289163875675;86.6410486921923;"T20";35.270172089804;3;2;3;"S-27-NA";3;"S-2"
-4.35971572369853;2.61526038276462;-568.803460557385;86.9502660620232;"T20";35.3893688297831;3;2;3;"S-27-NA";3;"S-2"
-4.53199057673631;2.56584116014062;-568.831366655503;86.9670060784533;"T20";35.3957697283477;3;2;3;"S-27-NA";3;"S-2"
-4.36142245652278;2.84096108926963;-568.959309153024;87.039442267521;"T20";35.4240007000044;3;2;1;"S-28-NA";3;"S-2"
-4.57688347031418;2.73388910529186;-569.437717275861;87.3510696953428;"T20";35.5336915468797;3;2;1;"S-28-NA";3;"S-2"
-4.58515771157303;2.7110669069161;-569.539918636483;87.4121171718984;"T20";35.5560214491561;3;2;1;"S-28-NA";3;"S-2"
-4.69782738349483;2.87956763564929;-569.736180574052;87.528160997978;"T20";35.5988251976669;3;2;1;"S-28-NA";3;"S-2"
-4.95778098557353;2.72195733316286;-569.854656745149;87.6007818331084;"T20";35.6240445515141;3;2;1;"S-28-NA";3;"S-2"
-5.04705274232408;2.50122160537377;-570.155069509287;87.7657166555018;"T20";35.6846387498081;3;2;1;"S-28-NA";3;"S-2"
-5.09732472218381;1.97052371108409;-570.542907971871;87.9579218872553;"T20";35.7614832930267;3;2;1;"S-28-NA";3;"S-2"
-4.86431015342261;1.41479215379436;-571.458873638797;88.3120158803965;"T20";35.9411786659621;3;2;1;"S-28-NA";3;"S-2"
-4.69551320112808;1.32115833786823;-571.578534088104;88.3468193076985;"T20";35.9657783410512;3;2;1;"S-28-NA";3;"S-2"
-4.51259356245592;1.43787708336613;-571.650223204121;88.3669901962262;"T20";35.9810459194705;3;2;1;"S-28-NA";3;"S-2"
-3.83759554150697;2.29607622045248;-573.195976146385;88.8595235257774;"T20";36.3235879456624;3;2;3;"S-29-NA";3;"S-2"
-3.96328528924423;2.34349292572148;-573.592307536239;89.0966530173613;"T20";36.426863912493;3;2;3;"S-29-NA";3;"S-2"
-4.08350289695627;2.19692586269989;-573.657328287184;89.1350998256896;"T20";36.4432696835138;3;2;3;"S-29-NA";3;"S-2"
-4.063608045516;2.09701741400867;-573.868587042134;89.2487571033213;"T20";36.4950043731369;3;2;3;"S-29-NA";3;"S-2"
-4.26929980740649;2.40094236529055;-574.690096794043;89.6726956909598;"T20";36.6971670184284;3;2;3;"S-29-NA";3;"S-2"
-4.16664783066519;2.52727712141259;-574.89227790948;89.786397053575;"T20";36.744523991365;3;2;3;"S-29-NA";3;"S-2"
-4.05510327532247;2.51666250083593;-574.92331239626;89.8052209982902;"T20";36.7519723018631;3;2;3;"S-29-NA";3;"S-2"
-3.83784641216776;2.37481883897045;-575.225148021993;89.9925450561808;"T20";36.826405825559;3;2;3;"S-29-NA";3;"S-2"
-4.01062224435923;2.14213304967514;-575.276213079547;90.0241435746383;"T20";36.8397114798427;3;2;3;"S-29-NA";3;"S-2"
-4.10081295213533;2.25286511629407;-575.484525871519;90.1354065381304;"T20";36.8916517472826;3;2;3;"S-29-NA";3;"S-2"
-4.1805580433554;2.02902305099242;-576.042638733695;90.4420172060214;"T20";37.027749849949;3;2;3;"S-29-NA";3;"S-2"
-4.05102103447619;1.92053143998404;-576.154514482208;90.4963158116684;"T20";37.0545108104125;3;2;1;"S-30-NA";3;"S-2"
-3.85714432566483;2.07964816446653;-576.340169379583;90.5843321572663;"T20";37.1003399719484;3;2;1;"S-30-NA";3;"S-2"
-3.38606780771851;2.12357132889032;-577.001431338688;90.9408633376878;"T20";37.2717781923711;3;2;1;"S-30-NA";3;"S-2"
-3.84265192100343;2.49231296258515;-577.957431044692;91.5404182436676;"T20";37.5541114946827;3;2;3;"S-31-NA";3;"S-2"
-4.02533452446499;2.42071218676305;-578.00111977986;91.5687544040112;"T20";37.5654809176922;3;2;3;"S-31-NA";3;"S-2"
-4.67191881091087;2.06287781148264;-579.336383362415;92.3717407911513;"T20";37.8971958532929;3;2;3;"S-31-NA";3;"S-2"
-4.61311601849171;2.02981786107607;-579.731327597445;92.5461277469594;"T20";37.9817316192202;3;2;3;"S-31-NA";3;"S-2"
-4.62530308716703;2.00582166192724;-579.767957950871;92.5622454741841;"T20";37.9896720987745;3;2;3;"S-31-NA";3;"S-2"
-4.53738161286458;1.93620891401108;-579.890026874871;92.6151822196023;"T20";38.0160636501387;3;2;3;"S-31-NA";3;"S-2"
-4.45822430667873;1.89822922497664;-579.96041836311;92.6452199459005;"T20";38.0315773305483;3;2;3;"S-31-NA";3;"S-2"
-4.50635863215932;1.92358960122722;-580.053773304834;92.6849687486718;"T20";38.0525172688067;3;2;3;"S-31-NA";3;"S-2"
-4.46042859259555;1.81631506015762;-580.248353843837;92.7680276287965;"T20";38.0956963752396;3;2;3;"S-31-NA";3;"S-2"
-4.14172429425011;1.89607893016104;-580.628765457456;92.9229336716869;"T20";38.1809822632931;3;2;3;"S-31-NA";3;"S-2"
-4.00739545879265;1.8923105209945;-580.95309825632;93.0714130350143;"T20";38.2592909038067;3;2;1;"S-32-NA";3;"S-2"
-4.21478801480473;1.91254886706802;-581.731516212521;93.4389855652018;"T20";38.4535362594761;3;2;3;"S-33-NA";3;"S-2"
-4.16959616828732;1.77119001160104;-581.900038900695;93.5154562857243;"T20";38.4935199283063;3;2;1;"S-34-NA";3;"S-2"
-4.42246981796103;1.80205745296432;-582.134157974655;93.6149070115471;"T20";38.5496690287255;3;2;3;"S-35-NA";3;"S-2"
-4.26747421252182;2.05578788701771;-582.344022240374;93.7004220019746;"T20";38.5971231153235;3;2;3;"S-35-NA";3;"S-2"
-4.34097510823566;2.05338880918944;-582.359376173091;93.7078185150702;"T20";38.6007210123353;3;2;3;"S-35-NA";3;"S-2"
-4.1281686830753;2.07694841782512;-582.457352474642;93.7541637338642;"T20";38.6232911259867;3;2;3;"S-35-NA";3;"S-2"
-4.60581584225251;1.96407245009958;-582.751814441902;93.9023123111056;"T20";38.6946210521273;3;2;3;"S-35-NA";3;"S-2"
-4.60070403488654;1.95144488707086;-582.849620570753;93.9440200844311;"T20";38.7158564059064;3;2;3;"S-35-NA";3;"S-2"
-4.86958170331431;2.19378971164564;-583.962376584498;94.4160091576496;"T20";38.957722869236;3;2;1;"S-36-NA";3;"S-2"
-4.7854274797844;1.98945220889446;-584.589353834984;94.6984679652748;"T20";39.0864766901359;3;2;3;"S-37-NA";3;"S-2"
-4.71794183071404;1.95721387023202;-584.790603372473;94.7821337064419;"T20";39.1285313526168;3;2;3;"S-37-NA";3;"S-2"
-4.73967246728637;1.57752359291304;-586.102477127024;95.3263577771343;"T20";39.4065919565037;3;2;1;"S-38-NA";3;"S-2"
-4.61805298128062;1.62172155480532;-586.727438765008;95.5343661860255;"T20";39.5384495146573;3;2;1;"S-38-NA";3;"S-2"
-4.33467368660074;1.89075931458996;-586.982416314208;95.6239066458695;"T20";39.5936627290212;3;2;3;"S-39-NA";3;"S-2"
-4.38117711809279;1.88971833899672;-587.075714542762;95.6646027875926;"T20";39.6151864319108;3;2;3;"S-39-NA";3;"S-2"
-4.37026884215565;1.86808065679699;-587.131967704194;95.6888662738476;"T20";39.6280261687934;3;2;3;"S-39-NA";3;"S-2"
-4.52323608762113;1.71068286164711;-587.585999459802;95.882943107758;"T20";39.7319172043353;3;2;3;"S-39-NA";3;"S-2"
-4.68325308613894;1.74849583267293;-588.641054627797;96.2819637998064;"T20";39.9651694926433;3;2;3;"S-39-NA";3;"S-2"
-4.57031460656795;1.82450852678201;-589.066297682163;96.4407285931575;"T20";40.0559702771716;3;2;3;"S-39-NA";3;"S-2"
-4.56759804932927;1.77886107091225;-589.348782253326;96.5534988405339;"T20";40.1177788386121;3;2;3;"S-39-NA";3;"S-2"
-4.4775162265365;1.9788848965173;-589.643557070068;96.668299538959;"T20";40.1823149062693;3;2;3;"S-39-NA";3;"S-2"
-4.32384717794617;2.0811166442027;-589.786439193182;96.7314477803293;"T20";40.2142259292305;3;2;3;"S-39-NA";3;"S-2"
-4.39731802388331;1.90482489631438;-589.869959794793;96.7716471923328;"T20";40.2335421997122;3;2;3;"S-39-NA";3;"S-2"
-4.34705167469659;1.81728571296222;-590.124735020735;96.8820104161666;"T20";40.2914809761569;3;2;3;"S-39-NA";3;"S-2"
-3.9253263489236;1.99307276816584;-590.382598522907;96.9898102983536;"T20";40.3508001472801;3;2;1;"S-40-NA";3;"S-2"
-4.14006934089997;2.12157827715697;-590.748910619315;97.1758041748117;"T20";40.4441203107126;3;2;3;"S-41-NA";3;"S-2"
-4.19508697487339;2.09805832552272;-590.865566371531;97.2355844078051;"T20";40.4722975566983;3;2;3;"S-41-NA";3;"S-2"
-4.19375416151618;2.15464157602942;-590.875405707954;97.2405052835397;"T20";40.4746429994702;3;2;3;"S-41-NA";3;"S-2"
-4.47972212673265;2.12121667778566;-590.993482365725;97.3011699925796;"T20";40.5027983593754;3;2;3;"S-41-NA";3;"S-2"
-4.48445338464318;2.19791957482734;-592.388540726188;97.9617513806612;"T20";40.8142146305181;3;2;3;"S-41-NA";3;"S-2"
-4.50731094747744;2.15971973746055;-592.453595239527;97.9936358883223;"T20";40.8287213067524;3;2;3;"S-41-NA";3;"S-2"
-4.62855901562751;2.17420315630146;-593.166918624041;98.3354313869423;"T20";40.9869804978371;3;2;3;"S-41-NA";3;"S-2"
-4.32790919329892;2.16940798870013;-593.500222619016;98.4919964421648;"T20";41.0589908133261;3;2;3;"S-41-NA";3;"S-2"
-4.58473773805053;2.1930037724943;-593.736244198164;98.610304631279;"T20";41.113525594119;3;2;3;"S-41-NA";3;"S-2"
-4.31267759177048;2.27381539889925;-594.176101788605;98.8207003856948;"T20";41.2094651255757;3;2;3;"S-41-NA";3;"S-2"
-4.719222998744;2.21530777435375;-594.394442167813;98.9358181300382;"T20";41.2600926938467;3;2;3;"S-41-NA";3;"S-2"
-3.28694039614312;2.42220979019504;-595.685769748314;99.5419958904626;"T20";41.5337240905501;3;2;1;"S-42-NA";3;"S-2"
-3.6490573596148;2.71259787844071;-595.971964641612;99.7528984286601;"T20";41.6207943926565;3;2;3;"S-43-NA";3;"S-2"
-3.65565568100271;2.71076378596409;-595.985375985335;99.7628680122936;"T20";41.6244696825743;3;2;3;"S-43-NA";3;"S-2"
-3.79911924836839;2.62972270826496;-596.038036383021;99.8019170670887;"T20";41.638874867931;3;2;3;"S-43-NA";3;"S-2"
-4.00463373255781;2.71292695124463;-596.413513937152;100.061819898769;"T20";41.7377076577395;3;2;3;"S-43-NA";3;"S-2"
-4.16846538218056;2.44794995623834;-597.145717746526;100.557849144117;"T20";41.9205468031578;3;2;3;"S-43-NA";3;"S-2"
-3.78776934967785;2.72673738810847;-598.202561335144;101.178485272599;"T20";42.1740798163228;3;2;3;"S-43-NA";3;"S-2"
-3.71285393877779;2.7452606733478;-598.214038628237;101.186747540257;"T20";42.1771099092439;3;2;3;"S-43-NA";3;"S-2"
-3.71162488726567;2.76032721740314;-598.383758493837;101.312237333338;"T20";42.2228213399649;3;2;3;"S-43-NA";3;"S-2"
-3.36531238958654;2.80742257786107;-598.749500215026;101.584238642252;"T20";42.3213608562946;3;2;1;"S-44-NA";3;"S-2"
-3.73420923036186;2.71196641949014;-598.880513764197;101.693533219804;"T20";42.3602914321236;3;2;3;"S-45-NA";3;"S-2"
-3.80116953716237;2.92312203011281;-599.134289991031;101.877837998348;"T20";42.4282512627542;3;2;3;"S-45-NA";3;"S-2"
-3.92289437408457;2.80759720974252;-599.52662739553;102.179547800849;"T20";42.53146618139;3;2;3;"S-45-NA";3;"S-2"
-4.14392547342691;2.75772164668043;-599.885034568568;102.436058143218;"T20";42.6228291238658;3;2;3;"S-45-NA";3;"S-2"
-4.09580047331471;2.59202424851087;-600.240269423376;102.67246173084;"T20";42.7085533621721;3;2;3;"S-45-NA";3;"S-2"
-4.57166505894619;2.48845193595628;-600.436020089801;102.796342392836;"T20";42.7563463803381;3;2;3;"S-45-NA";3;"S-2"
-4.66907197186601;2.34142067903764;-600.551623743684;102.859267854916;"T20";42.7816333714873;3;2;3;"S-45-NA";3;"S-2"
-4.74477519578475;2.32595810466256;-600.903920571157;103.035935741377;"T20";42.8570866584778;3;2;1;"S-46-NA";3;"S-2"
-4.59710003500031;2.16547206022813;-601.120724478283;103.142216183357;"T20";42.9027798469178;3;2;3;"S-47-NA";3;"S-2"
-3.89668699732655;2.11089208039125;-601.68683243797;103.408882333851;"T20";43.0259244283661;3;2;3;"S-47-NA";3;"S-2"
-3.92779468841033;1.99117911162698;-601.805398548251;103.473111322058;"T20";43.0563518428244;3;2;1;"S-48-NA";3;"S-2"
-4.04132284370918;2.0048245510545;-602.26604188257;103.70663253637;"T20";43.1736296974123;3;2;3;"S-49-NA";3;"S-2"
-3.89271580900475;2.20048989601018;-602.522810249051;103.834010512583;"T20";43.2371654198505;3;2;3;"S-49-NA";3;"S-2"
-3.86352234504499;2.22992665755912;-602.862688346741;104.026138157276;"T20";43.3244767249562;3;2;3;"S-49-NA";3;"S-2"
-4.51862240554771;1.93648722275198;-604.615100749547;105.037585945863;"T20";43.7780556734651;3;2;3;"S-49-NA";3;"S-2"
-4.12814162538362;2.08786713488416;-605.112885242269;105.250914970359;"T20";43.8882185611874;3;2;3;"S-49-NA";3;"S-2"
-3.67450039150117;2.16591411350856;-605.603750778025;105.499177290976;"T20";44.0071257064119;3;2;1;"S-50-NA";3;"S-2"
-3.40679836985435;2.01744398298039;-605.744402997596;105.582083970798;"T20";44.0454036230221;3;2;1;"S-50-NA";3;"S-2"
-3.31256955653437;1.98000608617514;-605.807922384175;105.61969899533;"T20";44.0640485147014;3;2;1;"S-50-NA";3;"S-2"
-3.29073007754563;2.0600613071103;-605.927334368897;105.691074540047;"T20";44.1000966588035;3;2;1;"S-50-NA";3;"S-2"
-2.99538654636823;2.4129005290533;-606.077436015753;105.785041102948;"T20";44.1457101376727;3;2;1;"S-50-NA";3;"S-2"
-3.01459001601987;2.52333495828849;-606.103918886667;105.806374086938;"T20";44.1545513574965;3;2;1;"S-50-NA";3;"S-2"
-2.78181728225442;2.57256502462228;-606.185303434956;105.874496277575;"T20";44.1815482452512;3;2;1;"S-50-NA";3;"S-2"
-3.16134477763029;2.83746997538164;-606.447056622916;106.116560017967;"T20";44.2756425589323;3;2;1;"S-50-NA";3;"S-2"
-3.2967911974446;2.75487516878274;-606.521087784738;106.183006803651;"T20";44.2990601761267;3;2;1;"S-50-NA";3;"S-2"
-3.79595073167676;2.93497603924957;-606.638039982658;106.280734772057;"T20";44.3345347302966;3;2;3;"S-51-NA";3;"S-2"
-4.11847861689588;2.92474624132156;-606.784424446997;106.393917193464;"T20";44.3730980507098;3;2;3;"S-51-NA";3;"S-2"
-4.20208567490228;2.86531661205315;-606.967459708493;106.523900068911;"T20";44.4175404962152;3;2;3;"S-51-NA";3;"S-2"
-4.70330203299832;2.95810239640408;-607.371255235234;106.799240012014;"T20";44.5136345690116;3;2;1;"S-52-NA";3;"S-2"
-4.30398189129025;3.08060478071732;-607.583966016361;106.933022675126;"T20";44.5588604081422;3;2;1;"S-52-NA";3;"S-2"
-4.30891159760974;3.05308141484625;-607.666267444891;106.991930491328;"T20";44.5779825677164;3;2;1;"S-52-NA";3;"S-2"
-4.51025493100073;3.17842113359741;-607.869718493821;107.136085831313;"T20";44.6251989109442;3;2;1;"S-52-NA";3;"S-2"
-4.71533303977505;2.90352360932048;-608.348038556826;107.473162697286;"T20";44.7312505799346;3;2;1;"S-52-NA";3;"S-2"
-4.6866115249589;2.76516454584237;-609.022570712016;107.888514067235;"T20";44.8743013781495;3;2;1;"S-52-NA";3;"S-2"
-5.00459532413757;2.4911713288628;-609.194682183953;107.990062176695;"T20";44.9110254528932;3;2;1;"S-52-NA";3;"S-2"
-5.18612849284321;2.35630805263195;-609.487355419218;108.135748116356;"T20";44.9695063522086;3;2;1;"S-52-NA";3;"S-2"
-5.35980228149077;2.49598200453739;-609.74811739437;108.254224845715;"T20";45.0197870144621;3;2;1;"S-52-NA";3;"S-2"
-4.64838362952382;2.19308914407888;-611.93747315602;109.273775996227;"T20";45.4282639781013;3;2;3;"S-53-NA";3;"S-2"
-4.79945968075513;2.15128246440791;-612.507097295813;109.542522428697;"T20";45.5508063896559;3;2;1;"S-54-NA";3;"S-2"
-4.19586981873452;2.34945366483162;-613.101317783258;109.808872434669;"T20";45.6746162613854;3;2;3;"S-55";3;"S-2"
-3.78857479610769;2.48432032204381;-613.560003946435;110.065711167433;"T20";45.7839347538538;3;2;3;"S-55";3;"S-2"
-3.7481111872244;2.75847169634202;-614.202862283962;110.487259142083;"T20";45.9536181762815;3;2;3;"S-55";3;"S-2"
-3.70823818625607;2.82571745164648;-614.274476100388;110.53996427163;"T20";45.9727248176932;3;2;3;"S-55";3;"S-2"
-3.76689352287549;2.80042443803268;-614.321786759148;110.576015503345;"T20";45.9854830754921;3;2;3;"S-55";3;"S-2"
-4.208358501813;2.67377031194782;-614.998951147308;111.079440325325;"T20";46.1652504047379;3;2;3;"S-55";3;"S-2"
-4.19028354895608;2.69567514701943;-615.126145268827;111.160252800266;"T20";46.1954745696858;3;2;3;"S-55";3;"S-2"
-4.36996402395151;2.74471148941389;-615.307605343031;111.276988912868;"T20";46.2387795327231;3;2;3;"S-55";3;"S-2"
-4.36346931762017;2.61600653181567;-615.544689753421;111.425898217749;"T20";46.2930327048525;3;2;3;"S-55";3;"S-2"
-4.49571358393253;2.11695977913691;-616.397133755557;111.936959237151;"T20";46.4883919339627;3;2;3;"S-55";3;"S-2"
-4.24151938153148;2.15192277672655;-616.702350127158;112.08068075556;"T20";46.5562824625522;3;2;3;"S-55";3;"S-2"
-3.81658971070836;2.22719448850708;-616.967171825919;112.215037290111;"T20";46.6187180369161;3;2;3;"S-55";3;"S-2"
-3.75870031795527;2.35592274941259;-617.923258021288;112.772967292095;"T20";46.8692260212265;3;2;3;"S-55";3;"S-2"
-4.19141265922724;2.24319672085091;-618.221008600241;112.959594930179;"T20";46.9484423869289;3;2;3;"S-55";3;"S-2"
-4.24215534126336;2.37505042878264;-618.757847259947;113.246904918239;"T20";47.0765229896642;3;2;3;"S-55";3;"S-2"
-4.32084769722551;1.94722459324747;-619.511396286026;113.668793508713;"T20";47.2541565191932;3;2;3;"S-55";3;"S-2"
-3.8974470162274;2.75769948645442;-621.979365779963;114.781003711601;"T20";47.8253336739726;3;2;3;"S-55";3;"S-2"
-3.83193560780208;2.70885074454128;-622.081466329885;114.853246549775;"T20";47.8515304508619;3;2;3;"S-55";3;"S-2"
-3.835172480734;2.71890426840285;-622.105194177029;114.870020108358;"T20";47.8577225818299;3;2;3;"S-55";3;"S-2"
-4.11303220067823;2.71651389455313;-622.273191681968;114.989120132035;"T20";47.9015270015225;3;2;3;"S-55";3;"S-2"
-4.13235093815121;2.48124304933064;-622.507098539865;115.143607429607;"T20";47.9583966895007;3;2;3;"S-55";3;"S-2"
-3.62618553522812;2.75787899711788;-622.662179924091;115.23672503081;"T20";47.995925298892;3;2;3;"S-55";3;"S-2"
-4.31983507526989;2.66441233289545;-623.052360163185;115.533474845742;"T20";48.1035260367207;3;2;3;"S-55";3;"S-2"
-4.0694969538237;2.92298043670433;-623.895631782888;116.053592689217;"T20";48.2987352530472;3;2;3;"S-55";3;"S-2"
-4.03733429719091;2.75153877450016;-624.524336233877;116.505169587188;"T20";48.4532271861099;3;2;3;"S-55";3;"S-2"
-4.10882221491106;2.71420114931325;-624.585654314674;116.546959308938;"T20";48.4684149501845;3;2;3;"S-55";3;"S-2"
-4.05804101158748;2.57208651416273;-624.739786641282;116.648775867587;"T20";48.5059274826199;3;2;3;"S-55";3;"S-2"
-4.02273886405008;2.44579834489666;-625.211415664354;116.947705978562;"T20";48.6221483442932;3;2;3;"S-55";3;"S-2"
-3.8348951074416;2.9283929466532;-625.70450722061;117.247502349375;"T20";48.7447244231589;3;2;3;"S-55";3;"S-2"
-4.34121499964945;2.67500278475132;-626.403758970533;117.781463210114;"T20";48.9270636346191;3;2;3;"S-55";3;"S-2"
-4.48474283905824;2.19217272296823;-627.299110957929;118.333167988571;"T20";49.133308196906;3;2;3;"S-55";3;"S-2"
-4.45699604883832;1.96132096239493;-627.691680246876;118.525058520088;"T20";49.2208426003344;3;2;3;"S-55";3;"S-2"
-4.59609318814697;2.07554322970325;-627.951735597664;118.639497035468;"T20";49.2791902739555;3;2;3;"S-55";3;"S-2"
-4.79485389891968;2.28119152948586;-628.105730397414;118.70903932953;"T20";49.3126958608627;3;2;1;"S-56-NA";3;"S-2"
-4.88921342664548;2.28737741975903;-628.118705962547;118.715212562312;"T20";49.3154020048678;3;2;1;"S-56-NA";3;"S-2"
-4.96792694285495;2.13967124215245;-628.254433552873;118.778711574987;"T20";49.3431626236998;3;2;1;"S-56-NA";3;"S-2"
-4.75348881797774;2.22826836754829;-628.60917353531;118.931497022035;"T20";49.4145686621778;3;2;1;"S-56-NA";3;"S-2"
-4.25167055717118;2.31645120793674;-628.803226371506;119.022462166392;"T20";49.4553919066675;3;2;3;"S-57-NA";3;"S-2"
-4.34456510485499;2.54323581717764;-629.80622764304;119.568930542943;"T20";49.6912994771264;3;2;3;"S-57-NA";3;"S-2"
-4.79682699966859;2.59211375959031;-630.302566678442;119.859479120725;"T20";49.8055431409739;3;2;1;"S-58-NA";3;"S-2"
-4.44553219395088;2.64343120807003;-630.911058979918;120.188296746912;"T20";49.9323962256312;3;2;3;"S-59-NA";3;"S-2"
-4.305267572248;2.53367034943574;-631.211593735307;120.367002673862;"T20";50;3;2;3;"S-59-NA";3;"S-2"
