"Vx";"Vy";"X";"Y";"Traj";"Time";"TrueMovMode";"TrueTrajClust";"firstEstMovMode";"firstSegment";"finalEstMovMode";"finalSegment"
0;0;0;0;"T21";0;1;2;1;"S-1-NA";2;"S-1"
-8.04215210622333;6.16642884898348;0;0;"T21";0.218265119474381;1;2;1;"S-1-NA";2;"S-1"
-11.5364395215033;7.67572376327576;-0.881733010397038;0.676080705835677;"T21";0.327904056757689;1;2;1;"S-1-NA";2;"S-1"
-21.4523235311545;6.23399751113938;-6.29414102381984;4.2772046685399;"T21";0.797061633784324;1;2;4;"S-2-NA";2;"S-1"
-21.5719458066665;5.5772246059738;-8.15082279575902;4.81675226246078;"T21";0.883610849268734;1;2;4;"S-2-NA";2;"S-1"
-21.6472192473649;5.35123905577808;-8.8065385980962;4.98628144355999;"T21";0.914007541723549;1;2;4;"S-2-NA";2;"S-1"
-21.8944667827839;5.11168927855701;-9.01386534809324;5.03753306111021;"T21";0.923585065174848;1;2;4;"S-2-NA";2;"S-1"
-22.0566151887989;4.98168560715022;-10.1740971513045;5.30841175059624;"T21";0.976577075198293;1;2;4;"S-2-NA";2;"S-1"
-22.117826367046;4.72410686677906;-11.1587579129487;5.53080627043623;"T21";1.02121949894354;1;2;4;"S-2-NA";2;"S-1"
-22.4932098056064;3.29533983327708;-15.198607857682;6.39367057490996;"T21";1.20387080824003;1;2;4;"S-2-NA";2;"S-1"
-22.5113271483143;3.1187343620324;-17.6994240610002;6.76004955424287;"T21";1.31505174795166;1;2;2;"S-3";2;"S-1"
-22.4337154811005;3.10622677293693;-17.8570960120773;6.78189353209958;"T21";1.32205586414784;1;2;2;"S-3";2;"S-1"
-22.2286698070563;2.71303920777256;-19.2971305689501;6.98128421699442;"T21";1.38624650426209;1;2;2;"S-3";2;"S-1"
-22.364623075626;2.47916852434275;-20.4393008517008;7.12068764445779;"T21";1.43762925872579;1;2;2;"S-3";2;"S-1"
-22.3831545047532;2.49230203530652;-20.5006959847018;7.1274934323653;"T21";1.44037444842979;1;2;2;"S-3";2;"S-1"
-21.8764947264639;2.57577063989618;-21.1646479402672;7.20142263702007;"T21";1.47003746824339;1;2;2;"S-3";2;"S-1"
-21.9323873523002;2.59594971830797;-21.2491743679013;7.21137490283402;"T21";1.47390126949176;1;2;2;"S-3";2;"S-1"
-21.989542273525;2.58927174652705;-22.0699571921555;7.30852396860553;"T21";1.511324592866;1;2;2;"S-3";2;"S-1"
-22.0272080881004;2.57080673517335;-22.4989482695352;7.35903772929935;"T21";1.53083346085623;1;2;2;"S-3";2;"S-1"
-22.0804720507595;2.46255191661021;-22.6084671512169;7.37181973406045;"T21";1.53580544283614;1;2;2;"S-3";2;"S-1"
-22.0688805216088;2.45117345134335;-22.6854383607187;7.38040404326574;"T21";1.53929138323292;1;2;2;"S-3";2;"S-1"
-22.0207667096719;2.46390781683487;-22.8078748216181;7.3940029660629;"T21";1.5448393067345;1;2;2;"S-3";2;"S-1"
-22.0090688646866;2.26990715081489;-23.8996912061019;7.51616651103594;"T21";1.5944205224514;1;2;2;"S-3";2;"S-1"
-21.3454170364815;1.93713415313104;-28.060186593266;7.94525954937928;"T21";1.78345602471381;1;2;2;"S-3";2;"S-1"
-21.408685796965;1.85418022727057;-28.5559986839226;7.99025536898331;"T21";1.80668405955657;1;2;2;"S-3";2;"S-1"
-21.4832384745265;1.86706787735266;-29.7360195383229;8.09245553936024;"T21";1.86180284945294;1;2;2;"S-3";2;"S-1"
-21.420921718304;1.94328545351134;-30.0847614296526;8.1227640416636;"T21";1.8780360580422;1;2;2;"S-3";2;"S-1"
-21.5428447523923;1.97296437016454;-30.4022877411004;8.15156972380269;"T21";1.89285924425349;1;2;2;"S-3";2;"S-1"
-21.8366526933294;1.92093344936731;-32.0074726243562;8.29857781946464;"T21";1.96737052174285;1;2;2;"S-3";2;"S-1"
-20.9762522923933;2.28035717396432;-36.7986715335732;8.72005149386614;"T21";2.18678138917312;1;2;2;"S-3";2;"S-1"
-21.0345182380936;2.31736046808724;-36.8890845090804;8.72988041251393;"T21";2.1910916431807;1;2;2;"S-3";2;"S-1"
-20.8698244684197;2.40993981014393;-39.0899076487672;8.97234379976307;"T21";2.29572076350451;1;2;2;"S-3";2;"S-1"
-20.7173392555314;2.54449306839528;-39.7881682154541;9.05297533262808;"T21";2.32917866669595;1;2;2;"S-3";2;"S-1"
-20.9254276355973;2.62187537447056;-43.145985605336;9.46538075632217;"T21";2.49125630361959;1;2;2;"S-3";2;"S-1"
-21.0782242976678;2.80627858799957;-44.6017784473829;9.6477859845145;"T21";2.56082682171836;1;2;2;"S-3";2;"S-1"
-20.9767653227976;2.84555750993031;-45.0201345729028;9.70348440676418;"T21";2.58067460963503;1;2;2;"S-3";2;"S-1"
-20.9098952778784;2.85795072528767;-45.2514123755315;9.73485789443127;"T21";2.59170003701001;1;2;2;"S-3";2;"S-1"
-21.3183849400083;2.73394415539658;-49.7599290289634;10.3510789834617;"T21";2.80731645179912;1;2;2;"S-3";2;"S-1"
-21.2121847582265;2.29685604170107;-54.6786333509405;10.9818708080317;"T21";3.03804238792509;1;2;2;"S-3";2;"S-1"
-21.1875619447628;2.35610703325001;-54.8024354194288;10.9952760999535;"T21";3.04387875366956;1;2;2;"S-3";2;"S-1"
-22.1167608609355;2.19802656754135;-60.630109087282;11.6433272042812;"T21";3.31893039401621;1;2;2;"S-3";2;"S-1"
-21.9271197276632;2.21541655146256;-61.1060450647822;11.6906270747085;"T21";3.34044963819906;1;2;2;"S-3";2;"S-1"
-21.9954603132693;2.23017948917408;-61.3098802539652;11.7112216560988;"T21";3.34974566940218;1;2;2;"S-3";2;"S-1"
-21.8759167587583;2.19281829398653;-61.8073660456003;11.7616630923251;"T21";3.37236332707107;1;2;2;"S-3";2;"S-1"
-21.9481328903319;2.3116895297553;-62.8634565067136;11.8675244607318;"T21";3.42063972493634;1;2;2;"S-3";2;"S-1"
-21.6558330605578;2.26439273211329;-63.8416574890026;11.9705535876308;"T21";3.46520848106593;1;2;2;"S-3";2;"S-1"
-21.6161847797756;2.32850165193478;-63.9564541946432;11.9825570430138;"T21";3.47050944110379;1;2;2;"S-3";2;"S-1"
-21.5911801081706;2.29044489278658;-64.4673423941753;12.0375900670504;"T21";3.49414396332577;1;2;2;"S-3";2;"S-1"
-21.4775350088676;2.10583887083563;-65.095060339361;12.1041799132032;"T21";3.52321685058996;1;2;2;"S-3";2;"S-1"
-21.6005458666891;2.17996933924293;-65.7251080012295;12.1659551055749;"T21";3.55255204485729;1;2;2;"S-3";2;"S-1"
-21.7691914770238;2.19141916265548;-66.8576126245574;12.2802496873249;"T21";3.60498148947954;1;2;2;"S-3";2;"S-1"
-21.5406524725734;2.29647987714474;-67.3722939561425;12.3320606392331;"T21";3.62862413749099;1;2;2;"S-3";2;"S-1"
-21.6046431948091;2.38790864882388;-67.676425208414;12.3644845085538;"T21";3.64274308085442;1;2;2;"S-3";2;"S-1"
-21.8863599136202;1.9950009118744;-68.825582666548;12.491498086533;"T21";3.69593338109553;1;2;2;"S-3";2;"S-1"
-21.8132335939913;2.04351579084806;-69.7147033168456;12.5725438390068;"T21";3.73655779985711;1;2;2;"S-3";2;"S-1"
-21.7514775742584;2.01141915887605;-69.8618051138123;12.5863246864757;"T21";3.74330149497837;1;2;2;"S-3";2;"S-1"
-21.6167230949503;2.06551293291617;-70.6796294215223;12.6619511571606;"T21";3.78090005833656;1;2;2;"S-3";2;"S-1"
-21.4850199047716;2.16374763885668;-71.607350997525;12.7505964576052;"T21";3.82381690433249;1;2;2;"S-3";2;"S-1"
-21.4539826452229;2.16652171624615;-72.3939758403218;12.8298171264159;"T21";3.86042961617932;1;2;2;"S-3";2;"S-1"
-21.5069491458807;2.18032441957878;-72.7097416576514;12.8617046091181;"T21";3.87514790054411;1;2;2;"S-3";2;"S-1"
-21.6110386624355;2.09827350367271;-74.4642328406556;13.0395708394371;"T21";3.95672577433288;1;2;2;"S-3";2;"S-1"
-21.9345556615746;2.08274086195283;-75.0276386696884;13.0942734171956;"T21";3.98279605433345;1;2;2;"S-3";2;"S-1"
-21.8609722762198;2.11262905266361;-76.2502116776969;13.2103597788154;"T21";4.03853335883468;1;2;2;"S-3";2;"S-1"
-21.6775543461348;2.34694913007081;-77.3807773913839;13.3196168577093;"T21";4.0902495267801;1;2;2;"S-3";2;"S-1"
-21.4531774165861;2.04157224687316;-78.7298891232286;13.4656802260609;"T21";4.1524849482812;1;2;2;"S-3";2;"S-1"
-21.448369064698;2.09562524951044;-79.4299388551242;13.5322998263335;"T21";4.18511646566913;1;2;2;"S-3";2;"S-1"
-21.7338083825636;1.80933362203188;-80.6025475989432;13.6468702388404;"T21";4.23978769686073;1;2;2;"S-3";2;"S-1"
-21.2431520178291;2.31879140497939;-85.0235544065692;14.0149178501687;"T21";4.44320380920544;1;2;2;"S-3";2;"S-1"
-21.502181737795;2.25969321338396;-86.6273301267972;14.1899776224877;"T21";4.5186999370344;1;2;2;"S-3";2;"S-1"
-21.5582958776993;2.18026776109252;-86.8885716089289;14.2174318413864;"T21";4.53084947075695;1;2;2;"S-3";2;"S-1"
-21.7286827853883;2.27097144368365;-87.2858297786124;14.2576079844871;"T21";4.54927663085982;1;2;2;"S-3";2;"S-1"
-21.1786259761383;2.08287129782642;-93.7693571259077;14.9352332968669;"T21";4.84766229055822;1;2;2;"S-3";2;"S-1"
-21.1495712056341;2.16826989308281;-95.1133464452381;15.0674116912997;"T21";4.91112199379131;1;2;2;"S-3";2;"S-1"
-21.1769509040851;2.157857582495;-95.2273011533525;15.0790944133926;"T21";4.9165100324899;1;2;2;"S-3";2;"S-1"
-20.7954216551047;2.19116663330048;-96.3506803895377;15.1935628472006;"T21";4.96955729322508;1;2;2;"S-3";2;"S-1"
-20.7116119705412;2.26311842718435;-96.7956549625544;15.2404488134115;"T21";4.99095501145348;1;2;2;"S-3";2;"S-1"
-20.6964921606563;2.25417176633302;-96.8644655375233;15.2479676139963;"T21";4.99427733011544;1;2;2;"S-3";2;"S-1"
-20.7026595706311;2.25074541462663;-97.1780956770429;15.2821268425307;"T21";5.00943111255765;1;2;2;"S-3";2;"S-1"
-20.491934546329;2.37374159175554;-97.8972563555042;15.3603123333322;"T21";5.04416871117428;1;2;2;"S-3";2;"S-1"
-20.9068376151154;2.74968101486685;-101.806535815643;15.8131548518044;"T21";5.23494032677263;1;2;2;"S-3";2;"S-1"
-20.5980272470968;3.08387860405376;-102.72544919346;15.9340109428023;"T21";5.27889309450984;1;2;2;"S-3";2;"S-1"
-20.5190373993486;3.06456545077667;-102.978792949804;15.9719408562007;"T21";5.29119251295924;1;2;2;"S-3";2;"S-1"
-20.615623073367;2.96706775865543;-103.236409873297;16.010416536512;"T21";5.30374753288925;1;2;2;"S-3";2;"S-1"
-20.6497966049882;2.87968331466794;-104.983692271596;16.2618911221119;"T21";5.3885027882643;1;2;2;"S-3";2;"S-1"
-20.811604606389;2.59861999411988;-107.082401409964;16.5545631422634;"T21";5.49013619311154;1;2;2;"S-3";2;"S-1"
-20.6500331680697;3.01347163034733;-108.105666375513;16.6823320889183;"T21";5.53930419264361;1;2;2;"S-3";2;"S-1"
-21.0668098553378;2.7575376290122;-109.100720921897;16.8275409910916;"T21";5.58749077608809;1;2;2;"S-3";2;"S-1"
-21.099649142502;2.79641749184968;-109.992219922419;16.9442336492134;"T21";5.62980847898871;1;2;2;"S-3";2;"S-1"
-21.2903509144675;2.84368077225166;-110.470034326677;17.0075602263001;"T21";5.65245408797637;1;2;2;"S-3";2;"S-1"
-21.233862573241;2.96788089618532;-110.683719200327;17.0361013982592;"T21";5.66249078838155;1;2;2;"S-3";2;"S-1"
-21.4916893002787;3.08077566096897;-111.391097965197;17.134972525233;"T21";5.69580449955538;1;2;2;"S-3";2;"S-1"
-21.3078044427683;2.96633160748841;-119.129997213413;18.2443228472799;"T21";6.05589249171317;1;2;2;"S-3";2;"S-1"
-21.5665453279047;3.02900567421102;-120.220469493116;18.396131185819;"T21";6.10706962179393;1;2;2;"S-3";2;"S-1"
-21.8801714284956;3.06508066091422;-121.193908913985;18.5328500475783;"T21";6.15220617037266;1;2;2;"S-3";2;"S-1"
-21.5936763546759;3.00643932648571;-123.063769998452;18.794789268088;"T21";6.23766533099115;1;2;2;"S-3";2;"S-1"
-21.5047878145172;3.35519385368686;-124.704889328527;19.0232786467539;"T21";6.31366532761604;1;2;2;"S-3";2;"S-1"
-21.6673432661609;3.33038556834232;-125.228527138266;19.1049770283399;"T21";6.33801515214145;1;2;2;"S-3";2;"S-1"
-21.5438174073508;3.1684732405401;-126.586557262162;19.3137134604182;"T21";6.4006915083155;1;2;2;"S-3";2;"S-1"
-21.7805594401008;3.07896259118783;-127.319000464517;19.4214346986277;"T21";6.43468934576958;1;2;2;"S-3";2;"S-1"
-21.9393346011884;2.985801855304;-128.118846001446;19.5345031665753;"T21";6.47141225636005;1;2;2;"S-3";2;"S-1"
-21.7086934175117;2.86914819773728;-131.642527908527;20.0140535343013;"T21";6.63202250143513;1;2;2;"S-3";2;"S-1"
-22.0237742099744;2.81606026284643;-132.238968819273;20.0928826619329;"T21";6.65949725080281;1;2;2;"S-3";2;"S-1"
-21.9926999529526;2.08645798225803;-134.962132064437;20.4410787399909;"T21";6.78314378019422;1;2;2;"S-3";2;"S-1"
-21.456220782047;2.42860231565312;-136.858970537887;20.6210327148303;"T21";6.86939232982695;1;2;2;"S-3";2;"S-1"
-21.5385253121201;2.12640223333885;-139.813648770384;20.9554689825376;"T21";7.00709962984547;1;2;2;"S-3";2;"S-1"
-21.8674630102773;1.97723669900726;-140.965523081316;21.0691883793765;"T21";7.06057935021818;1;2;2;"S-3";2;"S-1"
-21.9205019021301;1.94352891240674;-142.687746811631;21.2249103285517;"T21";7.13933671358973;1;2;2;"S-3";2;"S-1"
-21.7848360219462;2.01362565949265;-144.182523087499;21.3574410946218;"T21";7.20752750057727;1;2;2;"S-3";2;"S-1"
-21.0833941333645;2.07812919000761;-147.069614828621;21.624302043466;"T21";7.34005508711562;1;2;2;"S-3";2;"S-1"
-21.1162234885046;2.18005937377788;-147.373666931176;21.6542715799461;"T21";7.35447648912668;1;2;2;"S-3";2;"S-1"
-20.4130767168912;2.6679378907662;-150.187508716766;21.944775332397;"T21";7.48773146187887;1;2;2;"S-3";2;"S-1"
-20.6173547155737;2.29509209492809;-151.674596519563;22.1391339756825;"T21";7.56058122497052;1;2;2;"S-3";2;"S-1"
-20.9186732392317;1.89352938424785;-153.030665708551;22.2900895041078;"T21";7.62635441496968;1;2;2;"S-3";2;"S-1"
-21.2268828725963;2.09736587949824;-153.918022128098;22.3704117805495;"T21";7.66877376008779;1;2;2;"S-3";2;"S-1"
-21.226596283978;2.3346847933726;-157.898223201485;22.7636837449245;"T21";7.85628132289276;1;2;2;"S-3";2;"S-1"
-21.2752841243638;2.56360822524782;-162.236731833816;23.2408704777529;"T21";8.06067154044285;1;2;2;"S-3";2;"S-1"
-21.277008805804;2.5741579460933;-162.321924763416;23.2511359714487;"T21";8.06467585498467;1;2;2;"S-3";2;"S-1"
-21.3578579375391;2.77805299507052;-163.85385282496;23.4364733385786;"T21";8.13667507609352;1;2;2;"S-3";2;"S-1"
-21.4642701364344;2.82782989761947;-164.776853980451;23.5565296725032;"T21";8.17989107454196;1;2;2;"S-3";2;"S-1"
-21.7750651185379;2.72968965666056;-165.528703113219;23.6555827240455;"T21";8.21491901297122;1;2;2;"S-3";2;"S-1"
-21.7819085396488;2.17753942403289;-169.956031911029;24.2105860528635;"T21";8.4182400489226;1;2;2;"S-3";2;"S-1"
-20.9523149511983;2.89701383162984;-175.507740785715;24.7655909057843;"T21";8.67311711190268;1;2;2;"S-3";2;"S-1"
-21.5824023126459;2.07736101021107;-183.039768025482;25.8070217521915;"T21";9.03260136255994;1;2;2;"S-3";2;"S-1"
-21.6702983680316;2.48142828948179;-186.945154315043;26.1829250965098;"T21";9.21355370664969;1;2;2;"S-3";2;"S-1"
-21.564286301269;2.58099382033809;-187.481648639792;26.2443581313472;"T21";9.23831083346158;1;2;2;"S-3";2;"S-1"
-22.0849071080839;2.64727659059639;-188.194676065967;26.3296992066315;"T21";9.27137603284791;1;2;2;"S-3";2;"S-1"
-22.1359930257425;2.68577787795035;-188.435574359382;26.3585752353941;"T21";9.28228385746479;1;2;2;"S-3";2;"S-1"
-22.3447439904489;2.38417669096255;-189.488100137807;26.4862790365463;"T21";9.32983201928437;1;2;2;"S-3";2;"S-1"
-22.0214104352783;2.45012138491997;-192.274518734173;26.7835889664144;"T21";9.45453331805766;1;2;2;"S-3";2;"S-1"
-22.0475972288093;2.48556761222981;-194.340438091691;27.0134449609816;"T21";9.54834744334221;1;2;2;"S-3";2;"S-1"
-21.6683201804615;2.38158282999073;-197.59326961894;27.3801576058228;"T21";9.69588422449306;1;2;2;"S-3";2;"S-1"
-22.0555335344384;1.61011985233229;-202.375237413696;27.9057476053572;"T21";9.91657358827069;1;2;2;"S-3";2;"S-1"
-22.2330395534067;1.60542944863808;-203.062076093122;27.9558888813035;"T21";9.94771491969004;1;2;2;"S-3";2;"S-1"
-21.6599122886719;1.39084933261057;-204.664924543092;28.0716292458679;"T21";10.0198080064729;1;2;2;"S-3";2;"S-1"
-21.81571356658;1.522473249654;-204.892687441444;28.0862545994217;"T21";10.030323418323;1;2;2;"S-3";2;"S-1"
-21.7576540230026;1.50955453198151;-205.047160123567;28.0970349264377;"T21";10.0374042172916;1;2;2;"S-3";2;"S-1"
-21.5917775594377;1.69909288745736;-205.944878139133;28.159318952896;"T21";10.0786640890874;1;2;2;"S-3";2;"S-1"
-21.5726592221195;1.7162318713063;-205.983536261546;28.1623610248446;"T21";10.0804544985294;1;2;2;"S-3";2;"S-1"
-21.1497626210748;2.26521324997785;-209.36662762754;28.4315058329129;"T21";10.2372776018456;1;2;2;"S-3";2;"S-1"
-21.0255076463675;2.48315355732044;-209.744051093052;28.4719292007893;"T21";10.2551228832453;1;2;2;"S-3";2;"S-1"
-20.9858032270601;2.3731028089425;-210.167202324799;28.5219041885076;"T21";10.2752484963275;1;2;2;"S-3";2;"S-1"
-21.0344963752252;2.31405566099142;-210.222614550843;28.528170277437;"T21";10.277888958808;1;2;2;"S-3";2;"S-1"
-20.8369867996957;2.32175582228581;-211.532196025847;28.6722404929393;"T21";10.3401477099396;1;2;2;"S-3";2;"S-1"
-20.7814550313347;2.36334461289852;-211.66725202055;28.6872890719421;"T21";10.3466292610392;1;2;2;"S-3";2;"S-1"
-20.9923056850164;2.31883796436985;-214.360527810886;28.9935784448731;"T21";10.4762292234227;1;2;2;"S-3";2;"S-1"
-21.0277392534612;2.52247446709117;-215.333951125757;29.1011040769687;"T21";10.5225997045636;1;2;2;"S-3";2;"S-1"
-21.3428311635303;2.32526757035944;-216.402075881155;29.2292356554843;"T21";10.5733956908807;1;2;2;"S-3";2;"S-1"
-20.7892933524215;2.82470159679645;-220.460407617294;29.6713844549336;"T21";10.7635453343391;1;2;2;"S-3";2;"S-1"
-20.7972670843751;2.79987257413107;-220.506303175542;29.6776204175742;"T21";10.7657529879361;1;2;2;"S-3";2;"S-1"
-20.834841516068;2.77659536519603;-221.455396227903;29.8053939176606;"T21";10.8113884576596;1;2;2;"S-3";2;"S-1"
-21.0087644860604;2.65662096572089;-223.020062051423;30.0139121283855;"T21";10.8864869805984;1;2;2;"S-3";2;"S-1"
-21.2175430586035;2.88715810209332;-224.28363195105;30.1736943130651;"T21";10.9466318739578;1;2;2;"S-3";2;"S-1"
-21.4972637675671;2.89444539151859;-224.968107197922;30.2668336671002;"T21";10.9788917470723;1;2;2;"S-3";2;"S-1"
-22.1772555286017;2.28462537512095;-227.69639401705;30.634177032086;"T21";11.1058049602434;1;2;2;"S-3";2;"S-1"
-21.8332673505712;1.82239548989711;-232.201553186613;31.098283194567;"T21";11.3089481834322;1;2;2;"S-3";2;"S-1"
-21.5880550489393;2.02601597889564;-233.064882735326;31.1703442310857;"T21";11.3484901143238;1;2;2;"S-3";2;"S-1"
-21.6244098211754;2.01429820651334;-235.185138920286;31.3693280163476;"T21";11.4467044360936;1;2;2;"S-3";2;"S-1"
-21.5221057385241;1.99218356739857;-237.437810618998;31.5791627632888;"T21";11.5508770686574;1;2;2;"S-3";2;"S-1"
-21.9917254524072;1.85871809674756;-239.358811235653;31.7569792793843;"T21";11.6401341627352;1;2;2;"S-3";2;"S-1"
-21.6628321761969;1.91145980692724;-241.309741241525;31.921869884046;"T21";11.7288461653516;1;2;2;"S-3";2;"S-1"
-21.0517511513916;2.02889237593244;-243.144712852789;32.0837819762994;"T21";11.8135521537624;1;2;2;"S-3";2;"S-1"
-20.6458954979294;2.39177625532648;-248.158087342465;32.5669530534536;"T21";12.0516974013299;1;2;2;"S-3";2;"S-1"
-20.5899052228354;2.2754154948787;-248.626004529786;32.6211601096796;"T21";12.0743613340892;1;2;2;"S-3";2;"S-1"
-20.6631965563364;2.27009849506126;-248.963662610515;32.6584751152878;"T21";12.0907605392858;1;2;2;"S-3";2;"S-1"
-21.0419025601792;2.52057353287419;-250.678528302327;32.8468735567196;"T21";12.1737518464215;1;2;2;"S-3";2;"S-1"
-20.9778413350156;2.57911456850668;-250.746689643186;32.8550384872075;"T21";12.176991160959;1;2;2;"S-3";2;"S-1"
-21.1652102258585;2.7973574437004;-251.745618828255;32.9778515437547;"T21";12.22460946301;1;2;2;"S-3";2;"S-1"
-21.1639785561816;2.78606556728872;-251.782013657619;32.9826617651391;"T21";12.2263290220872;1;2;2;"S-3";2;"S-1"
-20.9385920586733;2.57396917550218;-252.97922444598;33.1402648238166;"T21";12.2828973457217;1;2;2;"S-3";2;"S-1"
-21.2759901124734;2.57442827154267;-254.579249513091;33.3369549924409;"T21";12.3593124677427;1;2;2;"S-3";2;"S-1"
-21.981726485375;2.28815042157842;-256.99066655021;33.6287402471821;"T21";12.472652294673;1;2;2;"S-3";2;"S-1"
-21.4067843970152;2.54805428865579;-258.05139247468;33.7391547077055;"T21";12.5209071906283;1;2;2;"S-3";2;"S-1"
-21.4758365044725;2.51174439605317;-258.364756790758;33.7764545316624;"T21";12.5355457421392;1;2;2;"S-3";2;"S-1"
-21.43509586718;2.44225500542097;-258.872820198781;33.8358759850562;"T21";12.5592031865381;1;2;2;"S-3";2;"S-1"
-21.5380096072455;2.50904738330473;-258.990390972867;33.8492716709576;"T21";12.5646881526336;1;2;2;"S-3";2;"S-1"
-21.7160936821185;2.3909157655832;-259.15227905674;33.8681306500665;"T21";12.572204542812;1;2;2;"S-3";2;"S-1"
-21.7297514749827;2.28923174389592;-260.010489939835;33.9626186349049;"T21";12.6117241219617;1;2;2;"S-3";2;"S-1"
-21.6913256562521;2.33159297862804;-262.16209145199;34.1892900944249;"T21";12.7107405103743;1;2;2;"S-3";2;"S-1"
-21.7439410427438;2.45411957276001;-262.484152011076;34.2239082708405;"T21";12.7255879458971;1;2;2;"S-3";2;"S-1"
-21.842111702457;2.54932677656046;-262.768309261442;34.2559795438675;"T21";12.7386562875472;1;2;2;"S-3";2;"S-1"
-21.7935095185684;2.59858270395056;-263.731189853633;34.3683632414578;"T21";12.7827399643138;1;2;2;"S-3";2;"S-1"
-21.4868763961648;2.26370543523577;-268.959219098501;34.9917353679107;"T21";13.0226292414591;1;2;2;"S-3";2;"S-1"
-21.457250250927;2.21762520838606;-269.217868279499;35.0189848175771;"T21";13.034666783642;1;2;2;"S-3";2;"S-1"
-21.0978051492498;2.34205615813714;-270.860756528492;35.1887787265319;"T21";13.1112324306741;1;2;2;"S-3";2;"S-1"
-21.0951426244478;2.43259768657518;-271.09715395463;35.2150210794089;"T21";13.1224372657016;1;2;2;"S-3";2;"S-1"
-21.2106175629307;2.2345478918282;-272.817040767561;35.4133507497406;"T21";13.2039672578685;1;2;2;"S-3";2;"S-1"
-21.1868157127517;2.21314657375486;-273.154844277049;35.4489384980812;"T21";13.2198934094049;1;2;2;"S-3";2;"S-1"
-21.5574072028466;2.02007755296246;-274.534497798586;35.593055268886;"T21";13.2850119029172;1;2;2;"S-3";2;"S-1"
-21.8778103756641;1.81415174584492;-278.297526972057;35.9456770240416;"T21";13.4595704264939;1;2;2;"S-3";2;"S-1"
-21.8684961985909;1.79019919537954;-279.26011517035;36.025496760591;"T21";13.5035688057542;1;2;2;"S-3";2;"S-1"
-21.9160469672827;1.81614748214045;-279.866691792554;36.0751523460114;"T21";13.5313062695786;1;2;2;"S-3";2;"S-1"
-21.9587784796348;1.83605671324095;-280.048152940479;36.0901897388132;"T21";13.539586099796;1;2;2;"S-3";2;"S-1"
-22.0762174944339;1.75404230604025;-280.756672766304;36.1494317674113;"T21";13.5718520032242;1;2;2;"S-3";2;"S-1"
-21.6241437625167;1.52613084453724;-283.305126515063;36.3519164408585;"T21";13.6872908798978;1;2;2;"S-3";2;"S-1"
-21.6249469242899;1.47920230549832;-283.641762873447;36.3756746592447;"T21";13.702858495526;1;2;2;"S-3";2;"S-1"
-21.2251076532765;1.73529512459098;-285.758122922381;36.5204391608459;"T21";13.800725096371;1;2;2;"S-3";2;"S-1"
-21.2430661118342;1.75851561040187;-286.30671904011;36.5652905785167;"T21";13.8265716610476;1;2;2;"S-3";2;"S-1"
-21.3742088338725;1.71884014423608;-286.422775072269;36.5748977766094;"T21";13.8320349040441;1;2;2;"S-3";2;"S-1"
-21.0003848438539;1.71182173275905;-287.456038072984;36.6579892228934;"T21";13.8803764828481;1;2;2;"S-3";2;"S-1"
-20.9355078031751;1.64103409335295;-291.653096443499;37.0001075119499;"T21";14.0802327427082;1;2;2;"S-3";2;"S-1"
-20.6404015350084;1.99352811685466;-294.37230279196;37.2132530619235;"T21";14.2101176432334;1;2;2;"S-3";2;"S-1"
-20.6029929658729;2.02732782082703;-294.565260778649;37.2318896747425;"T21";14.2194662010297;1;2;2;"S-3";2;"S-1"
-20.4937487740834;2.64879948415879;-297.617456488893;37.532224741994;"T21";14.3676095176488;1;2;2;"S-3";2;"S-1"
-20.502081689162;2.86048392623193;-299.461006334352;37.7705019812392;"T21";14.4575662096031;1;2;2;"S-3";2;"S-1"
-20.0894560695425;2.83654418612601;-300.448889597539;37.908333067769;"T21";14.5057507441379;1;2;2;"S-3";2;"S-1"
-20.3876277915201;2.84598762084089;-303.125775977752;38.2862978305992;"T21";14.6389990695752;1;2;2;"S-3";2;"S-1"
-20.14680117236;2.91404502623113;-303.941062060351;38.400106760321;"T21";14.6789883263409;1;2;2;"S-3";2;"S-1"
-20.1459767468333;2.9037368072481;-304.064268779225;38.4179274517182;"T21";14.6851037745364;1;2;2;"S-3";2;"S-1"
-20.6321773684215;2.70992134717776;-305.448930128596;38.6175053712338;"T21";14.753835182637;1;2;2;"S-3";2;"S-1"
-20.6211488726317;2.71704629508679;-305.562504284445;38.6324227027363;"T21";14.7593398927711;1;2;2;"S-3";2;"S-1"
-20.777991775475;2.60346675575517;-305.978436504415;38.6872260070651;"T21";14.7795100696385;1;2;2;"S-3";2;"S-1"
-20.9104683371213;2.64616258079417;-306.690422672184;38.7764373388615;"T21";14.8137764306739;1;2;2;"S-3";2;"S-1"
-21.4307029335017;2.31247878628276;-307.364313775261;38.861716414956;"T21";14.8460038821213;1;2;2;"S-3";2;"S-1"
-21.2511480634273;2.40655796794017;-307.845322953882;38.9136196831325;"T21";14.868448744528;1;2;2;"S-3";2;"S-1"
-21.6805136622299;2.36196719766922;-308.615723509969;39.000862668369;"T21";14.9047009297647;1;2;2;"S-3";2;"S-1"
-21.7244733018737;2.11377839051311;-315.193977379164;39.7175255712433;"T21";15.2081187348813;1;2;2;"S-3";2;"S-1"
-21.8375736021298;2.294743834852;-317.409280772143;39.9330732798317;"T21";15.3100914438255;1;2;2;"S-3";2;"S-1"
-21.5509366023415;2.42101489993111;-318.948840925533;40.0948538986285;"T21";15.3805919573642;1;2;2;"S-3";2;"S-1"
-21.2299202474433;2.25314664783522;-321.736381217319;40.4080039349865;"T21";15.5099385534413;1;2;2;"S-3";2;"S-1"
-21.3350146343455;2.27764106132629;-325.409395462936;40.797823568716;"T21";15.682949766051;1;2;2;"S-3";2;"S-1"
-21.3274667538744;2.6267278345839;-326.734516605925;40.9392882163026;"T21";15.7450599246658;1;2;2;"S-3";2;"S-1"
-21.8233579981638;2.04723948443383;-328.855667011865;41.2005327830822;"T21";15.8445162000135;1;2;2;"S-3";2;"S-1"
-21.8549137146063;1.97755934500134;-329.069121910968;41.2205568920038;"T21";15.8542972290888;1;2;2;"S-3";2;"S-1"
-21.6818046690877;2.11594889847231;-330.933397900799;41.3892473958188;"T21";15.9395996015519;1;2;2;"S-3";2;"S-1"
-22.1199031875337;2.26737920823312;-333.735983566867;41.6627545205023;"T21";16.068859398365;1;2;2;"S-3";2;"S-1"
-21.9803512288656;2.19149128149012;-334.360102546401;41.726729230774;"T21";16.0970746655948;1;2;2;"S-3";2;"S-1"
-22.0075468445696;2.12818696341876;-334.495383554456;41.7402170566334;"T21";16.1032292991877;1;2;2;"S-3";2;"S-1"
-21.9132091209356;2.13665290130612;-334.985361361191;41.7875991836838;"T21";16.1254933802411;1;2;2;"S-3";2;"S-1"
-21.3391587602727;1.90012141966677;-342.311252697104;42.5019120390555;"T21";16.4598073228262;1;2;2;"S-3";2;"S-1"
-21.3174277722989;1.81919746087647;-342.646129001018;42.5317307233417;"T21";16.4755003643222;1;2;2;"S-3";2;"S-1"
-21.0455301063678;1.99810970254099;-344.536584802569;42.693059399147;"T21";16.564181598369;1;2;2;"S-3";2;"S-1"
-21.262270748559;1.9680223539229;-345.194424327701;42.755516155106;"T21";16.5954395197332;1;2;2;"S-3";2;"S-1"
-21.3078604463771;1.98003008728775;-347.051829255669;42.9274363823365;"T21";16.6827963665128;1;2;2;"S-3";2;"S-1"
-20.8924034512566;2.08789371545211;-347.933539359192;43.0093691759943;"T21";16.7241759365425;1;2;2;"S-3";2;"S-1"
-21.0797010087198;2.08314719903553;-348.484075893835;43.0643873443677;"T21";16.7505269753747;1;2;2;"S-3";2;"S-1"
-20.8342704710801;2.18367429996081;-349.247516085083;43.13983235639;"T21";16.7867438169196;1;2;2;"S-3";2;"S-1"
-20.8867499741205;2.12673787903757;-349.550185282879;43.1715556149286;"T21";16.8012712849304;1;2;2;"S-3";2;"S-1"
-20.7884014398263;1.9287879619195;-351.707385002912;43.3912067508367;"T21";16.9045520597138;1;2;2;"S-3";2;"S-1"
-20.9272137618166;2.30269604314533;-354.953818696183;43.6924171274438;"T21";17.0607176842168;1;2;2;"S-3";2;"S-1"
-20.8078973383132;2.82846819801494;-358.79632656262;44.1152219862513;"T21";17.2443306539208;1;2;2;"S-3";2;"S-1"
-20.5157667237122;2.91397208619648;-360.610515057931;44.3618290499426;"T21";17.3315181513317;1;2;2;"S-3";2;"S-1"
-20.5509768151706;3.2250577744145;-361.260491978252;44.4541490021041;"T21";17.3631999758072;1;2;2;"S-3";2;"S-1"
-20.6729825240998;3.18568169495716;-363.203552825859;44.7590728774552;"T21";17.457748320885;1;2;2;"S-3";2;"S-1"
-20.9816741631581;2.99454219030444;-369.396246284736;45.7133594769543;"T21";17.7573032327928;1;2;2;"S-3";2;"S-1"
-21.0119340342185;3.03673306056973;-369.570256034543;45.7381944607249;"T21";17.7655966486782;1;2;2;"S-3";2;"S-1"
-20.9803272527455;3.05612728758991;-370.063003337756;45.8094083729586;"T21";17.7890474791639;1;2;2;"S-3";2;"S-1"
-20.9438807424184;3.13710998574925;-371.15126779339;45.9679318630315;"T21";17.840918188449;1;2;2;"S-3";2;"S-1"
-20.9433501598894;3.15931956491737;-371.509841221434;46.0216413114176;"T21";17.8580388659611;1;2;2;"S-3";2;"S-1"
-20.7850512682692;3.29616018148714;-372.46840371419;46.1662411588365;"T21";17.9038081667386;1;2;2;"S-3";2;"S-1"
-21.1474138180508;3.45166338326716;-375.258923109297;46.6087706862888;"T21";18.0380642414093;1;2;2;"S-3";2;"S-1"
-21.1409683045987;3.33035034147342;-375.878859219015;46.7099561451014;"T21";18.0673792259768;1;2;2;"S-3";2;"S-1"
-21.2098581735384;3.28812319721024;-376.319400975137;46.7793549714369;"T21";18.0882175220177;1;2;2;"S-3";2;"S-1"
-21.1742900599972;3.40199161590639;-378.810502971152;47.1655456848634;"T21";18.205667717848;1;2;2;"S-3";2;"S-1"
-21.3605424239253;3.5172001963453;-379.808601775223;47.3259063748168;"T21";18.2528050150722;1;2;2;"S-3";2;"S-1"
-21.3068258708905;3.36875188294248;-381.147890629701;47.5464320023242;"T21";18.3155042119324;1;2;2;"S-3";2;"S-1"
-21.6502837385655;3.47540795517273;-382.881261489001;47.8204895452678;"T21";18.3968570549041;1;2;2;"S-3";2;"S-1"
-21.8235989656646;3.35704370642354;-383.441611644785;47.9104396545879;"T21";18.4227389399894;1;2;2;"S-3";2;"S-1"
-21.9085753230235;3.25593072914249;-384.110657909362;48.0133565728899;"T21";18.4533959487453;1;2;2;"S-3";2;"S-1"
-21.9738752253779;2.67261618328165;-386.270900692832;48.334399851944;"T21";18.5519985621795;1;2;2;"S-3";2;"S-1"
-22.0194504430045;2.628165799894;-386.451229048589;48.3563326460897;"T21";18.5602050507441;1;2;2;"S-3";2;"S-1"
-21.6685324968151;2.39412832267898;-389.624144253934;48.7350408818032;"T21";18.7043010722846;1;2;2;"S-3";2;"S-1"
-21.4920601032065;2.64838304348713;-390.509645288747;48.8328787537273;"T21";18.7451668316498;1;2;2;"S-3";2;"S-1"
-21.182703303024;2.83037542839925;-391.523307882584;48.9577884558426;"T21";18.7923313467763;1;2;2;"S-3";2;"S-1"
-21.3664062629317;2.60238649061619;-392.196908180872;49.0477931028209;"T21";18.8241308904253;1;2;2;"S-3";2;"S-1"
-21.4010903799659;2.61537813467254;-392.461695936236;49.0800437335055;"T21";18.8365236041136;1;2;2;"S-3";2;"S-1"
-21.4882632000459;2.83329655472819;-394.336563074321;49.3091669431786;"T21";18.9241297543049;1;2;2;"S-3";2;"S-1"
-21.5200738809079;2.70565458877623;-395.030070655393;49.400608146306;"T21";18.9564035390504;1;2;2;"S-3";2;"S-1"
-21.6879393982074;2.52989565025501;-396.669136890609;49.60668304666;"T21";19.0325680654496;1;2;2;"S-3";2;"S-1"
-21.5799323869571;2.80848927749524;-398.711295883642;49.8449006596265;"T21";19.1267291083932;1;2;2;"S-3";2;"S-1"
-20.9740342994369;2.98553737475479;-402.765025353522;50.3724674539;"T21";19.3145762896165;1;2;2;"S-3";2;"S-1"
-20.8358410498896;3.14939891897498;-403.753546197955;50.5131779097258;"T21";19.361706986092;1;2;2;"S-3";2;"S-1"
-21.1690277697424;3.07019806405352;-405.547832369741;50.7843895645;"T21";19.4478223565966;1;2;2;"S-3";2;"S-1"
-21.2040416061212;3.16029201768824;-405.88794976877;50.8337176579491;"T21";19.4638891029172;1;2;2;"S-3";2;"S-1"
-21.0956014077209;3.1574236344389;-406.108964954075;50.8666581953655;"T21";19.4743123603985;1;2;2;"S-3";2;"S-1"
-21.1390896685189;3.27441947198517;-407.896991154054;51.1342758884426;"T21";19.5590706076473;1;2;2;"S-3";2;"S-1"
-21.5168572081385;2.9230468934778;-409.525802407129;51.386576785354;"T21";19.6361227077432;1;2;2;"S-3";2;"S-1"
-21.4095902012544;3.09463261919397;-410.224541740035;51.4814999340576;"T21";19.6685967501253;1;2;2;"S-3";2;"S-1"
-21.5170832916824;3.14512217705077;-411.98852794654;51.7364739528568;"T21";19.7509890887886;1;2;2;"S-3";2;"S-1"
-22.1360105325305;2.80061273180718;-412.895671038468;51.8690697985626;"T21";19.7931482922286;1;2;2;"S-3";2;"S-1"
-21.6858624202312;2.59193032647348;-415.718667291486;52.2262307800514;"T21";19.9206778779626;1;2;2;"S-3";2;"S-1"
-21.6625599387689;2.59734746792188;-415.840345345188;52.2407739433043;"T21";19.9262888170779;1;2;2;"S-3";2;"S-1"
-21.3824407610858;2.52501654065627;-418.974603960273;52.6165724962322;"T21";20.0709743308835;1;2;2;"S-3";2;"S-1"
-21.4245616374758;2.68698716093336;-425.715447085975;53.4125873469476;"T21";20.3862256719731;1;2;2;"S-3";2;"S-1"
-21.4960377371838;2.65194926453151;-427.067381887902;53.5821418758414;"T21";20.4493277706206;1;2;2;"S-3";2;"S-1"
-21.6386058779081;2.7092378922226;-429.747492495481;53.9127850130339;"T21";20.5740070552565;1;2;2;"S-3";2;"S-1"
-21.879261757585;2.32801755657981;-432.742253009565;54.2877407152943;"T21";20.7124060136266;1;2;2;"S-3";2;"S-1"
-21.8257438750812;2.38916102746888;-432.797454119598;54.2936142751394;"T21";20.7149290014058;1;2;2;"S-3";2;"S-1"
-21.3331698929596;2.55063103038042;-434.100369479966;54.4362382616985;"T21";20.7746252650395;1;2;2;"S-3";2;"S-1"
-20.7589173124256;2.72975484247535;-435.922899406253;54.6541431209909;"T21";20.8600570098497;1;2;2;"S-3";2;"S-1"
-21.3193160885867;2.60695622479808;-438.422651197221;54.9828553295171;"T21";20.9804752259515;1;2;2;"S-3";2;"S-1"
-21.2217088752095;2.54897891786363;-438.757823677172;55.0238406959969;"T21";20.9961967659183;1;2;2;"S-3";2;"S-1"
-21.328858843724;2.45150852183044;-439.909031093022;55.1621143595527;"T21";21.0504434537143;1;2;2;"S-3";2;"S-1"
-21.3657191643406;2.21840926255103;-440.786464816235;55.2629653364174;"T21";21.091581787914;1;2;2;"S-3";2;"S-1"
-21.5148203408091;2.09491877133664;-441.039956205009;55.2892854261138;"T21";21.1034461855888;1;2;2;"S-3";2;"S-1"
-21.4911644500732;2.1110686571782;-441.108500089253;55.2959596101176;"T21";21.1066320771351;1;2;2;"S-3";2;"S-1"
-22.0030107348953;1.8450663854067;-441.876794803231;55.3714288986209;"T21";21.1423814063892;1;2;2;"S-3";2;"S-1"
-22.0195333882896;1.79919358204845;-442.536363253537;55.4267371285353;"T21";21.1723576881923;1;2;2;"S-3";2;"S-1"
-21.5183159906949;2.20739837781417;-444.017643924033;55.5477710591174;"T21";21.2396288989112;1;2;2;"S-3";2;"S-1"
-21.4203891431068;2.09719947507787;-444.463097499276;55.5934667120582;"T21";21.2603300344199;1;2;2;"S-3";2;"S-1"
-21.2367328672923;2.31063873620084;-446.484402402885;55.7913659917819;"T21";21.3546936283819;1;2;2;"S-3";2;"S-1"
-21.3630939128269;2.21758867531523;-446.656147814647;55.8100525573503;"T21";21.3627808145247;1;2;2;"S-3";2;"S-1"
-21.2445268747781;2.21347329573679;-448.304422788303;55.9811511786595;"T21";21.4399360702373;1;2;2;"S-3";2;"S-1"
-15.9698169251456;-1.18805347505171;-451.973550919302;56.3634386819056;"T21";21.612645406276;3;2;1;"S-4-NA";3;"S-2"
-11.6609703771437;-2.45659048870987;-454.893719992253;56.1461965537635;"T21";21.7955009196885;3;2;1;"S-4-NA";3;"S-2"
-6.62063079816625;-1.80916014046639;-458.087829217206;55.4733007236446;"T21";22.0694154500961;3;2;7;"S-5-NA";3;"S-2"
-5.43943694088179;-1.58573616335881;-458.846394267929;55.266014485285;"T21";22.1839913981967;3;2;7;"S-5-NA";3;"S-2"
-5.21906932656313;-1.36575490998454;-458.947296781467;55.2365988000901;"T21";22.2025415743701;3;2;7;"S-5-NA";3;"S-2"
-4.49123913366624;-0.773093682273737;-459.609070697485;55.0634221437654;"T21";22.329340793658;3;2;7;"S-5-NA";3;"S-2"
-4.10746303819834;-0.273166848306357;-459.953400415542;55.0041513898093;"T21";22.4060077685863;3;2;7;"S-5-NA";3;"S-2"
-3.88829434909923;-0.0335903262534562;-460.31770101978;54.9799235764438;"T21";22.4947001319379;3;2;7;"S-5-NA";3;"S-2"
-3.84728021834227;0.15109301203251;-460.514682651367;54.9782218849881;"T21";22.545360296499;3;2;7;"S-5-NA";3;"S-2"
-3.97050591816551;0.745080866860708;-460.939088142288;54.9948894268117;"T21";22.6556734181941;3;2;7;"S-5-NA";3;"S-2"
-3.9220473344679;1.03862745794424;-461.089712072106;55.0231545926398;"T21";22.6936091203243;3;2;3;"S-6-NA";3;"S-2"
-3.82984147969685;1.0342119885957;-461.104922380596;55.0271825511765;"T21";22.6974872755818;3;2;3;"S-6-NA";3;"S-2"
-3.82713081232403;1.05644535494731;-461.153331678;55.0402550180135;"T21";22.7101273019798;3;2;3;"S-6-NA";3;"S-2"
-3.78184083021216;0.923441010317901;-461.368477234683;55.0996440316483;"T21";22.7663431898691;3;2;7;"S-7-NA";3;"S-2"
-3.77020231107568;0.966043777985496;-461.400575005634;55.1074815899609;"T21";22.7748305303976;3;2;7;"S-7-NA";3;"S-2"
-3.56136397901788;1.44780149536906;-461.950531099063;55.2483975457605;"T21";22.9206996504217;3;2;3;"S-8";3;"S-2"
-3.50557516874012;1.57159807460485;-462.222764829552;55.3590687392731;"T21";22.9971405118704;3;2;3;"S-8";3;"S-2"
-3.41596584854417;1.8763395946734;-462.393693487209;55.435698432359;"T21";23.0458996025845;3;2;3;"S-8";3;"S-2"
-3.59157027694803;2.54056845677075;-463.969376957178;56.3011980932041;"T21";23.5071698669344;3;2;3;"S-8";3;"S-2"
-3.27698749946775;2.88963926603899;-464.11159226507;56.4017969113925;"T21";23.5467668389902;3;2;3;"S-8";3;"S-2"
-3.84860542261727;2.83588051727234;-464.384903916027;56.6428024320424;"T21";23.6301701632328;3;2;3;"S-8";3;"S-2"
-4.01939650428352;2.72620222987152;-464.937539098987;57.0500167802071;"T21";23.7737637828104;3;2;3;"S-8";3;"S-2"
-4.14064929667734;2.59397924101186;-465.396170518483;57.3610888521433;"T21";23.8878683303483;3;2;3;"S-8";3;"S-2"
-4.15970762294747;2.55455803337086;-465.407031635157;57.3678929809567;"T21";23.8904913770966;3;2;3;"S-8";3;"S-2"
-4.27243058310837;2.42909944418546;-465.467830413778;57.4052307033213;"T21";23.905107495375;3;2;3;"S-8";3;"S-2"
-4.29163530893251;2.51125297720596;-465.572016689912;57.4644660309706;"T21";23.9294932107441;3;2;3;"S-8";3;"S-2"
-4.29983672144449;2.47540584178888;-465.83192884645;57.6165537853892;"T21";23.990055709146;3;2;3;"S-8";3;"S-2"
-4.20930074495412;2.36280596773059;-465.885649483327;57.6474806291193;"T21";24.0025493549183;3;2;3;"S-8";3;"S-2"
-4.02815454273504;2.52521729372434;-466.00798504308;57.7161512250604;"T21";24.0316125098616;3;2;3;"S-8";3;"S-2"
-4.25520224749616;2.35416797335309;-466.62968975638;58.1058928491612;"T21";24.1859523463063;3;2;3;"S-8";3;"S-2"
-4.3768584558902;2.30099116105603;-467.012380197703;58.3176142969961;"T21";24.2758870706894;3;2;3;"S-8";3;"S-2"
-4.49941329252505;2.18205922435723;-467.852701689341;58.7593860253239;"T21";24.4678789982572;3;2;3;"S-8";3;"S-2"
-4.58414429008001;2.0750676741572;-467.891971285708;58.7784304160963;"T21";24.4766067131422;3;2;3;"S-8";3;"S-2"
-4.33065456735687;3.02783311142949;-470.173942762377;59.8113920649763;"T21";24.9744033208117;3;2;3;"S-8";3;"S-2"
-4.17221073157625;2.9717619738867;-470.307381328671;59.9046873632001;"T21";25.0052158837207;3;2;3;"S-8";3;"S-2"
-4.11372648255088;2.91631845692139;-470.34920089553;59.9344744009489;"T21";25.01523924293;3;2;3;"S-8";3;"S-2"
-4.4312991071163;2.89082445420853;-470.546242663059;60.0741619922039;"T21";25.0631378497928;3;2;3;"S-8";3;"S-2"
-4.3173831424295;2.92039053193843;-470.673070659192;60.1569001382499;"T21";25.0917588011362;3;2;3;"S-8";3;"S-2"
-3.75325803692989;2.87972795100461;-471.197735669091;60.51179723142;"T21";25.213282648474;3;2;3;"S-8";3;"S-2"
-3.69237700865107;2.85326371242935;-471.221540769296;60.5300619528333;"T21";25.2196251647547;3;2;3;"S-8";3;"S-2"
-4.03029258080593;2.47768474504814;-471.958655217382;61.0996630259911;"T21";25.4192565800622;3;2;3;"S-8";3;"S-2"
-3.61443533925315;2.91233712835327;-472.364086923857;61.3489084428314;"T21";25.5198526778258;3;2;3;"S-8";3;"S-2"
-3.64440325558975;3.01147935974237;-472.397835108892;61.3761010975806;"T21";25.5291897337884;3;2;3;"S-8";3;"S-2"
-3.8735450746472;2.89457796432891;-472.817502624651;61.7228849118371;"T21";25.6443437072448;3;2;3;"S-8";3;"S-2"
-4.73691434227895;2.21254702149179;-473.864574969943;62.5053290242284;"T21";25.9146574186161;3;2;3;"S-8";3;"S-2"
-4.8114920107392;2.05743901674845;-474.059703357612;62.5964707890463;"T21";25.9558505611494;3;2;3;"S-8";3;"S-2"
-4.65267087268991;2.22313611981035;-474.941983227384;62.9737419190217;"T21";26.1392198503017;3;2;3;"S-8";3;"S-2"
-4.51738076862917;2.30626337256612;-475.105278756682;63.0517676808521;"T21";26.1743170092814;3;2;3;"S-8";3;"S-2"
-4.4993569810125;2.17403437166274;-475.312760795447;63.1576937143163;"T21";26.2202467303723;3;2;3;"S-8";3;"S-2"
-4.3024001110276;2.46732416357775;-475.935721259847;63.4587006065252;"T21";26.3587021734565;3;2;3;"S-8";3;"S-2"
-4.44832815387374;2.45448065727664;-476.098586926141;63.5521001936145;"T21";26.3965567806736;3;2;3;"S-8";3;"S-2"
-4.55215826956377;2.88894813961198;-476.718105696555;63.8939357745792;"T21";26.5358268050477;3;2;3;"S-8";3;"S-2"
-4.34026565342922;2.994472503053;-476.817890560535;63.9572625044697;"T21";26.5577471465804;3;2;3;"S-8";3;"S-2"
-4.48762410051965;2.84821590705656;-477.130491808078;64.1729349805193;"T21";26.6297706752084;3;2;3;"S-8";3;"S-2"
-4.54594745732067;2.63178844351443;-477.636640940173;64.494178912071;"T21";26.7425584490411;3;2;3;"S-8";3;"S-2"
-4.0664238200082;2.70262259379277;-478.1790836622;64.8082156448976;"T21";26.8618829082698;3;2;3;"S-8";3;"S-2"
-4.32646923124167;2.77246250913777;-478.521136133673;65.0355502215637;"T21";26.9459991948679;3;2;3;"S-8";3;"S-2"
-4.44669369273606;2.2895198347875;-478.844024602737;65.2424617069497;"T21";27.0206301356666;3;2;3;"S-8";3;"S-2"
-4.19666810874959;2.65845726618222;-479.241129279391;65.4469235153201;"T21";27.1099334931932;3;2;3;"S-8";3;"S-2"
-3.86841428473474;2.76196984303032;-479.527645027991;65.628422231445;"T21";27.1782056894153;3;2;3;"S-8";3;"S-2"
-4.55532947655543;2.64001786905841;-480.240279826373;66.1372291164756;"T21";27.3624245310202;3;2;3;"S-8";3;"S-2"
-5.06933927960341;2.28484417447126;-481.010887554257;66.5838308786794;"T21";27.531590720173;3;2;3;"S-8";3;"S-2"
-4.94823136462391;2.35585306308371;-481.144363801719;66.6439910710881;"T21";27.5579208275303;3;2;3;"S-8";3;"S-2"
-4.77029463737265;1.68486536182392;-482.962457677536;67.5095856059229;"T21";27.9253437998705;3;2;3;"S-8";3;"S-2"
-4.55280144845178;1.8238972321494;-483.024623975321;67.5315427070608;"T21";27.9383757617325;3;2;3;"S-8";3;"S-2"
-4.81622349243903;1.75636654070201;-483.274833166802;67.6317789806977;"T21";27.9933329555206;3;2;3;"S-8";3;"S-2"
-4.73295717826187;1.27935718944387;-484.330919876136;68.0169096465121;"T21";28.2126098871231;3;2;3;"S-8";3;"S-2"
-4.45738700723227;1.31025234115777;-484.910381282613;68.1735428228667;"T21";28.3350410405546;3;2;3;"S-8";3;"S-2"
-4.09851016587514;1.36991821827198;-485.155056486943;68.2454652874802;"T21";28.3899331116118;3;2;3;"S-8";3;"S-2"
-3.95795586308965;1.33506702486532;-485.180437670588;68.2539488935882;"T21";28.3961258945055;3;2;3;"S-8";3;"S-2"
-3.83031374645735;1.252452998762;-485.370100212852;68.3179243937674;"T21";28.4440452116542;3;2;3;"S-8";3;"S-2"
-3.48639685306033;1.30246710192334;-485.57745410967;68.3857258917816;"T21";28.4981801756658;3;2;3;"S-8";3;"S-2"
-3.74057911039266;1.52743384020891;-485.953502781641;68.5262122003138;"T21";28.6060418700799;3;2;3;"S-8";3;"S-2"
-3.59266134303559;1.65351130985589;-486.192187424919;68.623677055493;"T21";28.6698514129966;3;2;3;"S-8";3;"S-2"
-3.70655149694041;1.79241531103795;-486.932493052312;68.9644004387356;"T21";28.8759119226597;3;2;3;"S-8";3;"S-2"
-3.44907467974384;1.91555074132149;-487.107800465109;69.0491756512466;"T21";28.923208557535;3;2;3;"S-8";3;"S-2"
-3.41282868159001;1.83171760279198;-487.160185321891;69.0782692083773;"T21";28.9383966475725;3;2;3;"S-8";3;"S-2"
-3.74299974001399;2.04299669616177;-487.742542089024;69.3908290351326;"T21";29.1090342099778;3;2;3;"S-8";3;"S-2"
-3.68896860172735;2.14462323387915;-487.994927555013;69.5285855697275;"T21";29.1764628724195;3;2;3;"S-8";3;"S-2"
-3.76488665899066;2.18961660758825;-488.091956928826;69.5849946834702;"T21";29.2027654475532;3;2;3;"S-8";3;"S-2"
-3.97452034020892;2.2991413623209;-488.726139734621;69.9538284172822;"T21";29.371212166734;3;2;3;"S-8";3;"S-2"
-4.11555902996844;2.28970443210827;-488.767839618345;69.9779505551174;"T21";29.3817039695568;3;2;3;"S-8";3;"S-2"
-3.84571942828315;2.38083591275018;-488.970513231486;70.0907086681467;"T21";29.4309496763162;3;2;3;"S-8";3;"S-2"
-3.76424070022885;2.20497480369731;-489.665496792096;70.5209641380863;"T21";29.611665813718;3;2;3;"S-8";3;"S-2"
-3.63585618740178;2.26196519019439;-489.693477101455;70.5373541306635;"T21";29.6190990018658;3;2;3;"S-8";3;"S-2"
-3.49841439715108;2.37365729992256;-489.877885152741;70.6520794034195;"T21";29.6698182937689;3;2;3;"S-8";3;"S-2"
-3.68122990538477;2.37902085748577;-490.027870039885;70.7538434261544;"T21";29.7126905410551;3;2;3;"S-8";3;"S-2"
-3.63930312520868;2.38280979527405;-490.073670331215;70.7834421882944;"T21";29.7251321142539;3;2;3;"S-8";3;"S-2"
-3.56902901412195;2.39702107059733;-490.119531619311;70.8134695651681;"T21";29.7377337818034;3;2;3;"S-8";3;"S-2"
-3.67685301647801;3.02852374220287;-490.780060421692;71.2570920324497;"T21";29.9228061921895;3;2;3;"S-8";3;"S-2"
-4.49685421260633;2.52161083123692;-491.027306057457;71.4607415323656;"T21";29.9900500103831;3;2;3;"S-8";3;"S-2"
-4.42156860236633;2.28845058683332;-491.558512549306;71.7586155527674;"T21";30.108178476803;3;2;3;"S-8";3;"S-2"
-4.59360132569842;2.33207925411411;-491.596523195524;71.7782885451976;"T21";30.1167751196772;3;2;3;"S-8";3;"S-2"
-4.58753979994444;2.26098086030817;-491.727616645045;71.844842060033;"T21";30.145313392859;3;2;3;"S-8";3;"S-2"
-4.61574174458868;2.26525450786511;-491.772794322638;71.8671079953285;"T21";30.1551613025367;3;2;3;"S-8";3;"S-2"
-3.91510959476261;2.30180927952048;-492.380810838281;72.1655025392892;"T21";30.2868880215101;3;2;3;"S-8";3;"S-2"
-3.9549976560029;2.27679198309342;-492.427330488245;72.1928528239684;"T21";30.2987701026723;3;2;3;"S-8";3;"S-2"
-3.79834656510436;2.26866464268737;-493.311581830726;72.7018939265705;"T21";30.5223483243026;3;2;3;"S-8";3;"S-2"
-3.59129851788696;2.30914244792543;-493.430140670741;72.7727063824143;"T21";30.5535616003908;3;2;3;"S-8";3;"S-2"
-3.52712551981672;2.31931670984652;-493.441936232122;72.7802907231048;"T21";30.5568460840732;3;2;3;"S-8";3;"S-2"
-3.55475029444165;2.26706827627231;-493.452594637839;72.7872993249654;"T21";30.559867923148;3;2;3;"S-8";3;"S-2"
-4.0032884882121;2.384825034633;-494.06745578778;73.179431568269;"T21";30.7328367955051;3;2;3;"S-8";3;"S-2"
-4.01497517270254;2.45073235590861;-494.157784458677;73.2332418485757;"T21";30.7554004131816;3;2;3;"S-8";3;"S-2"
-3.82353327205276;2.40377496061954;-494.228094500779;73.2761589496069;"T21";30.7729123625904;3;2;3;"S-8";3;"S-2"
-3.99249161075466;3.01212497451803;-494.891439353862;73.6931899088381;"T21";30.9464023797773;3;2;3;"S-8";3;"S-2"
-4.80764508066306;2.45600651940069;-495.548297487851;74.1887548299453;"T21";31.1109257396311;3;2;3;"S-8";3;"S-2"
-4.78429191239304;2.52989345153254;-495.585001870824;74.2075054245419;"T21";31.1185603262857;3;2;3;"S-8";3;"S-2"
-4.6650128088503;2.53619497787;-495.777738565944;74.3094229730073;"T21";31.1588456388563;3;2;3;"S-8";3;"S-2"
-4.84361054984945;2.26931609406524;-496.128955826083;74.5003668112784;"T21";31.2341331620701;3;2;3;"S-8";3;"S-2"
-4.79872913244527;2.23488785745091;-496.139922712228;74.5055049888786;"T21";31.2363973585889;3;2;3;"S-8";3;"S-2"
-4.76853742940689;2.41899603655861;-496.457467483439;74.6533935097327;"T21";31.3025700394064;3;2;3;"S-8";3;"S-2"
-4.8008074929965;2.37779693448624;-496.531090598112;74.690741234319;"T21";31.3180093886331;3;2;3;"S-8";3;"S-2"
-4.78980860741071;2.2769326306614;-496.664475427188;74.756805544989;"T21";31.3457932206802;3;2;3;"S-8";3;"S-2"
-4.79561348054101;2.52396243394759;-497.210536167272;75.0163865886858;"T21";31.4597979304381;3;2;3;"S-8";3;"S-2"
-4.87351950031363;2.35416771804903;-497.282539976816;75.0542826599865;"T21";31.4748124452308;3;2;3;"S-8";3;"S-2"
-4.9821720235226;2.24194621138409;-497.536020237373;75.1767270344327;"T21";31.5268241916783;3;2;3;"S-8";3;"S-2"
-5.11030137676297;2.17996441217005;-497.696537414273;75.2489587588519;"T21";31.5590425045229;3;2;3;"S-8";3;"S-2"
-5.13458485182477;2.24800819511131;-497.765720058866;75.2784708545255;"T21";31.5725803840905;3;2;3;"S-8";3;"S-2"
-4.42427820230931;2.48486852727408;-498.606285854218;75.6464847935317;"T21";31.7362870555371;3;2;3;"S-8";3;"S-2"
-4.89340755733533;2.45049226651461;-499.990361730482;76.4238424611606;"T21";32.0491235936061;3;2;3;"S-8";3;"S-2"
-4.62586843021551;2.55663830421383;-500.443892291672;76.650958866202;"T21";32.1418055449612;3;2;3;"S-8";3;"S-2"
-5.08561636291563;2.33189343655794;-501.409781782381;77.1847894553848;"T21";32.3506073094904;3;2;3;"S-8";3;"S-2"
-5.06527289536342;2.19856397286078;-501.547591312783;77.2479788736393;"T21";32.3777052108198;3;2;3;"S-8";3;"S-2"
-5.24078133427662;2.11231331106472;-501.933622591376;77.415534399086;"T21";32.4539165594615;3;2;3;"S-8";3;"S-2"
-5.20331372767988;2.02299196040233;-502.127565984065;77.4937038902055;"T21";32.4909231392667;3;2;3;"S-8";3;"S-2"
-5.06604540187338;1.84459291884827;-502.27431060386;77.5507566073038;"T21";32.5191252864897;3;2;3;"S-8";3;"S-2"
-5.02691413854521;1.98401914895723;-502.762170598418;77.7283908407075;"T21";32.6154252514243;3;2;3;"S-8";3;"S-2"
-5.16266161490068;1.907426794418;-502.875075598554;77.7729521115209;"T21";32.6378853525966;3;2;3;"S-8";3;"S-2"
-4.9040803401551;1.78388257206154;-503.199956434454;77.8929844625856;"T21";32.7008142950945;3;2;3;"S-8";3;"S-2"
-4.4965940256892;2.05802768303547;-503.657092422565;78.059269854686;"T21";32.7940297313035;3;2;3;"S-8";3;"S-2"
-4.62821571552962;2.02240014053405;-503.894908936134;78.1681151197048;"T21";32.8469178755768;3;2;3;"S-8";3;"S-2"
-4.61321491260626;1.88037163731466;-503.967758037235;78.1999481286564;"T21";32.8626580885611;3;2;3;"S-8";3;"S-2"
-4.5786478328477;1.80576403744008;-504.148085684903;78.2734506644202;"T21";32.9017474548891;3;2;3;"S-8";3;"S-2"
-4.7582793640272;1.71741365594585;-504.280884539907;78.3258249472506;"T21";32.9307514009997;3;2;3;"S-8";3;"S-2"
-4.4452200284851;1.91754694768168;-504.384250941844;78.3631331539932;"T21";32.9524748842232;3;2;3;"S-8";3;"S-2"
-4.40399397726745;1.99159873767028;-504.445146469524;78.3894018274184;"T21";32.96617398737;3;2;3;"S-8";3;"S-2"
-4.27574498232125;2.05453995739949;-504.522382909497;78.4243301214046;"T21";32.9837118042633;3;2;3;"S-8";3;"S-2"
-4.17442541040951;1.9274599434958;-504.76899935477;78.542831889649;"T21";33.041389810387;3;2;3;"S-8";3;"S-2"
-4.13105505152605;1.87361385474582;-504.877467838247;78.5929151074521;"T21";33.0673738615587;3;2;3;"S-8";3;"S-2"
-4.19333866165089;1.65644582289272;-505.00537300937;78.6509256877327;"T21";33.098335727118;3;2;3;"S-8";3;"S-2"
-3.89198040362179;1.96096393079637;-505.595414569908;78.88400294601;"T21";33.2390449824743;3;2;3;"S-8";3;"S-2"
-3.89193997260864;1.95649053603199;-505.659384081873;78.9162338137496;"T21";33.2554812193848;3;2;3;"S-8";3;"S-2"
-3.90396104160007;1.91911857756535;-505.753088437962;78.963339289981;"T21";33.2795577356592;3;2;3;"S-8";3;"S-2"
-4.15765936458281;2.34440192886509;-506.108535753529;79.1380709380127;"T21";33.3706056000665;3;2;3;"S-8";3;"S-2"
-4.13191942552471;2.43841289011861;-506.170620874043;79.1730792115445;"T21";33.3855383098125;3;2;3;"S-8";3;"S-2"
-4.35168192046141;2.43808559342542;-506.477962211559;79.3544537742802;"T21";33.4599205292761;3;2;3;"S-8";3;"S-2"
-4.12139068435006;2.52675227949071;-506.768047790514;79.5169779393819;"T21";33.5265810950659;3;2;3;"S-8";3;"S-2"
-3.97879475197128;2.44028067483541;-506.937686530343;79.6209804728422;"T21";33.5677416529506;3;2;3;"S-8";3;"S-2"
-4.30700621661545;2.16254086703305;-507.242699182463;79.8080513138756;"T21";33.6444012122229;3;2;3;"S-8";3;"S-2"
-4.56718201883486;2.14989846594908;-507.976145557828;80.1763135546831;"T21";33.8146926718764;3;2;3;"S-8";3;"S-2"
-4.00653680441518;2.33778578443216;-508.292516612091;80.325238130368;"T21";33.8839631876908;3;2;3;"S-8";3;"S-2"
-4.08835200425669;2.26383068387138;-508.368562052593;80.3696101050825;"T21";33.90294353012;3;2;3;"S-8";3;"S-2"
-4.03574381981532;2.31068391571434;-508.428702834835;80.4029116769745;"T21";33.9176538051106;3;2;3;"S-8";3;"S-2"
-4.13046517390375;2.37556502352328;-508.5663301232;80.4817108217637;"T21";33.9517558924854;3;2;3;"S-8";3;"S-2"
-3.84853668890587;2.62791259069409;-509.064877796098;80.7684418228572;"T21";34.0724560199305;3;2;3;"S-8";3;"S-2"
-3.89981671749304;2.6908545085242;-509.119411348987;80.8056791995112;"T21";34.0866259648465;3;2;3;"S-8";3;"S-2"
-4.15155783233375;2.55254004238278;-509.299982954661;80.930272726448;"T21";34.1329285525717;3;2;3;"S-8";3;"S-2"
-4.34493968806969;2.42579937301504;-509.365877523623;80.9707872833069;"T21";34.1488008038141;3;2;3;"S-8";3;"S-2"
-4.34051339392722;2.71585238675752;-509.676463309435;81.1441887246568;"T21";34.2202829895541;3;2;3;"S-8";3;"S-2"
-4.2637093800535;2.67507179565244;-509.738006447045;81.1826961688226;"T21";34.2344617587514;3;2;3;"S-8";3;"S-2"
-4.2891133717109;2.47877423889319;-509.913429543072;81.2927574639666;"T21";34.2756050638855;3;2;3;"S-8";3;"S-2"
-4.91319387042504;2.56973676875156;-510.32477003192;81.530480302886;"T21";34.3715084483847;3;2;3;"S-8";3;"S-2"
-4.99238311296336;2.47231502780581;-510.412705203656;81.576472838503;"T21";34.3894062098116;3;2;3;"S-8";3;"S-2"
-4.50292171093913;2.19295314459966;-511.106971685402;81.9202856864522;"T21";34.5284713548608;3;2;3;"S-8";3;"S-2"
-3.96974317877397;2.13527190600589;-512.670057743935;82.6815191049708;"T21";34.8755984334275;3;2;3;"S-8";3;"S-2"
-4.00112452977736;2.1484136517047;-512.744717119882;82.7216773874594;"T21";34.8944055382162;3;2;3;"S-8";3;"S-2"
-3.71406552410856;2.704843228082;-513.195839334091;82.9639085693134;"T21";35.0071543944068;3;2;3;"S-8";3;"S-2"
-3.42977612488406;2.83344096990732;-513.472404854196;83.1653229949127;"T21";35.0816187565215;3;2;3;"S-8";3;"S-2"
-3.71845605735649;2.79254486223968;-513.823364698863;83.4552614534194;"T21";35.1839460898191;3;2;3;"S-8";3;"S-2"
-4.031115131343;3.03852379824434;-514.357180229011;83.856154671762;"T21";35.3275044704787;3;2;3;"S-8";3;"S-2"
-4.03988204848241;3.11821735374231;-514.530646910027;83.9869082278618;"T21";35.3705364046618;3;2;3;"S-8";3;"S-2"
-3.87885000704955;3.11342157369874;-514.96916834639;84.3253847319879;"T21";35.4790844838135;3;2;3;"S-8";3;"S-2"
-3.91567490332145;3.15725367766851;-515.120324624546;84.446712758737;"T21";35.5180538375862;3;2;3;"S-8";3;"S-2"
-3.9410314664143;3.16624548241774;-515.171792665609;84.4882120317718;"T21";35.5311979423277;3;2;3;"S-8";3;"S-2"
-4.07605295304505;2.96946528075061;-515.332101236654;84.6170047839205;"T21";35.5718747479841;3;2;3;"S-8";3;"S-2"
-4.44882105804205;2.71381757322879;-516.702353314303;85.615253829585;"T21";35.9080460621044;3;2;3;"S-8";3;"S-2"
-4.3345333445268;3.26019522694563;-517.067523820989;85.8380108533763;"T21";35.9901285963133;3;2;3;"S-8";3;"S-2"
-4.54110117643373;2.96087898589636;-517.584204028964;86.2266290076293;"T21";36.1093294806778;3;2;3;"S-8";3;"S-2"
-4.48426862983372;2.77050873982752;-518.006289539608;86.5018362910968;"T21";36.2022773129866;3;2;3;"S-8";3;"S-2"
-4.56351885272983;2.90134440585453;-518.077808322053;86.5460226296463;"T21";36.2182261305861;3;2;3;"S-8";3;"S-2"
-4.73353453877254;2.19579800098558;-518.596859683516;86.8760194615939;"T21";36.3319654134102;3;2;3;"S-8";3;"S-2"
-4.81458055546518;2.27975388234503;-518.775486011599;86.9588808690506;"T21";36.3697017659433;3;2;3;"S-8";3;"S-2"
-4.78293143116694;2.29666362987619;-518.786466757846;86.9640803664107;"T21";36.3719824934378;3;2;3;"S-8";3;"S-2"
-4.18924635400951;2.48995944388975;-519.030421058663;87.0812221189325;"T21";36.4229876780882;3;2;3;"S-8";3;"S-2"
-4.12231476866876;2.58083647183333;-519.164119021107;87.1606880839494;"T21";36.4549022400752;3;2;3;"S-8";3;"S-2"
-4.03612005442391;2.65300557025127;-519.231746853675;87.2030274943528;"T21";36.4713075454347;3;2;3;"S-8";3;"S-2"
-4.05206948250309;2.51003906804755;-519.468167839566;87.3584307489722;"T21";36.5298838471062;3;2;3;"S-8";3;"S-2"
-4.0806931952974;2.69293782937858;-519.740439074973;87.5270881327926;"T21";36.5970769780688;3;2;3;"S-8";3;"S-2"
-3.73199367265925;3.02201031600399;-520.037315375868;87.7230032342388;"T21";36.6698284167796;3;2;3;"S-8";3;"S-2"
-3.61692578637696;3.07457450781175;-520.102618811062;87.7758831885298;"T21";36.6873266873881;3;2;3;"S-8";3;"S-2"
-3.63388134724923;2.9899377119851;-520.160745524788;87.8252939098993;"T21";36.7033974383958;3;2;3;"S-8";3;"S-2"
-3.7407019823974;2.69651475122591;-520.421590856069;88.0399160228599;"T21";36.7751789046451;3;2;3;"S-8";3;"S-2"
-3.64423054686944;2.77403376054849;-520.446699997639;88.0580161471017;"T21";36.7818913189694;3;2;3;"S-8";3;"S-2"
-3.60263625186966;2.8184641204726;-520.531079128766;88.1222465944958;"T21";36.8050454882905;3;2;3;"S-8";3;"S-2"
-3.28790770549051;2.83020514272166;-520.723543656182;88.2728181002102;"T21";36.8584687355906;3;2;3;"S-8";3;"S-2"
-3.47178680804326;2.92886647142365;-520.929062494832;88.4497271031919;"T21";36.9209762196988;3;2;3;"S-8";3;"S-2"
-3.40101967525032;3.22322153232523;-521.273416655822;88.7402309308123;"T21";37.0201626559719;3;2;3;"S-8";3;"S-2"
-3.96989425624984;3.4180275333035;-521.696309472291;89.1410158018398;"T21";37.1445056051016;3;2;3;"S-8";3;"S-2"
-4.28566082405848;3.22182954045947;-522.319871704044;89.6778948064901;"T21";37.3015783610754;3;2;3;"S-8";3;"S-2"
-4.53437298606538;2.99465448892633;-522.718993945247;89.9779427756952;"T21";37.3947080457583;3;2;3;"S-8";3;"S-2"
-4.54359518109445;3.1667357781135;-522.851534412917;90.0654770186199;"T21";37.4239382101223;3;2;3;"S-8";3;"S-2"
-4.60986549939162;2.7595184655481;-523.027948535195;90.1884318353488;"T21";37.4627651995979;3;2;3;"S-8";3;"S-2"
-4.87544446270727;2.98425888383243;-523.365625256877;90.3905690016044;"T21";37.5360160833225;3;2;3;"S-8";3;"S-2"
-4.45964373324253;2.74180875676391;-523.54064375107;90.4976977977841;"T21";37.5719140400179;3;2;3;"S-8";3;"S-2"
-5.28202465423544;2.19553759128683;-524.075140794895;90.8263089521457;"T21";37.6917660003528;3;2;3;"S-8";3;"S-2"
-5.33073234791056;1.98452006553247;-524.275624303537;90.9096423533454;"T21";37.7297218074091;3;2;3;"S-8";3;"S-2"
-5.43071394707095;1.96775075521082;-524.468757152124;90.9815416700468;"T21";37.7659518853761;3;2;3;"S-8";3;"S-2"
-5.43234923481565;1.99529856297806;-524.509254654754;90.9962154297333;"T21";37.7734090085141;3;2;3;"S-8";3;"S-2"
-5.00044634962759;1.77049130363261;-525.187846437923;91.2454617780955;"T21";37.8983258269727;3;2;3;"S-8";3;"S-2"
-4.68250629012893;1.67194064361769;-525.303750099235;91.2864993995524;"T21";37.9215044900775;3;2;3;"S-8";3;"S-2"
-4.52773038633983;1.37085326099924;-525.951244585825;91.5176944650946;"T21";38.0597839597613;3;2;3;"S-8";3;"S-2"
-4.5618645009511;1.51802464379894;-526.024433506538;91.5398537506677;"T21";38.0759485531598;3;2;3;"S-8";3;"S-2"
-4.54087238879482;1.37571737543529;-526.139278762211;91.5780701265155;"T21";38.1011236226186;3;2;3;"S-8";3;"S-2"
-4.11727820849777;1.85507671819206;-526.730604918199;91.7572202099552;"T21";38.2313466514461;3;2;3;"S-8";3;"S-2"
-4.09764454860124;1.7658063221244;-527.054843860843;91.9033089810245;"T21";38.3100974489935;3;2;3;"S-8";3;"S-2"
-3.89726525314115;1.6649509885718;-527.736079735232;92.1968753456973;"T21";38.4763480513357;3;2;3;"S-8";3;"S-2"
-3.94282910595215;1.57746335170952;-527.832241154753;92.2379564731276;"T21";38.501022127457;3;2;3;"S-8";3;"S-2"
-3.86339618296023;2.17122295209731;-528.166894651084;92.3718460259837;"T21";38.5858986177482;3;2;3;"S-8";3;"S-2"
-3.784315534935;2.33259037114791;-528.415442222785;92.5115293944006;"T21";38.6502325767651;3;2;3;"S-8";3;"S-2"
-3.72733695691191;2.48232335819466;-528.682492169521;92.676134625815;"T21";38.7208001455292;3;2;3;"S-8";3;"S-2"
-3.89191456076744;2.43060572416966;-528.98019336777;92.8743969902638;"T21";38.8006698223762;3;2;3;"S-8";3;"S-2"
-4.15913780324931;2.28181892439256;-529.461618709368;93.1750601144869;"T21";38.9243686688133;3;2;3;"S-8";3;"S-2"
-4.11663357970949;2.37485710771152;-529.672637392426;93.2908308456285;"T21";38.9751048292965;3;2;3;"S-8";3;"S-2"
-4.6481335914877;2.26257848962717;-530.383897984931;93.7011521046959;"T21";39.1478820703924;3;2;3;"S-8";3;"S-2"
-4.66756437252215;2.32437826507349;-530.50389996382;93.7595656358054;"T21";39.1736993100494;3;2;3;"S-8";3;"S-2"
-4.78454490214264;2.37399699853271;-530.589304653267;93.8020959124213;"T21";39.1919967951253;3;2;3;"S-8";3;"S-2"
-4.69790478363916;2.08636726410268;-531.023049620866;94.0173116272425;"T21";39.2826522234827;3;2;3;"S-8";3;"S-2"
-4.49536497658753;1.9576517069919;-531.11672393039;94.0589129414196;"T21";39.3025918165222;3;2;3;"S-8";3;"S-2"
-4.53971740034548;2.10062528381782;-531.274328178271;94.127546795734;"T21";39.3376510939561;3;2;3;"S-8";3;"S-2"
-4.63402208007614;2.0017020914086;-531.670394108709;94.3108150554442;"T21";39.4248957163654;3;2;3;"S-8";3;"S-2"
-4.64765376466692;2.09096722530244;-531.787360521872;94.3613396126878;"T21";39.4501365139149;3;2;3;"S-8";3;"S-2"
-5.02016135655537;1.82758157102678;-531.880392217324;94.4031943281966;"T21";39.4701534300111;3;2;3;"S-8";3;"S-2"
-4.61782842156114;1.72364303865516;-532.281875636632;94.5493537135403;"T21";39.5501276361756;3;2;3;"S-8";3;"S-2"
-4.40755878235363;1.62765408145221;-532.594210081598;94.6659351545667;"T21";39.6177642862312;3;2;3;"S-8";3;"S-2"
-4.40599530280989;1.62708119833481;-532.603856089745;94.6694972998054;"T21";39.6199528011493;3;2;3;"S-8";3;"S-2"
-4.27161546668916;1.9378191297511;-533.459981759148;94.9856542369698;"T21";39.8142620571889;3;2;3;"S-8";3;"S-2"
-3.99909352326325;1.6265229386322;-533.613289763496;95.0552024408955;"T21";39.8501519928686;3;2;3;"S-8";3;"S-2"
-3.9794965391518;1.72141904974553;-533.664790193393;95.0761488453968;"T21";39.8630300187506;3;2;3;"S-8";3;"S-2"
-4.37293271050714;1.80704941287476;-534.023959817255;95.2315155925526;"T21";39.9532850598916;3;2;3;"S-8";3;"S-2"
-4.68148751413672;1.98396896739947;-534.387074675038;95.3815674076619;"T21";40.0363219785504;3;2;3;"S-8";3;"S-2"
-5.23233675112711;1.51529549821504;-535.582818202959;95.8883119082507;"T21";40.2917415485717;3;2;3;"S-8";3;"S-2"
-5.02720937787014;1.14173839024899;-536.233503581685;96.0767517339033;"T21";40.4161000158638;3;2;3;"S-8";3;"S-2"
-5.14233232170796;1.31602593667675;-536.473233299742;96.1311971730757;"T21";40.4637864558026;3;2;3;"S-8";3;"S-2"
-5.13537421275853;1.37040127221276;-536.519443523867;96.1430232958704;"T21";40.4727726941928;3;2;3;"S-8";3;"S-2"
-4.62921260982537;1.22669077976204;-537.491800137943;96.4025017069399;"T21";40.6621175352484;3;2;3;"S-8";3;"S-2"
-4.77892460836616;1.26056869116583;-537.654791643765;96.4456926757341;"T21";40.6973268720321;3;2;3;"S-8";3;"S-2"
-5.09893307793813;1.1193882772502;-538.312058005437;96.6190641902855;"T21";40.8348612370901;3;2;3;"S-8";3;"S-2"
-5.10268329750365;1.04289049638136;-538.504506382869;96.6613131185182;"T21";40.8726041088812;3;2;3;"S-8";3;"S-2"
-4.89598348196468;0.934107649324531;-538.685699828865;96.6983455800327;"T21";40.9081135527231;3;2;3;"S-8";3;"S-2"
-4.0296864144824;1.6059180016753;-539.39789381789;96.8342255018916;"T21";41.0535785020329;3;2;3;"S-8";3;"S-2"
-4.16740831202635;1.73606651598242;-539.91641670385;97.0408681909729;"T21";41.1822542431764;3;2;3;"S-8";3;"S-2"
-4.0367114877045;1.8429990644698;-540.093858004886;97.1147870101087;"T21";41.2248325766996;3;2;3;"S-8";3;"S-2"
-3.65929657620592;2.12047269808459;-540.350850596067;97.232119424517;"T21";41.288496425841;3;2;3;"S-8";3;"S-2"
-3.6127856612408;2.14798752905911;-541.269733204413;97.7645893796478;"T21";41.5396055090241;3;2;3;"S-8";3;"S-2"
-3.48012814511685;2.27955781664682;-541.532398138546;97.920757238951;"T21";41.6123097762465;3;2;3;"S-8";3;"S-2"
-3.45632883639184;2.29757066769607;-541.545802730002;97.9295375309289;"T21";41.6161615285091;3;2;3;"S-8";3;"S-2"
-3.30915009372257;2.62181897692926;-542.178187970933;98.3499112421762;"T21";41.7991259600967;3;2;3;"S-8";3;"S-2"
-3.29250123430017;2.81130558746421;-542.229520753274;98.3905818854134;"T21";41.8146383366548;3;2;3;"S-8";3;"S-2"
-3.37997438337813;2.974328364347;-542.57041240677;98.681652576659;"T21";41.918174107559;3;2;3;"S-8";3;"S-2"
-3.4073679506897;2.98094453035857;-542.576727695004;98.6872099385773;"T21";41.9200425501913;3;2;3;"S-8";3;"S-2"
-3.51277459669781;3.107048059034;-542.753285716927;98.8416721737565;"T21";41.9718590914272;3;2;3;"S-8";3;"S-2"
-3.96864936301675;2.97267625871056;-543.216410052003;99.2513055068326;"T21";42.1036991290748;3;2;3;"S-8";3;"S-2"
-4.03325885103389;2.71430164959588;-543.481266190384;99.4496932913207;"T21";42.1704362262972;3;2;3;"S-8";3;"S-2"
-4.15636355013614;2.12351833622006;-544.294690075198;99.9971111174303;"T21";42.3721152939834;3;2;3;"S-8";3;"S-2"
-4.09544776874769;2.10705794674982;-544.320112165631;100.010099460372;"T21";42.3782317200676;3;2;3;"S-8";3;"S-2"
-4.16420541853689;2.31643060442514;-544.42281051983;100.062936511545;"T21";42.4033079412766;3;2;3;"S-8";3;"S-2"
-4.1810614135138;2.14429969531505;-544.528075405126;100.121492412939;"T21";42.4285864457488;3;2;3;"S-8";3;"S-2"
-4.01512149377367;2.43293319840987;-545.121909897856;100.426046447403;"T21";42.5706160487607;3;2;3;"S-8";3;"S-2"
-4.17241428994388;2.35632396840772;-545.166264801294;100.45292297337;"T21";42.5816630129702;3;2;3;"S-8";3;"S-2"
-4.35034605671128;2.53515558719829;-545.465212838394;100.621750509702;"T21";42.6533117075451;3;2;3;"S-8";3;"S-2"
-4.40920636224453;2.7413130981291;-546.459382202834;101.201100746677;"T21";42.8818382089958;3;2;3;"S-8";3;"S-2"
-4.41749030335601;2.72303813110246;-546.472681168568;101.209369043954;"T21";42.8848543902859;3;2;3;"S-8";3;"S-2"
-4.72836960375387;2.57743641417162;-547.015316541396;101.543861416325;"T21";43.007692322135;3;2;3;"S-8";3;"S-2"
-4.68142002082094;2.67624893302852;-547.071023930049;101.57422753913;"T21";43.0194738437422;3;2;3;"S-8";3;"S-2"
-4.71315645694746;2.87647855699092;-547.328219779987;101.721259874599;"T21";43.074413551949;3;2;3;"S-8";3;"S-2"
-4.08412062135258;2.8370194742465;-547.694378804614;101.944729770498;"T21";43.1521022575907;3;2;3;"S-8";3;"S-2"
-3.95106189776162;3.03864682237393;-547.745748827529;101.98041376931;"T21";43.1646802462637;3;2;3;"S-8";3;"S-2"
-4.00122540206402;3.03941149022338;-547.795752449376;102.018870100941;"T21";43.1773359887302;3;2;3;"S-8";3;"S-2"
-4.37235183994133;3.01606829706901;-548.156066844664;102.29257218045;"T21";43.2673870003782;3;2;3;"S-8";3;"S-2"
-4.49981076635137;2.65258991151643;-548.70201664653;102.669170850795;"T21";43.3922511059791;3;2;3;"S-8";3;"S-2"
-4.65789140796327;2.59456221944045;-548.755560559229;102.700734409802;"T21";43.4041502536274;3;2;3;"S-8";3;"S-2"
-4.69884839113157;2.65220599631515;-548.850012850839;102.753346702767;"T21";43.4244281612337;3;2;3;"S-8";3;"S-2"
-4.59253218111146;2.61562758096277;-548.889282011161;102.77551168742;"T21";43.4327853494324;3;2;3;"S-8";3;"S-2"
-4.50389944886913;2.5619534985351;-549.107221135829;102.899636584747;"T21";43.4802404604852;3;2;3;"S-8";3;"S-2"
-5.04839499838446;2.93451074032751;-549.692399053154;103.232503388186;"T21";43.6101674102247;3;2;3;"S-8";3;"S-2"
-5.04548639520928;2.91804795560354;-549.718306038501;103.247562496432;"T21";43.6152991373092;3;2;3;"S-8";3;"S-2"
-5.31071360546387;2.03745245580475;-551.221244708709;104.116784365341;"T21";43.9131769933738;3;2;3;"S-8";3;"S-2"
-5.33909989342672;2.00482210498322;-551.303417159029;104.148309782289;"T21";43.9286499517038;3;2;3;"S-8";3;"S-2"
-5.21090323880899;1.85141781922208;-551.595522408582;104.257994761588;"T21";43.9833605312742;3;2;3;"S-8";3;"S-2"
-5.49308676389952;1.4401864590569;-552.221905166859;104.480546620101;"T21";44.1035667085089;3;2;3;"S-8";3;"S-2"
-4.93620800316959;1.61598168616313;-552.479259840045;104.548020288628;"T21";44.1504173562862;3;2;3;"S-8";3;"S-2"
-5.18474758515243;1.47238879609276;-552.815986666202;104.658255591508;"T21";44.2186330445111;3;2;3;"S-8";3;"S-2"
-4.7773347858696;1.62969794867351;-553.140746940106;104.750482528473;"T21";44.2812706693076;3;2;3;"S-8";3;"S-2"
-4.82000879217127;1.61968292360909;-553.644316008585;104.922265649125;"T21";44.3866786197759;3;2;3;"S-8";3;"S-2"
-4.78161067115662;1.57715742309792;-553.980056193308;105.035085493945;"T21";44.4563341327012;3;2;3;"S-8";3;"S-2"
-4.45340609421424;1.59883906652245;-554.177101801989;105.100078644955;"T21";44.4975431775674;3;2;3;"S-8";3;"S-2"
-4.1517352255913;2.20344370720783;-554.873617330181;105.350138085606;"T21";44.6539438096806;3;2;3;"S-8";3;"S-2"
-4.28219760225004;2.28421079990123;-555.338478483333;105.596853091979;"T21";44.7659117286094;3;2;3;"S-8";3;"S-2"
-4.10166915003788;2.68838435956407;-555.847480418109;105.868365017531;"T21";44.8847763822414;3;2;3;"S-8";3;"S-2"
-4.37249186135784;2.46080774532361;-555.990377022213;105.962024691546;"T21";44.9196150293574;3;2;3;"S-8";3;"S-2"
-4.45927968536381;2.38539979995691;-556.290907802513;106.131161306392;"T21";44.988347182516;3;2;3;"S-8";3;"S-2"
-4.09858006145403;2.53708402787922;-556.401308260646;106.190217757058;"T21";45.0131046469323;3;2;3;"S-8";3;"S-2"
-4.25026729529468;2.50915512461988;-556.442633570407;106.215798758715;"T21";45.0231874827296;3;2;3;"S-8";3;"S-2"
-4.17359748537572;2.49300538058139;-556.494938975209;106.246677375372;"T21";45.0354938628152;3;2;3;"S-8";3;"S-2"
-4.32377102597229;2.53377428490678;-556.634495274662;106.330038218542;"T21";45.0689317542128;3;2;3;"S-8";3;"S-2"
-4.32469987115998;2.4011711662714;-556.893906347276;106.482055774759;"T21";45.12892824132;3;2;3;"S-8";3;"S-2"
-4.42671424529648;2.28813541892794;-556.954558434069;106.515731184919;"T21";45.1429528184235;3;2;3;"S-8";3;"S-2"
-4.09047424505461;2.34241458525758;-557.336653363956;106.7132331907;"T21";45.2292685164139;3;2;3;"S-8";3;"S-2"
-4.28287099798401;2.01131268584302;-557.468545543608;106.78876139276;"T21";45.2615122543648;3;2;3;"S-8";3;"S-2"
-4.34097738112411;1.95981748074999;-557.68323543565;106.889583599076;"T21";45.3116398188286;3;2;3;"S-8";3;"S-2"
-4.14474428054761;1.89641967426543;-557.774846169204;106.930943021455;"T21";45.3327435301617;3;2;3;"S-8";3;"S-2"
-4.15567605065025;2.41155258582168;-558.672081911327;107.341471488025;"T21";45.5492190667428;3;2;3;"S-8";3;"S-2"
-4.60976365428832;2.30725846473995;-558.966824778038;107.512511750477;"T21";45.6201444379985;3;2;3;"S-8";3;"S-2"
-4.77222129680675;2.29691890712041;-559.044478474845;107.551378634489;"T21";45.6369899213314;3;2;3;"S-8";3;"S-2"
-4.62693139781774;2.38595628713542;-559.087961130842;107.57230728144;"T21";45.6461015390232;3;2;3;"S-8";3;"S-2"
-4.25506927437186;2.37812805259521;-559.182907078591;107.621267782795;"T21";45.6666218233295;3;2;3;"S-8";3;"S-2"
-4.36729594249819;2.40580833807733;-559.322071194336;107.699045620528;"T21";45.6993273110129;3;2;3;"S-8";3;"S-2"
-4.60537999923236;2.25151775312468;-559.408124154019;107.746449536051;"T21";45.7190312561579;3;2;3;"S-8";3;"S-2"
-4.78996966217194;2.2751595378209;-559.509155701714;107.795842707363;"T21";45.7409689784981;3;2;3;"S-8";3;"S-2"
-5.03720722838929;1.95704002705443;-560.138988032194;108.095003064314;"T21";45.8724588155746;3;2;3;"S-8";3;"S-2"
-4.71782446858025;2.04719903162168;-560.689250054756;108.308789147494;"T21";45.9816983202472;3;2;3;"S-8";3;"S-2"
-4.48749106719137;2.11406413402436;-561.199800868995;108.530331754572;"T21";46.0899157449603;3;2;3;"S-8";3;"S-2"
-4.566508929605;2.07829991249234;-561.332016997453;108.59261898165;"T21";46.1193790077232;3;2;3;"S-8";3;"S-2"
-4.02766503002893;2.1598496967219;-562.040487014065;108.915056361326;"T21";46.2745237862691;3;2;3;"S-8";3;"S-2"
-4.03013545392077;2.39168675836494;-562.580967438476;109.204890911132;"T21";46.4087157859467;3;2;3;"S-8";3;"S-2"
-4.4103882670749;2.22144412362747;-562.872685830295;109.378011398734;"T21";46.4811000507325;3;2;3;"S-8";3;"S-2"
-4.41612865917618;2.22083163612052;-562.958646595148;109.421308501932;"T21";46.500590571668;3;2;3;"S-8";3;"S-2"
-4.58854098117481;2.38127404576409;-563.379556215065;109.632980188154;"T21";46.5959024732001;3;2;3;"S-8";3;"S-2"
-4.75301202026899;2.26986785986384;-563.562167007104;109.72774807654;"T21";46.6356996097602;3;2;3;"S-8";3;"S-2"
-4.77169532613106;2.39221054234121;-564.656634265866;110.250426336924;"T21";46.8659677542746;3;2;3;"S-8";3;"S-2"
-4.61008987187415;2.36750426000765;-565.603834943627;110.725289732884;"T21";47.064471768681;3;2;3;"S-8";3;"S-2"
-4.31413249672309;2.23506619795466;-565.940319915303;110.898091050431;"T21";47.137460578233;3;2;3;"S-8";3;"S-2"
-4.1887185588349;2.20462185572275;-566.145014153662;111.004139062035;"T21";47.1849079476669;3;2;3;"S-8";3;"S-2"
-4.51201942371841;2.02103848809536;-566.437987648703;111.158337956337;"T21";47.2548514138907;3;2;3;"S-8";3;"S-2"
-4.60892663361109;1.98576512590519;-566.685334707544;111.269130459402;"T21";47.3096710047685;3;2;3;"S-8";3;"S-2"
-4.27946173977181;2.15542875650664;-568.86439617246;112.207983387257;"T21";47.7824625326321;3;2;3;"S-8";3;"S-2"
-4.21965212857699;2.3455566180025;-569.629260229395;112.593221083815;"T21";47.961191565264;3;2;3;"S-8";3;"S-2"
-4.39085174943262;1.93376695795618;-570.328818447428;112.982080960882;"T21";48.1269773212261;3;2;3;"S-8";3;"S-2"
-5.14985998585936;1.90787859979578;-571.040192963404;113.295376105476;"T21";48.2889901963063;3;2;3;"S-8";3;"S-2"
-4.30832157450967;1.82940608664284;-571.609202867907;113.506178306478;"T21";48.3994805603288;3;2;3;"S-8";3;"S-2"
-4.50417787114279;1.79658655352901;-572.010327412628;113.676504423255;"T21";48.4925851575099;3;2;3;"S-8";3;"S-2"
-4.03075992383775;1.49613186824878;-573.171443570327;114.139640146507;"T21";48.7503716372885;3;2;3;"S-8";3;"S-2"
-3.82970983381392;1.56873716274064;-573.637719844807;114.312711926231;"T21";48.8660511327907;3;2;3;"S-8";3;"S-2"
-4.02546013676826;1.42204812042907;-573.815110100451;114.385375051745;"T21";48.9123706356622;3;2;3;"S-8";3;"S-2"
-4.34794517892233;1.87709372648637;-574.434912574047;114.604328640321;"T21";49.0663412259892;3;2;3;"S-8";3;"S-2"
-4.19797677782667;2.08332814188886;-574.533756799351;114.647001642758;"T21";49.0890747751109;3;2;3;"S-8";3;"S-2"
-4.04798134170237;2.41060340585115;-574.651630824873;114.705498935041;"T21";49.1171535453759;3;2;3;"S-8";3;"S-2"
-3.59752030982327;2.3572796109672;-575.028397224461;114.929866166357;"T21";49.210228677839;3;2;3;"S-8";3;"S-2"
-3.7900427227569;2.41910110816023;-575.471166392217;115.219991208505;"T21";49.3333048885688;3;2;3;"S-8";3;"S-2"
-3.75934695839494;2.59197521649622;-575.554950800008;115.273468957586;"T21";49.3554113432765;3;2;3;"S-8";3;"S-2"
-3.89293309005645;2.50263673310445;-575.600091929036;115.304592631187;"T21";49.3674190482125;3;2;3;"S-8";3;"S-2"
-3.96809834427772;2.33074093779937;-575.710179431435;115.375364211634;"T21";49.3956978549249;3;2;3;"S-8";3;"S-2"
-4.09706984939041;2.06331066749798;-575.881167430704;115.475797390248;"T21";49.4387885206379;3;2;3;"S-8";3;"S-2"
-3.64326798798849;2.27249234919681;-576.508999897556;115.791977849424;"T21";49.5920279063284;3;2;3;"S-8";3;"S-2"
-3.90371938032373;2.35036475305699;-576.681489125462;115.899568191949;"T21";49.6393725508824;3;2;3;"S-8";3;"S-2"
-4.11725321374971;2.48587408041789;-576.936884889373;116.053337749412;"T21";49.7047962504439;3;2;3;"S-8";3;"S-2"
-3.77137006141223;2.68641387838964;-577.437703331373;116.355716913222;"T21";49.8264352208935;3;2;3;"S-8";3;"S-2"
-3.92013645534119;2.78569988024799;-577.641478417436;116.500869526292;"T21";49.8804673319682;3;2;3;"S-8";3;"S-2"
-4.04564192584655;3.14677378485631;-578.110062786991;116.833851665314;"T21";50;3;2;3;"S-8";3;"S-2"
