"Vx";"Vy";"X";"Y";"Traj";"Time";"TrueMovMode";"TrueTrajClust";"firstEstMovMode";"firstSegment";"finalEstMovMode";"finalSegment"
0;0;0;0;"T22";0;1;2;1;"S-1-NA";2;"S-1"
-1.02686380098808;0.881376327834256;0;0;"T22";0.0219887355342507;1;2;1;"S-1-NA";2;"S-1"
-7.19674667895291;6.28573619547431;-0.172761108485896;0.148284077443725;"T22";0.190230237785727;1;2;1;"S-1-NA";2;"S-1"
-7.82343292418382;6.51625962922914;-0.316934406296216;0.274206991906942;"T22";0.210263358894736;1;2;1;"S-1-NA";2;"S-1"
-8.66350483110502;6.74188799673219;-0.467262040448018;0.39941722928916;"T22";0.229478406254202;1;2;1;"S-1-NA";2;"S-1"
-11.2233329943809;7.35184735298552;-1.05036624493524;0.853185457473441;"T22";0.296784215606749;1;2;1;"S-1-NA";2;"S-1"
-12.3742707124673;7.55841466426312;-1.43460448338012;1.10488082084198;"T22";0.33101987792179;1;2;1;"S-1-NA";2;"S-1"
-15.0982924554128;8.01711937154551;-2.6160869510636;1.82655037348166;"T22";0.426498835440725;1;2;1;"S-1-NA";2;"S-1"
-16.7685614000157;7.90569659745651;-3.71903738959294;2.4122116562195;"T22";0.499550171662122;1;2;1;"S-1-NA";2;"S-1"
-16.8407071433197;7.85715378121701;-3.74976957495396;2.42670063517513;"T22";0.501382898073643;1;2;1;"S-1-NA";2;"S-1"
-19.963316174518;7.2071101262983;-6.81246918723464;3.85562530173277;"T22";0.683245784603059;1;2;4;"S-2-NA";2;"S-1"
-20.7676405663753;6.71203745081302;-8.18706715232301;4.35187947249139;"T22";0.752101978287101;1;2;4;"S-2-NA";2;"S-1"
-22.0650418719093;5.18362602546466;-12.0507386436328;5.60060619541522;"T22";0.93814485007897;1;2;4;"S-2-NA";2;"S-1"
-22.0062809326092;5.10062788874209;-12.4227742651775;5.68800659743732;"T22";0.955005711875856;1;2;4;"S-2-NA";2;"S-1"
-22.0513408749345;4.97971289715379;-12.942417477997;5.80844978688943;"T22";0.978619116358459;1;2;4;"S-2-NA";2;"S-1"
-22.1837814260878;4.94032795513879;-13.3186757749079;5.893417785181;"T22";0.995681947097182;1;2;4;"S-2-NA";2;"S-1"
-21.9349122495125;4.86582844643873;-13.7362249807251;5.98640599014585;"T22";1.01450422080234;1;2;4;"S-2-NA";2;"S-1"
-22.2084598916289;4.69310273813199;-14.332412519323;6.11865845834465;"T22";1.04168406687677;1;2;4;"S-2-NA";2;"S-1"
-22.1946218258878;4.43859876409525;-15.9368546258397;6.45770995853923;"T22";1.11392870312557;1;2;4;"S-2-NA";2;"S-1"
-22.4405739048733;4.10406628057709;-17.3924675555929;6.74881119025598;"T22";1.17951274150982;1;2;4;"S-2-NA";2;"S-1"
-22.5131656539463;4.01938438924262;-18.2681796097653;6.90896664475813;"T22";1.2185363448225;1;2;4;"S-2-NA";2;"S-1"
-22.3475854350616;3.87456374976486;-19.1639753328561;7.06889738931383;"T22";1.25832620542496;1;2;4;"S-2-NA";2;"S-1"
-22.3750160414593;3.84484919899472;-19.4975856983515;7.12673784963785;"T22";1.2732544564642;1;2;4;"S-2-NA";2;"S-1"
-22.8082975049042;3.53630428651795;-20.3463869624005;7.27259306842908;"T22";1.31118968129158;1;2;4;"S-2-NA";2;"S-1"
-22.8651873438488;3.51113504111926;-21.4300718604162;7.44061260383121;"T22";1.35870242957026;1;2;4;"S-2-NA";2;"S-1"
-22.8936933453037;2.88347474876547;-24.1307327083954;7.85532098976838;"T22";1.47681477246806;1;2;4;"S-2-NA";2;"S-1"
-23.1214952137605;2.16585575882552;-27.9743700259376;8.33942947245753;"T22";1.64470543386415;1;2;4;"S-2-NA";2;"S-1"
-22.2943868873306;2.09049557838446;-29.9242988926875;8.52208481659967;"T22";1.72903946368024;1;2;2;"S-3";2;"S-1"
-22.4097297465096;2.07984990049243;-31.0924264706721;8.63161756800956;"T22";1.7814350547269;1;2;2;"S-3";2;"S-1"
-22.5248112808404;1.92898252112101;-32.1765201417313;8.73223244107505;"T22";1.82981108082458;1;2;2;"S-3";2;"S-1"
-22.2513689197753;2.12872686452267;-33.3055409819688;8.82891966476122;"T22";1.87993451254442;1;2;2;"S-3";2;"S-1"
-22.2342175527746;2.15049431390024;-33.776540770808;8.87397891065758;"T22";1.90110174007714;1;2;2;"S-3";2;"S-1"
-22.2292297983548;2.21164141944339;-33.9109702878784;8.88698093833829;"T22";1.90714780474082;1;2;2;"S-3";2;"S-1"
-21.9431554095648;2.47534746753534;-37.0647449303565;9.20075782985304;"T22";2.04902292462066;1;2;2;"S-3";2;"S-1"
-21.8122713592566;2.56038783894961;-37.26408379403;9.22324470296522;"T22";2.05810725456104;1;2;2;"S-3";2;"S-1"
-21.6973056555079;2.58676723621545;-37.9079166093865;9.29881967100062;"T22";2.08762425463647;1;2;2;"S-3";2;"S-1"
-21.5647633445053;2.60686003435158;-39.2155509379849;9.45471670687568;"T22";2.14789138408378;1;2;2;"S-3";2;"S-1"
-21.0614199162031;2.24774498080668;-43.0977834217347;9.92402103191144;"T22";2.32791805174202;1;2;2;"S-3";2;"S-1"
-21.0561968112244;1.95542372277218;-44.7887093303365;10.1044822847186;"T22";2.40820351755247;1;2;2;"S-3";2;"S-1"
-20.9385104740382;2.04520116196913;-44.9517279414931;10.1196213177722;"T22";2.41594559047371;1;2;2;"S-3";2;"S-1"
-20.963351192915;2.05256126671072;-45.0764897508078;10.1318076190708;"T22";2.42190407589078;1;2;2;"S-3";2;"S-1"
-20.9017633214054;2.09369971254786;-45.8010560412509;10.2027512716024;"T22";2.45646755211055;1;2;2;"S-3";2;"S-1"
-21.0559399470808;2.07302962163857;-46.6264033679316;10.2854251318912;"T22";2.49595452332869;1;2;2;"S-3";2;"S-1"
-21.0359591818543;2.13214546043432;-47.0063434162373;10.3228315348618;"T22";2.51399884000421;1;2;2;"S-3";2;"S-1"
-21.2636441344358;2.17918601179798;-47.9723367106975;10.420741889212;"T22";2.55991988815367;1;2;2;"S-3";2;"S-1"
-21.4176138584167;1.89307016221123;-49.6981453307914;10.5976098794856;"T22";2.64108229894191;1;2;2;"S-3";2;"S-1"
-21.4981088067952;1.87590150564174;-49.818455890426;10.6082439460136;"T22";2.64669966418296;1;2;2;"S-3";2;"S-1"
-21.6713117992809;2.04812420329436;-52.7804711078754;10.8667061603453;"T22";2.7844799333252;1;2;2;"S-3";2;"S-1"
-20.8457856756244;2.50463773589412;-57.8294973266335;11.3438822952043;"T22";3.01746196346357;1;2;2;"S-3";2;"S-1"
-21.2069546671549;2.61659289146328;-58.8151365319446;11.4623076299945;"T22";3.06474438402802;1;2;2;"S-3";2;"S-1"
-21.4054971524718;2.40686749047381;-60.8897467400021;11.7182807486322;"T22";3.16257126396522;1;2;2;"S-3";2;"S-1"
-21.3905098888026;2.62625204800741;-64.1074924211649;12.0800890924159;"T22";3.31289459718391;1;2;2;"S-3";2;"S-1"
-21.0589168504778;2.72446881335098;-67.5718889277496;12.5054355880266;"T22";3.4748541074805;1;2;2;"S-3";2;"S-1"
-21.3259075854134;2.711473977525;-69.9532062300987;12.8135152851453;"T22";3.58793291961774;1;2;2;"S-3";2;"S-1"
-21.2835166596731;2.62692059284855;-71.082676604512;12.9571213434732;"T22";3.64089527865872;1;2;2;"S-3";2;"S-1"
-21.2374884404604;2.6861385332113;-71.1844160576257;12.9696785476591;"T22";3.64567547803745;1;2;2;"S-3";2;"S-1"
-21.3028232030527;2.59780092241283;-72.0300686293489;13.0766375209381;"T22";3.68549433769658;1;2;2;"S-3";2;"S-1"
-21.5579635190328;2.61785554323709;-72.955679377595;13.1895123466205;"T22";3.7289444822818;1;2;2;"S-3";2;"S-1"
-21.6706941530877;2.46480115500378;-74.9024761837901;13.4259183877642;"T22";3.81924971006811;1;2;2;"S-3";2;"S-1"
-21.7671824755786;2.37219870455798;-76.4619586379192;13.6032922239225;"T22";3.8912124466151;1;2;2;"S-3";2;"S-1"
-21.5387389007112;2.45987719134305;-77.1035399503028;13.6732120842357;"T22";3.92068715300411;1;2;2;"S-3";2;"S-1"
-21.9318972835779;2.13826206586343;-82.2644804878227;14.2626282043087;"T22";4.16029916377738;1;2;2;"S-3";2;"S-1"
-21.8022507418176;2.29272260403102;-84.8298344723687;14.5127387642726;"T22";4.27726825000718;1;2;2;"S-3";2;"S-1"
-21.7389069687326;2.17889768852042;-85.4530937387078;14.5782806491463;"T22";4.30585517315194;1;2;2;"S-3";2;"S-1"
-21.9762629736805;2.64256259548786;-88.1439055178583;14.8479815855488;"T22";4.42963378736749;1;2;2;"S-3";2;"S-1"
-22.3445656271574;2.50040631157389;-88.7606565096986;14.9221435622106;"T22";4.45769820362329;1;2;2;"S-3";2;"S-1"
-22.5820429586688;2.27764949908661;-90.548287136146;15.1221833828862;"T22";4.53770112944767;1;2;2;"S-3";2;"S-1"
-22.5700462951776;2.21132660546151;-90.7291575330919;15.140426168526;"T22";4.54571060836315;1;2;2;"S-3";2;"S-1"
-21.9644057479229;2.28595093398901;-95.727649482592;15.6301592461882;"T22";4.76717634592205;1;2;2;"S-3";2;"S-1"
-22.1094382189105;2.21606385177359;-96.7063276975463;15.7320154222771;"T22";4.81173380976543;1;2;2;"S-3";2;"S-1"
-21.601046984593;2.58188608526093;-104.51189187634;16.5143794266474;"T22";5.16477598575875;1;2;2;"S-3";2;"S-1"
-21.5957205718631;2.49893454910935;-107.907309859959;16.920220053345;"T22";5.32196364365518;1;2;2;"S-3";2;"S-1"
-21.4792340467286;2.49509167228207;-108.060120230485;16.9379024044895;"T22";5.32903959974647;1;2;2;"S-3";2;"S-1"
-21.5636314610243;2.34377311951595;-109.848720670908;17.1456715481297;"T22";5.41231074603274;1;2;2;"S-3";2;"S-1"
-21.7210201208735;2.4370687744101;-111.495123498275;17.3246207523792;"T22";5.48866165336221;1;2;2;"S-3";2;"S-1"
-21.5282542562304;2.41905415788662;-111.818915066111;17.3609497238087;"T22";5.50356848398224;1;2;2;"S-3";2;"S-1"
-21.1923352817044;2.19822240660273;-113.500717099541;17.5499278988752;"T22";5.58168917195871;1;2;2;"S-3";2;"S-1"
-20.7413007421857;2.82969651921089;-116.366487878571;17.8471863866687;"T22";5.71691592922434;1;2;2;"S-3";2;"S-1"
-20.7414597193499;2.82310262125338;-120.403676384794;18.3979723959675;"T22";5.91156083391979;1;2;2;"S-3";2;"S-1"
-20.7941910871484;2.76548793573921;-120.64827438598;18.4312644239948;"T22";5.92335354303941;1;2;2;"S-3";2;"S-1"
-21.1138003200984;2.63082282749997;-122.54764333452;18.6838677539676;"T22";6.01469486718997;1;2;2;"S-3";2;"S-1"
-21.4396709810447;2.42113729545424;-123.276956665948;18.7747416909961;"T22";6.04923688806593;1;2;2;"S-3";2;"S-1"
-21.0448923051776;2.58212044779179;-125.209303716741;18.9929576102876;"T22";6.13936639856547;1;2;2;"S-3";2;"S-1"
-21.2618733890654;2.5108449216533;-125.693995286488;19.0524272428696;"T22";6.16239771479741;1;2;2;"S-3";2;"S-1"
-21.2178929038407;2.41311129273253;-126.821123994446;19.185531477884;"T22";6.21540944557637;1;2;2;"S-3";2;"S-1"
-21.3013410704523;2.56235595301369;-127.149671117859;19.2228971473827;"T22";6.23089388245717;1;2;2;"S-3";2;"S-1"
-21.4287318079841;2.51242125467176;-127.254493112463;19.235506271897;"T22";6.23581479303539;1;2;2;"S-3";2;"S-1"
-21.2188091874504;2.5868815491053;-128.662055691945;19.4005365767074;"T22";6.30150055512786;1;2;2;"S-3";2;"S-1"
-21.5300063862908;2.82971394324294;-130.946640518589;19.6790607051447;"T22";6.40916846459731;1;2;2;"S-3";2;"S-1"
-21.5525711488874;2.48902111496828;-134.095917683803;20.0929738896395;"T22";6.55544232577085;1;2;2;"S-3";2;"S-1"
-21.6288303529539;2.49209624145181;-134.925243100668;20.188749398719;"T22";6.593921512831;1;2;2;"S-3";2;"S-1"
-21.6712651502339;2.42995755966178;-135.310878514207;20.2331827105979;"T22";6.6117512062192;1;2;2;"S-3";2;"S-1"
-21.3476438258923;2.29620521243503;-136.06368622451;20.3175936009609;"T22";6.64648880483583;1;2;2;"S-3";2;"S-1"
-21.1386486446205;2.62363965039326;-143.470744047004;21.1143150058866;"T22";6.99346188921481;1;2;2;"S-3";2;"S-1"
-20.7528239930171;2.93418210159617;-147.274927780737;21.5864741986997;"T22";7.17342532007024;1;2;2;"S-3";2;"S-1"
-21.6851028289423;2.67036947047115;-152.492171167815;22.3241252369963;"T22";7.42482452187687;1;2;2;"S-3";2;"S-1"
-21.6362851298263;2.51279867077315;-153.117450848509;22.4011240773062;"T22";7.45365904876962;1;2;2;"S-3";2;"S-1"
-21.8740632305129;2.40598026631982;-154.896543077015;22.6077446020474;"T22";7.53588629886508;1;2;2;"S-3";2;"S-1"
-21.845961498149;2.47755339139348;-156.188776825532;22.7498804670505;"T22";7.59496237151325;1;2;2;"S-3";2;"S-1"
-21.6058232060595;2.10354580496849;-159.35751112867;23.1092470447052;"T22";7.74001134559512;1;2;2;"S-3";2;"S-1"
-21.3867030037324;2.07989476162975;-160.495696200626;23.2200608938493;"T22";7.79269089689478;1;2;2;"S-3";2;"S-1"
-21.0097821125952;2.1063072394254;-161.594778689596;23.326948613336;"T22";7.84408182371408;1;2;2;"S-3";2;"S-1"
-20.9037822748344;2.24608577685781;-162.418170794049;23.4094966731493;"T22";7.88327271584421;1;2;2;"S-3";2;"S-1"
-20.9013855284555;2.28940979145916;-162.831158698008;23.4538717170959;"T22";7.90302932728082;1;2;2;"S-3";2;"S-1"
-20.6488400050249;2.04259133320994;-164.092197796823;23.591998218629;"T22";7.96336212661117;1;2;2;"S-3";2;"S-1"
-20.8136256224455;2.37323360637898;-166.077784697951;23.7884132518508;"T22";8.05952185764909;1;2;2;"S-3";2;"S-1"
-21.2217070854219;2.3702350098958;-166.7781128036;23.8682668163363;"T22";8.09316943632439;1;2;2;"S-3";2;"S-1"
-21.3014668435569;2.48911757630917;-168.485725402183;24.0589886629911;"T22";8.17363481037319;1;2;2;"S-3";2;"S-1"
-21.2590773457641;2.84964760228427;-172.813939428237;24.5647488383538;"T22";8.37682335404679;1;2;2;"S-3";2;"S-1"
-21.2142052933211;3.09122880765604;-175.68328879913;24.9493673437524;"T22";8.51179390447214;1;2;2;"S-3";2;"S-1"
-21.2164190742512;3.11651441668299;-176.168290715098;25.0200394181328;"T22";8.53465603431687;1;2;2;"S-3";2;"S-1"
-21.3108381542562;2.98872860064379;-177.19934243606;25.1714922877937;"T22";8.58325291192159;1;2;2;"S-3";2;"S-1"
-21.404819516018;2.92422299289391;-178.805820228111;25.3967920197258;"T22";8.65863604703918;1;2;2;"S-3";2;"S-1"
-21.3888059938516;2.80243917682045;-182.207890769384;25.8615664548847;"T22";8.81757551105693;1;2;2;"S-3";2;"S-1"
-21.5801020036769;2.50319894830946;-182.957590810782;25.9597948818236;"T22";8.85262655792758;1;2;2;"S-3";2;"S-1"
-21.5564889130532;2.48445572816071;-183.03057029723;25.9682601881365;"T22";8.85600835317746;1;2;2;"S-3";2;"S-1"
-21.4280478694827;2.8477682624714;-184.694206126011;26.159999649097;"T22";8.93318399321288;1;2;2;"S-3";2;"S-1"
-22.0047521285235;2.36860208747181;-185.612213636562;26.2820020204367;"T22";8.97602539043874;1;2;2;"S-3";2;"S-1"
-21.5639846295867;2.72077309944786;-188.662958794335;26.6103856944195;"T22";9.11466567777097;1;2;2;"S-3";2;"S-1"
-21.3491210647896;2.49902007264472;-195.671206497401;27.4946309836044;"T22";9.43966348422691;1;2;2;"S-3";2;"S-1"
-21.3913083685282;2.4279725221654;-195.929145857994;27.5248240598296;"T22";9.45174545049667;1;2;2;"S-3";2;"S-1"
-21.317782969109;2.37208476632257;-196.259446609955;27.5623141065343;"T22";9.46718633640558;1;2;2;"S-3";2;"S-1"
-21.1929351734358;2.29802295066127;-199.482680975341;27.9209717187024;"T22";9.61838565999642;1;2;2;"S-3";2;"S-1"
-21.0956310155598;2.53686064759692;-203.03716985791;28.3063971901233;"T22";9.786106122192;1;2;2;"S-3";2;"S-1"
-21.1520907327428;2.59440298490571;-203.426529653389;28.3532197545765;"T22";9.80456301476806;1;2;2;"S-3";2;"S-1"
-21.1471800591256;2.60803333698705;-205.224877602753;28.5737955523394;"T22";9.88958288216963;1;2;2;"S-3";2;"S-1"
-21.2196754696081;2.79407201924298;-205.928908284354;28.660622045647;"T22";9.92287482367828;1;2;2;"S-3";2;"S-1"
-21.153319440063;2.95365286049069;-206.518839763644;28.7383004739489;"T22";9.95067597832531;1;2;2;"S-3";2;"S-1"
-21.1257042482968;2.95226118120469;-206.577936776528;28.7465522313927;"T22";9.95346972486004;1;2;2;"S-3";2;"S-1"
-20.9425467936047;3.20687245234487;-208.085978251835;28.9572970309444;"T22";10.0248539238237;1;2;2;"S-3";2;"S-1"
-21.1466414178114;3.38364690063627;-211.43112795403;29.4695302628746;"T22";10.1845837663859;1;2;2;"S-3";2;"S-1"
-21.269518771848;3.10825642208738;-214.31969451205;29.9317260833937;"T22";10.3211807087064;1;2;2;"S-3";2;"S-1"
-21.2114815212238;3.05585091365252;-214.640297436149;29.9785779237413;"T22";10.3362540598027;1;2;2;"S-3";2;"S-1"
-21.8206609788223;3.11071217724158;-218.329307617631;30.5100384500735;"T22";10.5101697845384;1;2;2;"S-3";2;"S-1"
-21.6580628685144;3.32020765499999;-219.090295627502;30.6185234621149;"T22";10.5450444389135;1;2;2;"S-3";2;"S-1"
-21.8130623129606;2.97941171079107;-220.226778983489;30.7927477572994;"T22";10.5975183541887;1;2;2;"S-3";2;"S-1"
-21.8846648809186;2.94823557377382;-221.583819283081;30.9781037473302;"T22";10.6597306323238;1;2;2;"S-3";2;"S-1"
-21.9193403139427;2.9182117145771;-222.236769664258;31.0660672392169;"T22";10.689566610381;1;2;2;"S-3";2;"S-1"
-21.850151995636;2.82975520766266;-223.086790802316;31.1792340411001;"T22";10.7283461140469;1;2;2;"S-3";2;"S-1"
-21.7709428111167;2.86790693545286;-223.206158404794;31.1946930225664;"T22";10.7338091242127;1;2;2;"S-3";2;"S-1"
-21.7236391054339;2.84324561310007;-226.216331989485;31.5912260425349;"T22";10.8720747753978;1;2;2;"S-3";2;"S-1"
-21.7709349681616;2.37258963999478;-230.721829826791;32.180917157296;"T22";11.0794754698873;1;2;2;"S-3";2;"S-1"
-21.6660888837453;1.88847765602479;-234.302833998925;32.5711738647828;"T22";11.2439610180445;1;2;2;"S-3";2;"S-1"
-21.4070592621665;1.6979942555226;-235.401078246784;32.6668999431751;"T22";11.2946505658329;1;2;2;"S-3";2;"S-1"
-21.1906457334361;1.92597874801213;-236.438714720072;32.7492046048937;"T22";11.343122262042;1;2;2;"S-3";2;"S-1"
-21.2956186149867;2.48527133009938;-240.468633657321;33.1154765121772;"T22";11.5332966903225;1;2;2;"S-3";2;"S-1"
-21.3702593769766;2.62624149805409;-243.716857529734;33.4945553175316;"T22";11.6858268389478;1;2;2;"S-3";2;"S-1"
-21.4216969650998;2.56611843130131;-243.816357617957;33.5067831176786;"T22";11.6904828464612;1;2;2;"S-3";2;"S-1"
-21.4159447517984;2.47092946053205;-244.422297748729;33.579369063618;"T22";11.7187691270374;1;2;2;"S-3";2;"S-1"
-21.4382932756476;2.42063390501805;-244.6137323226;33.6014564071288;"T22";11.7277080076747;1;2;2;"S-3";2;"S-1"
-21.7535137581247;2.41317698865352;-246.841047444268;33.852946319658;"T22";11.8316022446379;1;2;2;"S-3";2;"S-1"
-21.5706449137447;2.86403697123286;-248.96100048176;34.0881185288002;"T22";11.929055606015;1;2;2;"S-3";2;"S-1"
-21.7501504451047;2.78107975737013;-249.3865066651;34.14461500563;"T22";11.948781774845;1;2;2;"S-3";2;"S-1"
-21.7075047737431;2.64735145212947;-249.552900127841;34.1658908810386;"T22";11.9564319960773;1;2;2;"S-3";2;"S-1"
-21.1497691955236;2.64263132363149;-252.634491656125;34.5417081798163;"T22";12.098391726613;1;2;2;"S-3";2;"S-1"
-21.4618558398861;2.90125911726266;-254.483422004752;34.7727291999194;"T22";12.1858125552535;1;2;2;"S-3";2;"S-1"
-21.5449763712155;2.96022802366888;-255.446174459203;34.9028761153111;"T22";12.2306713252328;1;2;2;"S-3";2;"S-1"
-21.5269411709121;2.82484817565514;-256.096054650822;34.9921680932698;"T22";12.2608352103271;1;2;2;"S-3";2;"S-1"
-20.9611166592038;3.27178429135309;-258.703872219373;35.3343759639782;"T22";12.3819772503339;1;2;2;"S-3";2;"S-1"
-21.2776884115833;2.90934743589968;-259.855001090832;35.5140536700944;"T22";12.4368945951574;1;2;2;"S-3";2;"S-1"
-21.4806566720983;2.92130828313437;-260.31721470824;35.5772532045849;"T22";12.4586175195873;1;2;2;"S-3";2;"S-1"
-21.7346550480441;2.75911323966883;-261.654119943222;35.7590685185362;"T22";12.5208551529795;1;2;2;"S-3";2;"S-1"
-21.6155595304346;2.79625652367587;-261.949331182353;35.7965442105398;"T22";12.5344376661815;1;2;2;"S-3";2;"S-1"
-21.6423133795323;2.81537864899876;-262.886254301433;35.9177475215261;"T22";12.5777825131081;1;2;2;"S-3";2;"S-1"
-21.9323206911285;2.55168623706386;-264.685682750344;36.1518293568006;"T22";12.6609265105799;1;2;2;"S-3";2;"S-1"
-22.0181380648975;2.84881398605278;-265.466735148742;36.2426998434894;"T22";12.6965384464711;1;2;2;"S-3";2;"S-1"
-22.0407948341098;2.82396406551763;-266.166293119656;36.3332120623573;"T22";12.7283103414811;1;2;2;"S-3";2;"S-1"
-22.1573427818692;2.97191106004706;-266.668363925923;36.3975395934611;"T22";12.751089502126;1;2;2;"S-3";2;"S-1"
-22.1202436249149;3.03157261858083;-267.047675760022;36.4484157768583;"T22";12.768208514899;1;2;2;"S-3";2;"S-1"
-22.3982988809324;2.29601253011187;-269.346804178442;36.7635106229219;"T22";12.8721462679096;1;2;2;"S-3";2;"S-1"
-22.1033428864213;2.15093480550406;-270.704854670204;36.9027221301076;"T22";12.9327781265602;1;2;2;"S-3";2;"S-1"
-21.6614534734625;2.21783472200162;-275.574423897846;37.3765928017689;"T22";13.1530873011798;1;2;2;"S-3";2;"S-1"
-21.8156972462091;2.19821473766199;-276.296684290221;37.4505423259085;"T22";13.1864304188639;1;2;2;"S-3";2;"S-1"
-21.5622302410712;2.22785705668936;-282.677995244075;38.0935422550904;"T22";13.4789404808544;1;2;2;"S-3";2;"S-1"
-20.9474508248571;2.7362925517992;-286.65251108315;38.5041979739103;"T22";13.6632681591436;1;2;2;"S-3";2;"S-1"
-21.2592576337533;2.59292953936282;-287.213224962367;38.5774420752675;"T22";13.6900358018465;1;2;2;"S-3";2;"S-1"
-22.0316749087354;2.61261074212304;-289.667595741194;38.8767945081044;"T22";13.805485307239;1;2;2;"S-3";2;"S-1"
-21.7450911896719;2.41796616954111;-291.24552759836;39.0639124524934;"T22";13.8771063648164;1;2;2;"S-3";2;"S-1"
-21.505756823905;2.0289627089251;-297.026187424137;39.7066984391989;"T22";14.1429438255727;1;2;2;"S-3";2;"S-1"
-21.6507272850697;1.88295720926052;-297.457542864287;39.7473947099473;"T22";14.1630014986731;1;2;2;"S-3";2;"S-1"
-21.7333615970343;1.90862615014511;-297.758889760601;39.7736027584545;"T22";14.1769200563431;1;2;2;"S-3";2;"S-1"
-21.7549318486503;1.82660724802253;-298.229153443836;39.814901365634;"T22";14.1985579277389;1;2;2;"S-3";2;"S-1"
-21.6258225757278;1.83220597100916;-301.577271813433;40.0960191059096;"T22";14.352459507063;1;2;2;"S-3";2;"S-1"
-21.6278311665365;1.88497526471135;-301.877307588328;40.121439056358;"T22";14.3663334660232;1;2;2;"S-3";2;"S-1"
-21.3594538706991;1.81134385733181;-303.912504767548;40.298816820781;"T22";14.4604343106039;1;2;2;"S-3";2;"S-1"
-21.1556007461359;1.83881415430756;-308.7561111192;40.7095687372631;"T22";14.6872007055208;1;2;2;"S-3";2;"S-1"
-21.3883260554471;2.28291358774161;-314.233197476708;41.1856291450674;"T22";14.9460960412398;1;2;2;"S-3";2;"S-1"
-21.0529539979231;2.37091321170883;-316.594444573316;41.4376602328152;"T22";15.0564949144609;1;2;2;"S-3";2;"S-1"
-21.4260646856473;2.20903427850793;-319.707215167849;41.7882100382405;"T22";15.2043492533267;1;2;2;"S-3";2;"S-1"
-20.839736371063;2.51714552828791;-321.06963815708;41.9286762941392;"T22";15.2679364313371;1;2;2;"S-3";2;"S-1"
-20.9611863351061;2.86388604481083;-325.168929941466;42.4238127872545;"T22";15.4646419803612;1;2;2;"S-3";2;"S-1"
-20.7046268857993;2.77246888959067;-325.977773864909;42.5343235564327;"T22";15.5032296781428;1;2;2;"S-3";2;"S-1"
-20.8405538722498;2.82302942965711;-326.287263151216;42.5757659558867;"T22";15.5181775102392;1;2;2;"S-3";2;"S-1"
-20.5706547209355;2.98661413357319;-327.55712876975;42.7477800028648;"T22";15.5791099416092;1;2;2;"S-3";2;"S-1"
-20.6571746306955;2.94200261851664;-327.836208106097;42.7882989995437;"T22";15.5926768085919;1;2;2;"S-3";2;"S-1"
-20.6106135555934;2.96559365706808;-328.869219471988;42.9354208687123;"T22";15.642684197519;1;2;2;"S-3";2;"S-1"
-20.5278421804947;3.25537736027303;-330.365148234757;43.1506651572108;"T22";15.7152647036128;1;2;2;"S-3";2;"S-1"
-20.6520969410199;3.557214415613;-332.262694042522;43.4515846405333;"T22";15.8077023690566;1;2;2;"S-3";2;"S-1"
-21.7905655801211;3.22423979856158;-341.080248502457;44.9703617373537;"T22";16.2346592289396;1;2;2;"S-3";2;"S-1"
-22.5679580324069;2.90232794144705;-342.994917127823;45.2536655717706;"T22";16.3225260912441;1;2;2;"S-3";2;"S-1"
-22.7279310634174;2.52959526031274;-346.008060134381;45.6411675835588;"T22";16.4560402976349;1;2;2;"S-3";2;"S-1"
-21.42243751927;2.03155797086578;-352.827709270203;46.400187490951;"T22";16.7560961679555;1;2;2;"S-3";2;"S-1"
-21.0847841349385;2.10375171531096;-353.260322853868;46.4412136147714;"T22";16.7762905824929;1;2;2;"S-3";2;"S-1"
-21.2494397516286;2.0147443540656;-353.625804964955;46.4776798936383;"T22";16.7936245095916;1;2;2;"S-3";2;"S-1"
-21.1523132952002;1.94665201974329;-353.726738345958;46.4872497910987;"T22";16.7983744409867;1;2;2;"S-3";2;"S-1"
-20.901586293961;2.25248157713731;-356.190467010198;46.713987279023;"T22";16.9148500543088;1;2;2;"S-3";2;"S-1"
-21.0256436518972;2.62173169828526;-360.834142098439;47.2144178415347;"T22";17.1370186028071;1;2;2;"S-3";2;"S-1"
-20.7078665143652;2.56690414325353;-363.314339055389;47.5236788129314;"T22";17.2549791750498;1;2;2;"S-3";2;"S-1"
-20.6406991046514;2.6241846493177;-363.371037336347;47.5307070141324;"T22";17.2577171819285;1;2;2;"S-3";2;"S-1"
-20.8034800361359;2.4534096848759;-363.818313157896;47.5875720621121;"T22";17.279386788141;1;2;2;"S-3";2;"S-1"
-21.3202526382646;2.62309313007054;-364.545393782539;47.6733186123569;"T22";17.3143367399462;1;2;2;"S-3";2;"S-1"
-21.5872633294035;2.5073972481527;-365.422483885213;47.7812295767255;"T22";17.3554755630903;1;2;2;"S-3";2;"S-1"
-21.5217840567223;2.50112999620038;-366.219781977787;47.8738371024119;"T22";17.3924092901871;1;2;2;"S-3";2;"S-1"
-21.7101895030403;2.48797052067647;-373.352354457137;48.7027410134983;"T22";17.7238210570067;1;2;2;"S-3";2;"S-1"
-21.4212090012472;2.56976516115319;-374.450663109964;48.8286063151556;"T22";17.7744106040336;1;2;2;"S-3";2;"S-1"
-21.6061414108213;2.53445092002493;-375.488281706897;48.9530827684131;"T22";17.822849447839;1;2;2;"S-3";2;"S-1"
-22.1311876055526;2.37822200789862;-376.815585754475;49.1087786374985;"T22";17.884281242732;1;2;2;"S-3";2;"S-1"
-22.1723827057557;2.23374985071037;-377.620520696265;49.1952771132065;"T22";17.9206523112953;1;2;2;"S-3";2;"S-1"
-21.7560172117267;2.28689096555525;-380.784959116521;49.5140774849408;"T22";18.0633721291088;1;2;2;"S-3";2;"S-1"
-22.4076893414399;2.29696360582517;-395.877433898813;51.1005279777677;"T22";18.7570870970376;1;2;2;"S-3";2;"S-1"
-21.7346868722003;2.44104789496594;-398.49943472158;51.3693035919137;"T22";18.874100537505;1;2;2;"S-3";2;"S-1"
-21.252831709611;2.18120230174048;-401.729935928417;51.7321249298518;"T22";19.0227339742705;1;2;2;"S-3";2;"S-1"
-21.359316776728;2.31315007601211;-402.678104462948;51.8294365454621;"T22";19.067347724922;1;2;2;"S-3";2;"S-1"
-21.36155468072;2.31129623947726;-402.726588491983;51.8346872206883;"T22";19.0696176490746;1;2;2;"S-3";2;"S-1"
-21.6520800402719;2.39638784025643;-405.380464305321;52.1218336048858;"T22";19.1938537289388;1;2;2;"S-3";2;"S-1"
-21.6868083458444;2.50220163305144;-407.660271518532;52.3741558886437;"T22";19.2991464864463;1;2;2;"S-3";2;"S-1"
-21.5712223629368;2.73478167099255;-408.243556934698;52.4414547598095;"T22";19.3260423489846;1;2;2;"S-3";2;"S-1"
-21.3221828755253;2.9729618109806;-408.840892235594;52.5171844335778;"T22";19.353733654134;1;2;2;"S-3";2;"S-1"
-21.0717154871648;2.82441018520964;-411.922994544711;52.946923382729;"T22";19.4982827524655;1;2;2;"S-3";2;"S-1"
-21.1477093878996;2.99738751538538;-414.69377181719;53.318312772174;"T22";19.629775476642;1;2;2;"S-3";2;"S-1"
-21.1860560644894;2.91909709463891;-415.425076993413;53.4219648966165;"T22";19.6643562987447;1;2;2;"S-3";2;"S-1"
-21.527618899255;2.78061360013411;-417.67783165856;53.7323581844445;"T22";19.7706882492639;1;2;2;"S-3";2;"S-1"
-21.4997248011707;2.69715341909724;-418.186722881777;53.798089088679;"T22";19.7943272418343;1;2;2;"S-3";2;"S-1"
-21.3797598058718;2.65604569292912;-422.953497953754;54.3960838910474;"T22";20.0160405482166;1;2;2;"S-3";2;"S-1"
-21.4810850248954;2.6089744372278;-423.378122630294;54.4488357719608;"T22";20.0359016074799;1;2;2;"S-3";2;"S-1"
-21.4943735771688;2.53550854428181;-424.159419648586;54.543727810526;"T22";20.0722730020061;1;2;2;"S-3";2;"S-1"
-21.6463154353233;2.40200360052498;-428.230815303189;55.0239957481952;"T22";20.2616898110136;1;2;2;"S-3";2;"S-1"
-21.6643739081222;2.68595833008742;-430.959403027372;55.3267760323234;"T22";20.3877430292778;1;2;2;"S-3";2;"S-1"
-21.6608715135668;2.77216251373437;-431.508232631707;55.3948201610767;"T22";20.4130763071589;1;2;2;"S-3";2;"S-1"
-21.4238068858086;2.76041217362218;-432.278398978078;55.4933861986164;"T22";20.448631956242;1;2;2;"S-3";2;"S-1"
-21.3401577212621;2.87522020585988;-432.999830592419;55.5863411352099;"T22";20.4823062522337;1;2;2;"S-3";2;"S-1"
-21.414797063117;2.68574401089012;-435.847135862319;55.9699666805878;"T22";20.6157310050912;1;2;2;"S-3";2;"S-1"
-21.6344174236315;2.75280992758179;-436.856349139945;56.096537504869;"T22";20.6628579180688;1;2;2;"S-3";2;"S-1"
-21.7091115245608;2.88481446622123;-439.626696423328;56.4490424674577;"T22";20.7909106975421;1;2;2;"S-3";2;"S-1"
-22.0362440799236;2.5745798790951;-440.649279938325;56.5849284392833;"T22";20.838014583569;1;2;2;"S-3";2;"S-1"
-21.3150314383968;2.73596058666599;-442.390159811395;56.7883221880941;"T22";20.9170153364539;1;2;2;"S-3";2;"S-1"
-21.2274425675096;2.83759933546579;-442.665763033217;56.8236981411928;"T22";20.9299453301355;1;2;2;"S-3";2;"S-1"
-21.110449081192;2.74471576697346;-443.283363991167;56.9062565587831;"T22";20.9590397891589;1;2;2;"S-3";2;"S-1"
-21.1268880894666;2.69432317967673;-443.782562084365;56.9711607620037;"T22";20.9826867561787;1;2;2;"S-3";2;"S-1"
-21.1491185080342;2.59220984865199;-444.874831007496;57.1104583937974;"T22";21.0343871731311;1;2;2;"S-3";2;"S-1"
-21.3569927334632;2.75507565129014;-446.374028094952;57.294212314969;"T22";21.1052741506137;1;2;2;"S-3";2;"S-1"
-21.2532860502006;2.95758653046903;-447.675580878954;57.4621140616627;"T22";21.1662168498151;1;2;2;"S-3";2;"S-1"
-13.3572684275044;-1.92012814222996;-453.425362979503;58.262248123452;"T22";21.4367529959418;3;2;1;"S-4-NA";3;"S-2"
-10.1315398839695;-2.46630996924578;-455.265066570923;57.9977878665949;"T22";21.574483520817;3;2;1;"S-4-NA";3;"S-2"
-7.61825836108354;-1.98943021807379;-456.85129435335;57.6116541260089;"T22";21.7310468666255;3;2;7;"S-5-NA";3;"S-2"
-6.35080032117078;-1.70235512011379;-457.518499494689;57.4374203304453;"T22";21.8186266138218;3;2;7;"S-5-NA";3;"S-2"
-5.92685817453841;-1.45059192091871;-457.707676194504;57.3867108281386;"T22";21.848414465785;3;2;7;"S-5-NA";3;"S-2"
-5.80423228174695;-1.19652841653886;-458.064242975165;57.2994415066765;"T22";21.9085756456479;3;2;7;"S-5-NA";3;"S-2"
-5.721446915477;-1.06984464447927;-458.116350985494;57.2886995666469;"T22";21.9175532343797;3;2;7;"S-5-NA";3;"S-2"
-5.64553992714083;-1.09103391041857;-458.131576810815;57.2858525127603;"T22";21.9202144187875;3;2;7;"S-5-NA";3;"S-2"
-4.78119416647931;-1.01279541867919;-458.447094835332;57.2248767923617;"T22";21.9761024345644;3;2;7;"S-5-NA";3;"S-2"
-4.18738249036756;-0.726138548103392;-459.118187134008;57.082720004341;"T22";22.116463247221;3;2;7;"S-5-NA";3;"S-2"
-4.1599641813977;-0.669125799169027;-459.307822895425;57.0498350608757;"T22";22.1617506700568;3;2;7;"S-5-NA";3;"S-2"
-4.13484321544465;-0.657935196860587;-459.330174616124;57.0462398104545;"T22";22.1671237261035;3;2;7;"S-5-NA";3;"S-2"
-3.26191650085336;0.39985450640197;-460.003979356492;56.9390241721822;"T22";22.3300814745016;3;2;7;"S-5-NA";3;"S-2"
-3.17476305162763;0.40951943575089;-460.039732246171;56.9434068576528;"T22";22.3410421749577;3;2;7;"S-5-NA";3;"S-2"
-3.64758974807386;0.862794210818596;-460.507708190642;57.0037720696729;"T22";22.4884471739642;3;2;7;"S-5-NA";3;"S-2"
-3.71864820100968;0.888385424375475;-460.554572007736;57.0148571512962;"T22";22.5012950599194;3;2;7;"S-5-NA";3;"S-2"
-3.82887498237142;0.947898685530349;-460.628686009946;57.0325629937816;"T22";22.5212254212238;3;2;7;"S-5-NA";3;"S-2"
-3.8955542692135;0.953421811650403;-460.867614575825;57.0917135470317;"T22";22.5836271885782;3;2;3;"S-6-NA";3;"S-2"
-3.72294411607135;1.04688868165058;-461.03867905377;57.1335809151133;"T22";22.6275399327278;3;2;7;"S-7-NA";3;"S-2"
-3.57696568263831;1.36118689861875;-461.210306394089;57.1818423755166;"T22";22.6736398297362;3;2;3;"S-8";3;"S-2"
-3.81804799450418;1.59971960512208;-461.338246602848;57.2305290422114;"T22";22.7094076341018;3;2;3;"S-8";3;"S-2"
-3.88723722364492;1.86090992605675;-461.600125264175;57.3402532859326;"T22";22.7779973065481;3;2;3;"S-8";3;"S-2"
-3.82122550246149;1.95255391684519;-461.61413530868;57.3469602166868;"T22";22.781601420138;3;2;3;"S-8";3;"S-2"
-3.87389867899032;1.94176223731993;-461.627700984932;57.3538919495256;"T22";22.7851515053771;3;2;3;"S-8";3;"S-2"
-4.43051298293821;1.8986119743759;-462.464792283429;57.7734775936793;"T22";23.0012364801951;3;2;3;"S-8";3;"S-2"
-4.33247917153718;1.86977642709994;-462.543654519267;57.8072725031774;"T22";23.0190362781286;3;2;3;"S-8";3;"S-2"
-4.24635688500728;1.93776043558965;-462.560356883234;57.8144807747432;"T22";23.0228914297186;3;2;3;"S-8";3;"S-2"
-4.53844524859023;1.82117703277547;-462.662283077353;57.860993244529;"T22";23.0468946392648;3;2;3;"S-8";3;"S-2"
-4.48024353723311;1.88175208444286;-462.703778466909;57.8776444204904;"T22";23.0560377240181;3;2;3;"S-8";3;"S-2"
-4.55687079134483;1.38947262344364;-463.193501552726;58.0833335599038;"T22";23.1653449707665;3;2;3;"S-8";3;"S-2"
-4.4536675290296;1.57010844426217;-463.633620853249;58.2175339239537;"T22";23.2619286398403;3;2;3;"S-8";3;"S-2"
-4.03895009286533;1.97209102407181;-464.249232309187;58.4345633135641;"T22";23.4001543722115;3;2;3;"S-8";3;"S-2"
-4.48512701936328;1.8733704771937;-464.622573975683;58.6168541892817;"T22";23.4925896977074;3;2;3;"S-8";3;"S-2"
-4.58101362977463;1.86446607122464;-464.696920143015;58.6479074714676;"T22";23.5091658541933;3;2;3;"S-8";3;"S-2"
-4.56369437903681;2.00371216628742;-464.848061999276;58.7094219932994;"T22";23.5421589575708;3;2;3;"S-8";3;"S-2"
-4.55655435862295;2.01070923429395;-465.333774908947;58.9226766036216;"T22";23.6485887202434;3;2;3;"S-8";3;"S-2"
-4.49952139541721;1.81434823126434;-466.931026040793;59.6275091036905;"T22";23.9991279668175;3;2;3;"S-8";3;"S-2"
-4.48855641989668;1.88282158969903;-466.983626474999;59.6487192494769;"T22";24.0108181955293;3;2;3;"S-8";3;"S-2"
-4.48344204783859;2.19695519285692;-467.765175010327;59.9765566025268;"T22";24.1849384387024;3;2;3;"S-8";3;"S-2"
-4.66978837278121;2.15349323500871;-467.849419319104;60.0178376026292;"T22";24.2037285352126;3;2;3;"S-8";3;"S-2"
-4.66311141698002;2.305965600293;-468.177788508138;60.1692664834947;"T22";24.2740463232622;3;2;3;"S-8";3;"S-2"
-4.72215386600431;2.26385417994794;-468.200601610892;60.1805478416873;"T22";24.2789385723881;3;2;3;"S-8";3;"S-2"
-5.40543573476614;2.18624306801356;-468.545123619748;60.3457156045271;"T22";24.3518972303718;3;2;3;"S-8";3;"S-2"
-5.15020754313324;2.18683312763359;-469.06371500459;60.5554612894032;"T22";24.4478360982612;3;2;3;"S-8";3;"S-2"
-5.01498005739599;2.27445112385147;-469.362433213792;60.6823002313761;"T22";24.5058372966014;3;2;3;"S-8";3;"S-2"
-4.85035850681733;2.29750566350597;-469.710643561848;60.8402245717338;"T22";24.5752713410184;3;2;3;"S-8";3;"S-2"
-4.76047877599583;2.36644059953936;-470.839370840675;61.3748772808096;"T22";24.8079814133234;3;2;3;"S-8";3;"S-2"
-4.58771503019839;2.43690167041992;-471.010655667581;61.4600232057363;"T22";24.8439620016143;3;2;3;"S-8";3;"S-2"
-4.79186396699094;2.44453567986559;-471.196667672197;61.5588290299393;"T22";24.8845076770522;3;2;3;"S-8";3;"S-2"
-4.42347988526304;2.5625941218924;-471.353261679513;61.6387143607362;"T22";24.9171868199483;3;2;3;"S-8";3;"S-2"
-4.30303708446135;2.6907663995907;-471.386938779187;61.6582240544401;"T22";24.9248000793159;3;2;3;"S-8";3;"S-2"
-4.2416171659266;2.73608408050538;-471.472318648068;61.7116136204317;"T22";24.9446418485604;3;2;3;"S-8";3;"S-2"
-4.38998599989983;2.55784693938799;-472.333280459307;62.2669829084895;"T22";25.1476214616559;3;2;3;"S-8";3;"S-2"
-4.14817665472637;2.5656778410048;-472.583579077912;62.4128206299641;"T22";25.2046372741461;3;2;3;"S-8";3;"S-2"
-4.289120112828;2.43992247797215;-473.236471657644;62.816639503605;"T22";25.3620299394242;3;2;3;"S-8";3;"S-2"
-4.38995349087803;2.51096579567188;-473.747655980827;63.107433439823;"T22";25.4812115686946;3;2;3;"S-8";3;"S-2"
-4.38943843062004;2.49504242295017;-473.785749721792;63.1292222994981;"T22";25.4898890503682;3;2;3;"S-8";3;"S-2"
-4.37681616338855;2.35235718719022;-473.882687400753;63.1843235670548;"T22";25.5119733512402;3;2;3;"S-8";3;"S-2"
-4.19209595616085;2.45949004813318;-474.384163071362;63.4538459444914;"T22";25.6265487987548;3;2;3;"S-8";3;"S-2"
-4.15957866720209;2.43229098662516;-474.402580226222;63.464651233675;"T22";25.630942103453;3;2;3;"S-8";3;"S-2"
-4.1320272695084;2.72956230999274;-474.65900930833;63.6145967437907;"T22";25.6925899535418;3;2;3;"S-8";3;"S-2"
-4.38211235587413;2.98118991816709;-475.530842578227;64.1905182174146;"T22";25.9035840281285;3;2;3;"S-8";3;"S-2"
-4.66844493720946;2.69254035951322;-475.672952044037;64.2871965479422;"T22";25.9360134718008;3;2;3;"S-8";3;"S-2"
-4.42568316207876;2.24651049043889;-476.048311951129;64.503686559666;"T22";26.0164170991629;3;2;3;"S-8";3;"S-2"
-4.45354364848743;1.94961902824362;-476.650754492695;64.8094909835139;"T22";26.152541290503;3;2;3;"S-8";3;"S-2"
-4.2225206847412;2.08047735482247;-476.781719951063;64.8668234741847;"T22";26.1819483130239;3;2;3;"S-8";3;"S-2"
-4.26960681493043;2.19587430719608;-476.995481010853;64.9721456448592;"T22";26.2325723539107;3;2;3;"S-8";3;"S-2"
-4.39859942563443;1.90665086774262;-477.120714005708;65.0365534294014;"T22";26.2619036249816;3;2;3;"S-8";3;"S-2"
-4.4118591254646;1.89189007134582;-477.138633903082;65.0443211264731;"T22";26.2659776257351;3;2;3;"S-8";3;"S-2"
-3.60432204188537;2.52126158577726;-477.834030629765;65.34252062139;"T22";26.4235975104384;3;2;3;"S-8";3;"S-2"
-3.89985989064176;2.49251724793086;-478.357683740579;65.7088215393506;"T22";26.5688822837546;3;2;3;"S-8";3;"S-2"
-4.4102658313851;2.33238427099257;-478.504517443718;65.8026673563575;"T22";26.6065333038568;3;2;3;"S-8";3;"S-2"
-4.4687282359656;2.36892268504688;-478.602149099246;65.8543001935631;"T22";26.6286706668325;3;2;3;"S-8";3;"S-2"
-4.33478339171093;2.31702965514155;-479.068508192609;66.1015223510335;"T22";26.7330312519334;3;2;3;"S-8";3;"S-2"
-4.36806376557852;2.2783994261652;-479.10185832209;66.1193486717577;"T22";26.7407248611562;3;2;3;"S-8";3;"S-2"
-4.40277833806352;2.22236705110283;-479.12901125733;66.1335117507307;"T22";26.7469411017373;3;2;3;"S-8";3;"S-2"
-4.20195561536726;2.43603224027099;-480.014100786629;66.5802736942482;"T22";26.9479708746076;3;2;3;"S-8";3;"S-2"
-4.17196703786577;2.49534774866863;-480.030704948012;66.5898997531964;"T22";26.9519224064425;3;2;3;"S-8";3;"S-2"
-4.08867337129993;2.36529522605531;-480.248212664259;66.7199960327517;"T22";27.0040579373017;3;2;3;"S-8";3;"S-2"
-4.36973014720397;2.25633324361706;-480.418566133717;66.8185454182029;"T22";27.0457226666622;3;2;3;"S-8";3;"S-2"
-4.64182227642497;2.1904127365909;-480.756990473897;66.9932926139048;"T22";27.1231700899079;3;2;3;"S-8";3;"S-2"
-4.87793909132073;2.19365476933741;-480.882627889312;67.0525791997601;"T22";27.1502364892513;3;2;3;"S-8";3;"S-2"
-3.9332529194088;2.18036652921376;-481.728496680251;67.4329742954634;"T22";27.3236434906721;3;2;3;"S-8";3;"S-2"
-3.81118357565614;2.16208446923184;-481.803276538052;67.4744278969348;"T22";27.3426557076164;3;2;3;"S-8";3;"S-2"
-3.76473714782007;2.32774856565779;-482.148013584075;67.6699972255643;"T22";27.4331097723916;3;2;3;"S-8";3;"S-2"
-3.79311292673035;2.29162591346226;-482.273985146381;67.7478858302551;"T22";27.4665706907399;3;2;3;"S-8";3;"S-2"
-3.74212784069755;2.24470817679875;-482.297003997458;67.7617927707141;"T22";27.4726392817684;3;2;3;"S-8";3;"S-2"
-3.99371119222674;2.56562587964997;-482.665817856615;67.9830250536853;"T22";27.5711965397932;3;2;3;"S-8";3;"S-2"
-4.01205093365348;2.43521059496486;-482.705325027181;68.0084051110696;"T22";27.5810888851993;3;2;3;"S-8";3;"S-2"
-3.9942811390588;2.56708244540885;-483.02801347144;68.2042686061569;"T22";27.6615186827257;3;2;3;"S-8";3;"S-2"
-4.10409730666412;2.55763913615957;-483.056378942414;68.2224987957846;"T22";27.6686202036217;3;2;3;"S-8";3;"S-2"
-4.27405560624925;2.79917117687526;-483.528698157966;68.5168441828919;"T22";27.7837050030939;3;2;3;"S-8";3;"S-2"
-4.55464037909856;2.45978914092233;-483.787358857678;68.6862466525663;"T22";27.844223799184;3;2;3;"S-8";3;"S-2"
-4.59795516500493;2.46055983619209;-483.824545420023;68.7063297095435;"T22";27.8523883433081;3;2;3;"S-8";3;"S-2"
-4.59326541219041;2.47618128631982;-483.916034130279;68.7552891790996;"T22";27.8722860384732;3;2;3;"S-8";3;"S-2"
-4.4142653476104;2.45263901846195;-484.174145902781;68.8944345328936;"T22";27.9284795629792;3;2;3;"S-8";3;"S-2"
-4.54675820683865;2.42920500515975;-484.188864121068;68.9026122190112;"T22";27.9318138025701;3;2;3;"S-8";3;"S-2"
-4.53936409769639;2.37659865075293;-484.225142022988;68.9219944814742;"T22";27.9397926526144;3;2;3;"S-8";3;"S-2"
-4.43157768038249;2.43655728341639;-484.25211841681;68.9361180590899;"T22";27.945735421963;3;2;3;"S-8";3;"S-2"
-4.22166047152413;2.19547588478843;-484.44835574245;69.0440127005811;"T22";27.9900170164183;3;2;3;"S-8";3;"S-2"
-3.85060118385767;2.04762085769941;-485.246670739277;69.4591766712086;"T22";28.1791167799383;3;2;3;"S-8";3;"S-2"
-3.87527912097602;2.00388871269015;-485.261932101393;69.4672921528943;"T22";28.1830801512115;3;2;3;"S-8";3;"S-2"
-3.83618653354989;2.2090912723889;-485.57752785241;69.6304852400222;"T22";28.2645183498971;3;2;3;"S-8";3;"S-2"
-4.06256454830994;2.16094418265963;-485.634414733941;69.6632438956314;"T22";28.279347368516;3;2;3;"S-8";3;"S-2"
-3.94664555777808;2.10870256314085;-485.814081718565;69.7588116880003;"T22";28.3235723851249;3;2;3;"S-8";3;"S-2"
-3.88817158903895;2.15801689809482;-485.835761189031;69.7703950831318;"T22";28.329065523576;3;2;3;"S-8";3;"S-2"
-3.85547291782492;2.26370723655282;-486.020963544785;69.873186280519;"T22";28.3766977721825;3;2;3;"S-8";3;"S-2"
-3.40521771782535;2.34124042635736;-486.285293953112;70.0283855701843;"T22";28.4452575608157;3;2;3;"S-8";3;"S-2"
-3.40866334745133;2.30630649828931;-486.299689967496;70.0382834779386;"T22";28.4494851948693;3;2;3;"S-8";3;"S-2"
-3.420028542276;2.35187046113559;-486.355653622121;70.0761485667354;"T22";28.4659032593481;3;2;3;"S-8";3;"S-2"
-3.61200626746835;2.32296751597306;-486.477883347063;70.1602029762265;"T22";28.5016426467337;3;2;3;"S-8";3;"S-2"
-3.5805422820667;2.45282982427102;-486.622453758296;70.2531796612588;"T22";28.5416676080786;3;2;3;"S-8";3;"S-2"
-3.73088934479414;2.48289489554605;-486.645232766523;70.2687842893694;"T22";28.5480294958688;3;2;3;"S-8";3;"S-2"
-3.79831576165019;2.41680246301631;-486.700000771515;70.3052322210738;"T22";28.5627091070637;3;2;3;"S-8";3;"S-2"
-4.04234512975093;2.68431043644393;-487.220666142957;70.6365225694996;"T22";28.6997870658524;3;2;3;"S-8";3;"S-2"
-4.00419312819662;2.8875234459868;-487.408587916621;70.7613116120203;"T22";28.7462753709406;3;2;3;"S-8";3;"S-2"
-4.02969139643889;2.8387679719058;-487.454060094457;70.7941027325875;"T22";28.7576315109618;3;2;3;"S-8";3;"S-2"
-4.17180558016737;2.72279823356998;-487.637386272345;70.9232492182616;"T22";28.8031253614463;3;2;3;"S-8";3;"S-2"
-4.16851298501966;2.69398450002751;-487.713832107763;70.973142863025;"T22";28.8214497617446;3;2;3;"S-8";3;"S-2"
-4.12497433621089;2.76233869424722;-487.919386105465;71.1059862260463;"T22";28.8707608706318;3;2;3;"S-8";3;"S-2"
-4.48802054556395;2.59981956445693;-489.846457356367;72.3964726749458;"T22";29.3379325652495;3;2;3;"S-8";3;"S-2"
-4.44831274146601;2.6227161095624;-489.909546291618;72.4330188196215;"T22";29.3519897502847;3;2;3;"S-8";3;"S-2"
-4.42066156775031;2.32081274229893;-490.193871350123;72.6006562935659;"T22";29.4159072567709;3;2;3;"S-8";3;"S-2"
-4.10245766386148;2.36475058858707;-490.348370634236;72.6817672091494;"T22";29.4508566148579;3;2;3;"S-8";3;"S-2"
-3.80455583740782;2.43493124984981;-490.412293476708;72.7186138000826;"T22";29.4664382119663;3;2;3;"S-8";3;"S-2"
-3.8562400090643;2.69225458299436;-490.745963315198;72.9321638573276;"T22";29.5541409170255;3;2;3;"S-8";3;"S-2"
-3.97609717286515;2.6684399127882;-491.18576594383;73.2392144142862;"T22";29.6681905165315;3;2;3;"S-8";3;"S-2"
-3.92920701061124;2.67895624716844;-491.394775318518;73.3794848687833;"T22";29.7207569819875;3;2;3;"S-8";3;"S-2"
-4.0953908810124;2.84550670785524;-491.554947482882;73.4886911842528;"T22";29.7615214833058;3;2;3;"S-8";3;"S-2"
-4.14967007715535;2.88670026407283;-491.662052543598;73.5631085420995;"T22";29.7876740689389;3;2;3;"S-8";3;"S-2"
-4.3796086230813;2.90260498599246;-491.845774087754;73.6909136495344;"T22";29.8319478402846;3;2;3;"S-8";3;"S-2"
-4.56371100404635;2.57067963447289;-492.117749140394;73.8711663186197;"T22";29.8940481501631;3;2;3;"S-8";3;"S-2"
-4.3854870773742;2.57714097658979;-492.349889938901;74.001928240775;"T22";29.9449148238637;3;2;3;"S-8";3;"S-2"
-4.30484866627086;2.66962022464249;-492.429357305657;74.0486274109144;"T22";29.9630353576504;3;2;3;"S-8";3;"S-2"
-4.49122681755131;2.76211154491882;-492.951102572244;74.3721838989054;"T22";30.0842348020524;3;2;3;"S-8";3;"S-2"
-4.45751542623071;2.8389307804964;-493.039489595628;74.4265420570718;"T22";30.1039147307165;3;2;3;"S-8";3;"S-2"
-4.60233861214696;2.59897209069587;-493.237658540957;74.5527531555963;"T22";30.1483719958924;3;2;3;"S-8";3;"S-2"
-4.4045583285325;2.47171350903454;-493.541012079368;74.724058973439;"T22";30.2142849075608;3;2;3;"S-8";3;"S-2"
-4.48160266952407;2.49034549014035;-493.715549287869;74.8220043164001;"T22";30.2539114025421;3;2;3;"S-8";3;"S-2"
-4.66447742204196;2.55808386274624;-493.861982465885;74.9033745831037;"T22";30.2865856909193;3;2;3;"S-8";3;"S-2"
-5.09584417025378;2.55896574658968;-494.095336644907;75.0313502394636;"T22";30.3366136271507;3;2;3;"S-8";3;"S-2"
-5.08579116316127;2.3991716108859;-494.134831517647;75.0511832687187;"T22";30.3443640354089;3;2;3;"S-8";3;"S-2"
-5.24466118392257;2.04225264541679;-494.480449004819;75.2142248952513;"T22";30.4123215028085;3;2;3;"S-8";3;"S-2"
-4.53717775045463;1.72606038074895;-495.283152709149;75.5267948985681;"T22";30.5653730873019;3;2;3;"S-8";3;"S-2"
-4.39939720112977;1.90017256887992;-495.977735524874;75.7910322604949;"T22";30.7184600620531;3;2;3;"S-8";3;"S-2"
-4.25438998012113;2.13513817950316;-496.171573519647;75.8747541032008;"T22";30.7625201880001;3;2;3;"S-8";3;"S-2"
-4.17956760882864;2.1854246804519;-496.233920073686;75.906043784803;"T22";30.7771748281084;3;2;3;"S-8";3;"S-2"
-4.34149128269522;2.23063582500789;-496.27140966957;75.9256464556465;"T22";30.786144558806;3;2;3;"S-8";3;"S-2"
-4.48009155671145;2.17746944165829;-497.000037743014;76.3000118010776;"T22";30.9539735433646;3;2;3;"S-8";3;"S-2"
-4.46847993954673;2.04800326137564;-497.137836447004;76.3669864294394;"T22";30.9847315540537;3;2;3;"S-8";3;"S-2"
-4.63467596945635;2.17199176753079;-497.592747815001;76.575482378375;"T22";31.0865360544994;3;2;3;"S-8";3;"S-2"
-4.15733408604987;2.22933546873971;-497.821059950426;76.682478440632;"T22";31.1357977800071;3;2;3;"S-8";3;"S-2"
-4.58140360981956;2.19911147551517;-498.873336310736;77.2467527963612;"T22";31.3889110344462;3;2;3;"S-8";3;"S-2"
-4.73621006697732;2.25976057686613;-499.118718743203;77.3645383854697;"T22";31.4424715703353;3;2;3;"S-8";3;"S-2"
-5.12025630203409;1.7736998046339;-499.654547139825;77.6201950961159;"T22";31.5556059940718;3;2;3;"S-8";3;"S-2"
-5.17798870758105;1.69098535957713;-499.926425282514;77.714375969128;"T22";31.6087045357563;3;2;3;"S-8";3;"S-2"
-5.31853172574712;1.58538457234144;-500.113431245475;77.7754468527044;"T22";31.6448200959712;3;2;3;"S-8";3;"S-2"
-4.8091320510449;1.58691910610153;-500.623633396419;77.9275314242726;"T22";31.7407492315397;3;2;3;"S-8";3;"S-2"
-4.96284085969328;1.240342266871;-501.130914697137;78.0949242884597;"T22";31.8462321534753;3;2;3;"S-8";3;"S-2"
-5.06174400161562;1.22631760607617;-501.20878324532;78.1143856522836;"T22";31.8619224708527;3;2;3;"S-8";3;"S-2"
-4.38362502099117;1.55572586741932;-501.741274224637;78.2433931767267;"T22";31.9671215838753;3;2;3;"S-8";3;"S-2"
-4.39482997691428;1.54928535724273;-501.831212810144;78.2753119159623;"T22";31.9876385270618;3;2;3;"S-8";3;"S-2"
-3.80154931962564;1.58166425453073;-502.494518856368;78.5091435659201;"T22";32.138567243237;3;2;3;"S-8";3;"S-2"
-3.86324895127683;1.70117286768993;-503.221056181222;78.8114250884487;"T22";32.3296833550557;3;2;3;"S-8";3;"S-2"
-3.59487712853191;1.83026959499704;-503.55038923866;78.9564461494293;"T22";32.4149310472421;3;2;3;"S-8";3;"S-2"
-3.38294027982286;1.96963068841982;-503.645769964717;79.0050075985719;"T22";32.4414634495042;3;2;3;"S-8";3;"S-2"
-3.39672075257441;2.08211967070269;-503.684865513025;79.0277699843548;"T22";32.4530201265588;3;2;3;"S-8";3;"S-2"
-3.40767716575385;2.25422152041738;-503.931800213519;79.1791358559495;"T22";32.5257180957124;3;2;3;"S-8";3;"S-2"
-3.81057660663561;2.17529993057581;-504.077989923347;79.2758421969341;"T22";32.568618201185;3;2;3;"S-8";3;"S-2"
-4.05001169573174;2.22994911609284;-504.428109077694;79.4757106816192;"T22";32.6604990870692;3;2;3;"S-8";3;"S-2"
-3.88898502936551;2.18195234943841;-504.504108856654;79.5175563977915;"T22";32.6792644103989;3;2;3;"S-8";3;"S-2"
-3.70522640983151;2.17876228498818;-504.553150191491;79.5450715090504;"T22";32.6918747276068;3;2;3;"S-8";3;"S-2"
-3.8092280497688;2.18002490872636;-504.814060419016;79.6984930009171;"T22";32.7622915385291;3;2;3;"S-8";3;"S-2"
-3.74412459573364;2.25901712263923;-504.848957692511;79.7184647443969;"T22";32.7714527840726;3;2;3;"S-8";3;"S-2"
-3.73388818749355;2.23086991177788;-505.082488323827;79.8593654225965;"T22";32.8338253428228;3;2;3;"S-8";3;"S-2"
-3.65004893002466;2.19872007278851;-505.143161991202;79.8956158543683;"T22";32.850074802991;3;2;3;"S-8";3;"S-2"
-3.54350193270421;2.5609932265387;-505.499258504744;80.1101216232456;"T22";32.9476341838017;3;2;3;"S-8";3;"S-2"
-3.57807593732619;2.60737254427945;-505.517840993132;80.123551734982;"T22";32.9528782865964;3;2;3;"S-8";3;"S-2"
-3.9320385462499;2.64214577376362;-505.970238781426;80.4532176204895;"T22";33.0793143366463;3;2;3;"S-8";3;"S-2"
-4.09793938580607;2.76462605464623;-506.79529670138;81.007617906925;"T22";33.2891438971274;3;2;3;"S-8";3;"S-2"
-4.10455165305076;2.97695675062603;-507.480065344697;81.4695889256457;"T22";33.4562446223572;3;2;3;"S-8";3;"S-2"
-4.19159622985439;2.87018056675646;-508.141338211636;81.9491981233468;"T22";33.6173518327996;3;2;3;"S-8";3;"S-2"
-3.93576247539844;2.74380796366;-508.408302129963;82.1320007141472;"T22";33.6810421082191;3;2;3;"S-8";3;"S-2"
-4.21432127313944;2.7932847344077;-509.512099061323;82.9015102639386;"T22";33.9614952448756;3;2;3;"S-8";3;"S-2"
-4.31901758782488;2.71273532268396;-509.656130597498;82.9969754800893;"T22";33.9956719311886;3;2;3;"S-8";3;"S-2"
-4.34368906828879;2.79271452659998;-509.754571512138;83.0588053154427;"T22";34.0184643631801;3;2;3;"S-8";3;"S-2"
-4.38525720556221;2.87357874516529;-509.858580295425;83.1256763173521;"T22";34.0424091671593;3;2;3;"S-8";3;"S-2"
-4.33679044013275;2.94764033168806;-509.927092420454;83.1705710583082;"T22";34.0580324525945;3;2;3;"S-8";3;"S-2"
-4.31726857460495;2.73791173623413;-510.80402245927;83.7666050115656;"T22";34.2602396034636;3;2;3;"S-8";3;"S-2"
-4.21745300038628;2.7348036907186;-511.194988583524;84.0145466722633;"T22";34.350798279047;3;2;3;"S-8";3;"S-2"
-4.80118132688745;2.2984026446519;-511.73853511918;84.3670089455006;"T22";34.479678561911;3;2;3;"S-8";3;"S-2"
-4.74533637314167;2.2576300055996;-511.813197075526;84.4027508236423;"T22";34.4952293089591;3;2;3;"S-8";3;"S-2"
-4.70994549239684;2.33402905752306;-511.918160737874;84.452688087301;"T22";34.5173486392014;3;2;3;"S-8";3;"S-2"
-4.74799879992331;2.33023311441312;-511.956587935009;84.4717308118627;"T22";34.525507374201;3;2;3;"S-8";3;"S-2"
-4.59233736110184;2.0540107454688;-512.915014607919;84.9421095261509;"T22";34.7273664548993;3;2;3;"S-8";3;"S-2"
-4.5539846150757;2.02647980592685;-513.02299277568;84.9904048275231;"T22";34.7508791368455;3;2;3;"S-8";3;"S-2"
-4.23631050593303;2.05112216863271;-513.321943625214;85.1234351099576;"T22";34.816525131464;3;2;3;"S-8";3;"S-2"
-4.04237373138907;2.18634001306762;-513.834918671635;85.3718055937066;"T22";34.9376151803881;3;2;3;"S-8";3;"S-2"
-3.69220945827287;2.56037252576533;-515.102175497445;86.0572084013658;"T22";35.2511084172875;3;2;3;"S-8";3;"S-2"
-3.7357260646136;2.62291247211217;-516.264585846076;86.8632849671554;"T22";35.5659362627193;3;2;3;"S-8";3;"S-2"
-3.81144509261287;2.84224472737432;-516.502462123762;87.0303016714777;"T22";35.6296123121865;3;2;3;"S-8";3;"S-2"
-4.0065100267739;2.78781791468494;-517.093353713396;87.4709373002948;"T22";35.7846431666985;3;2;3;"S-8";3;"S-2"
-4.05303824785799;2.62603682772046;-517.452939467019;87.721144987064;"T22";35.8743935357779;3;2;3;"S-8";3;"S-2"
-3.66434624265487;2.94811317507505;-517.856715931543;87.982759065482;"T22";35.9740166924894;3;2;3;"S-8";3;"S-2"
-3.52633089890106;3.11024042204763;-518.304544385445;88.3430549757742;"T22";36.0962290666066;3;2;3;"S-8";3;"S-2"
-3.47688529585368;3.37352492942805;-518.496961799734;88.5127680392915;"T22";36.150794965215;3;2;3;"S-8";3;"S-2"
-4.11956561048126;2.99233950864552;-519.011005152596;89.0115299822738;"T22";36.2986408988945;3;2;3;"S-8";3;"S-2"
-4.35274890016922;2.81942853443396;-519.217744225519;89.1616995764452;"T22";36.3488255767152;3;2;3;"S-8";3;"S-2"
-4.24270788011183;2.76711321668191;-519.352639221337;89.2490758090478;"T22";36.3798163365573;3;2;3;"S-8";3;"S-2"
-4.34277709799456;2.69920147580358;-519.375902476945;89.2642482092872;"T22";36.3852994516492;3;2;3;"S-8";3;"S-2"
-4.09506370017149;2.90728775272388;-520.034441255979;89.6735551583045;"T22";36.5369394654408;3;2;3;"S-8";3;"S-2"
-4.15017021516998;2.44547148159966;-520.390752935003;89.9265183980548;"T22";36.6239495109767;3;2;3;"S-8";3;"S-2"
-4.22139813668761;2.41278484272768;-520.569531888878;90.0318631937004;"T22";36.6670270101167;3;2;3;"S-8";3;"S-2"
-4.02525943979157;2.7168665993385;-520.791640452773;90.1588116972656;"T22";36.7196419392712;3;2;3;"S-8";3;"S-2"
-4.02994220066493;2.76629355389317;-520.956128847975;90.2698338645537;"T22";36.7605059873313;3;2;3;"S-8";3;"S-2"
-4.04171952127072;2.78338610466428;-521.012254219378;90.308360286371;"T22";36.7744330782443;3;2;3;"S-8";3;"S-2"
-3.88785532365541;2.9363726777512;-521.130355903971;90.3896926465467;"T22";36.8036537314765;3;2;3;"S-8";3;"S-2"
-4.01346733522884;3.0848170769312;-521.416811282512;90.6060432246726;"T22";36.8773332680576;3;2;3;"S-8";3;"S-2"
-4.10563714314087;3.21233417648634;-522.243732718607;91.241628655992;"T22";37.0833699358627;3;2;3;"S-8";3;"S-2"
-4.1842158672591;3.12210267283584;-522.274163321041;91.2654381795327;"T22";37.0907818432897;3;2;3;"S-8";3;"S-2"
-3.902077121208;3.06692333095075;-522.335160884992;91.3109522408258;"T22";37.1053598588333;3;2;3;"S-8";3;"S-2"
-3.87115296164081;3.16129656018812;-522.387852591682;91.3523664465365;"T22";37.1188633609563;3;2;3;"S-8";3;"S-2"
-3.88029408096685;3.09700961412413;-522.588284166557;91.5160447239083;"T22";37.1706390404142;3;2;3;"S-8";3;"S-2"
-4.16517606776512;3.00656009223109;-523.484761251811;92.2315570263114;"T22";37.4016723246314;3;2;3;"S-8";3;"S-2"
-4.20730104212409;2.8571211695827;-523.598623776836;92.3137467148554;"T22";37.4290091102012;3;2;3;"S-8";3;"S-2"
-4.1070242797242;2.92463117339369;-523.889666311934;92.511389759637;"T22";37.4981847009622;3;2;3;"S-8";3;"S-2"
-4.32855243369906;2.73616875852726;-524.123061625008;92.6775916522605;"T22";37.5550130265765;3;2;3;"S-8";3;"S-2"
-4.42393930453785;2.37064972559073;-524.930698510828;93.1881158630825;"T22";37.7415966242552;3;2;3;"S-8";3;"S-2"
-4.56714972921396;2.22117085771309;-525.110007801295;93.2842020638592;"T22";37.7821282134391;3;2;3;"S-8";3;"S-2"
-4.01068626812591;2.17654436032501;-528.197933404046;94.7859724822329;"T22";38.4582447819412;3;2;3;"S-8";3;"S-2"
-4.05720177955816;2.23183612636176;-528.2350863687;94.8061348859417;"T22";38.4675082750618;3;2;3;"S-8";3;"S-2"
-4.18480095094062;2.1616998761801;-528.260393534618;94.8200561672143;"T22";38.473745866213;3;2;3;"S-8";3;"S-2"
-4.40678670241696;2.03300593080775;-528.622922922013;95.0073242693367;"T22";38.5603758855723;3;2;3;"S-8";3;"S-2"
-4.35321913172196;1.90937295686767;-528.822745441194;95.0995094359982;"T22";38.6057201540098;3;2;3;"S-8";3;"S-2"
-4.27700539896843;1.91349803635239;-528.948151236779;95.1545138884455;"T22";38.6345277540386;3;2;3;"S-8";3;"S-2"
-3.96615085657755;1.79060738042186;-529.248933309365;95.289081384059;"T22";38.7048531440087;3;2;3;"S-8";3;"S-2"
-4.02908624883884;1.81177420282547;-529.277667483111;95.3020540685179;"T22";38.7120979954489;3;2;3;"S-8";3;"S-2"
-4.08481608536565;1.71606912695789;-529.448394394498;95.3788254739126;"T22";38.754471600987;3;2;3;"S-8";3;"S-2"
-4.15834291505954;1.60606367741448;-529.64068474787;95.4596084349903;"T22";38.801546022296;3;2;3;"S-8";3;"S-2"
-3.81115574362983;2.04525109651064;-530.175533917997;95.666181544179;"T22";38.9301667688414;3;2;3;"S-8";3;"S-2"
-3.65144852908624;2.24118365444781;-530.500841919349;95.8407576022631;"T22";39.0155235538259;3;2;3;"S-8";3;"S-2"
-3.95753703383333;2.33202748719931;-530.637642758573;95.9247231305572;"T22";39.0529883676209;3;2;3;"S-8";3;"S-2"
-3.97776971415448;2.44075462000009;-530.71294503385;95.9690959246195;"T22";39.0720159281045;3;2;3;"S-8";3;"S-2"
-4.01960246572951;2.42385350214754;-530.905237952249;96.0870866236047;"T22";39.1203578212298;3;2;3;"S-8";3;"S-2"
-4.23434594069418;2.40563469354214;-531.183752384995;96.2550331280078;"T22";39.1896468703635;3;2;3;"S-8";3;"S-2"
-4.7190508827196;1.89120387374734;-531.954816582203;96.6930934116338;"T22";39.3717444618233;3;2;3;"S-8";3;"S-2"
-4.59275369155391;1.98873006657599;-532.037545690052;96.7262478770391;"T22";39.3892753403634;3;2;3;"S-8";3;"S-2"
-4.51837476249528;1.87024285627873;-532.349589375824;96.8613673939251;"T22";39.4572179531679;3;2;3;"S-8";3;"S-2"
-4.53878659594727;1.79029450681164;-532.881122932119;97.08137943117;"T22";39.5748561713845;3;2;3;"S-8";3;"S-2"
-3.96371294803849;2.33260038645859;-533.463508268597;97.3110974949529;"T22";39.7031691740267;3;2;3;"S-8";3;"S-2"
-4.02681223403896;2.335538856523;-533.482380715557;97.3222037172372;"T22";39.7079304791987;3;2;3;"S-8";3;"S-2"
-4.07305222117069;2.24771421926998;-533.695333106308;97.4457154566184;"T22";39.760814094916;3;2;3;"S-8";3;"S-2"
-4.14763170702161;2.28083589686627;-533.723894239269;97.4614769203048;"T22";39.7678263136186;3;2;3;"S-8";3;"S-2"
-4.6266270538388;2.32112900660851;-534.386717051513;97.8259716899026;"T22";39.9276338517666;3;2;3;"S-8";3;"S-2"
-4.47574178824472;2.47210430644249;-534.437971582542;97.851685536579;"T22";39.9387120152824;3;2;3;"S-8";3;"S-2"
-4.00050221530419;2.53280460413743;-535.328506494667;98.3435582351077;"T22";40.1376812485978;3;2;3;"S-8";3;"S-2"
-3.81446191884447;2.54359978844326;-535.39513585541;98.3857427265985;"T22";40.1543364976533;3;2;3;"S-8";3;"S-2"
-3.81093766958322;2.48933031634908;-535.424026827734;98.4050081099356;"T22";40.1619105599821;3;2;3;"S-8";3;"S-2"
-3.68661106776868;2.5859367920804;-535.522093559521;98.4690659638365;"T22";40.1876435265876;3;2;3;"S-8";3;"S-2"
-3.56797985204946;2.56404884833271;-535.995889134341;98.8014051735683;"T22";40.3161614434794;3;2;3;"S-8";3;"S-2"
-3.71436885317786;2.37425128121293;-536.153088296265;98.9143728322448;"T22";40.3602197533473;3;2;3;"S-8";3;"S-2"
-3.81893526779751;2.336647148093;-536.585056900262;99.1904902702333;"T22";40.4765163897537;3;2;3;"S-8";3;"S-2"
-3.91475392435063;2.45068838486676;-536.996311612271;99.4421198692104;"T22";40.584204706829;3;2;3;"S-8";3;"S-2"
-3.70173521061238;3.01700124849826;-537.253517871081;99.6031344318521;"T22";40.6499064760283;3;2;3;"S-8";3;"S-2"
-3.75766998723676;3.05299977643721;-537.392434665764;99.7163548863559;"T22";40.6874339561909;3;2;3;"S-8";3;"S-2"
-3.71005282217489;3.11624114491126;-537.483350980403;99.7902218010152;"T22";40.7116288202815;3;2;3;"S-8";3;"S-2"
-3.86328378898595;3.24961204606205;-537.536568443771;99.8349215551498;"T22";40.7259729458019;3;2;3;"S-8";3;"S-2"
-4.44751696529937;2.82656995537134;-538.051448295613;100.268014193487;"T22";40.859248128254;3;2;3;"S-8";3;"S-2"
-4.3492059791214;2.89420447909703;-538.228186561677;100.380338233332;"T22";40.8989867661148;3;2;3;"S-8";3;"S-2"
-4.59227775570306;2.82316012240341;-538.284502676518;100.417814120333;"T22";40.9119353629649;3;2;3;"S-8";3;"S-2"
-4.57356842004549;2.83640049324186;-538.299356589541;100.426945748937;"T22";40.9151699044742;3;2;3;"S-8";3;"S-2"
-4.53630728222838;2.29149039950961;-539.180369090549;100.973325307064;"T22";41.1078012199141;3;2;3;"S-8";3;"S-2"
-4.82703622174739;2.26708148835501;-539.377294540842;101.072801103277;"T22";41.151212179102;3;2;3;"S-8";3;"S-2"
-4.69860457602752;2.43681545898705;-539.438062500738;101.101341580422;"T22";41.1638012621552;3;2;3;"S-8";3;"S-2"
-4.69126863755857;2.12253663349556;-539.728244512086;101.251837328624;"T22";41.2255604518577;3;2;3;"S-8";3;"S-2"
-4.28292233995823;2.12622981588229;-540.257691632517;101.491382533862;"T22";41.338418435771;3;2;3;"S-8";3;"S-2"
-4.0871554064738;2.21945556617979;-540.426900612407;101.575385266016;"T22";41.3779262686148;3;2;3;"S-8";3;"S-2"
-4.15639922102259;2.2183965080329;-540.441236121774;101.583169904204;"T22";41.3814337225631;3;2;3;"S-8";3;"S-2"
-4.40635165611766;2.17510313441057;-540.716407377542;101.730037161281;"T22";41.4476379635744;3;2;3;"S-8";3;"S-2"
-4.35097875299518;2.13119510116536;-541.140297838621;101.939281802312;"T22";41.5438378346153;3;2;3;"S-8";3;"S-2"
-4.59829526356429;2.04119576902629;-541.845892521005;102.284895976931;"T22";41.706007020548;3;2;3;"S-8";3;"S-2"
-4.45653320085364;2.08897619934665;-541.881475674733;102.300691435612;"T22";41.7137453565374;3;2;3;"S-8";3;"S-2"
-4.38914919045657;2.02883000555937;-541.985624922348;102.349510840661;"T22";41.7371153715067;3;2;3;"S-8";3;"S-2"
-4.39653305753718;1.97638714711398;-542.129327834077;102.41593573682;"T22";41.7698558652773;3;2;3;"S-8";3;"S-2"
-4.29229933589529;2.02537625248571;-542.176665036415;102.437215376267;"T22";41.7806228040718;3;2;3;"S-8";3;"S-2"
-4.26623897359318;1.986619294558;-542.253565187667;102.473501694618;"T22";41.7985386447981;3;2;3;"S-8";3;"S-2"
-4.17906260925345;1.93133191784139;-542.341645217704;102.514517092072;"T22";41.8191844713874;3;2;3;"S-8";3;"S-2"
-4.29808496220455;1.84469889728491;-542.392987119885;102.538244483517;"T22";41.8314699782059;3;2;3;"S-8";3;"S-2"
-4.08509446616529;1.90007183025703;-543.053429979839;102.821700540387;"T22";41.9851297745481;3;2;3;"S-8";3;"S-2"
-3.83481857920397;2.11832961823067;-543.332395738746;102.9514539609;"T22";42.0534184668213;3;2;3;"S-8";3;"S-2"
-3.86779151212865;2.12279877711596;-543.339957308561;102.955630924418;"T22";42.0553902862594;3;2;3;"S-8";3;"S-2"
-3.74437545643763;2.33373441202233;-544.133086866831;103.390932168321;"T22";42.2604503459297;3;2;3;"S-8";3;"S-2"
-3.77943490339566;2.29358345180834;-544.16756694269;103.412422358207;"T22";42.2696588444524;3;2;3;"S-8";3;"S-2"
-3.76824170318274;2.33052634020499;-544.179119166023;103.419432926968;"T22";42.2727154451422;3;2;3;"S-8";3;"S-2"
-3.7031992470987;2.28230309266631;-544.212044022832;103.439795804958;"T22";42.2814529039897;3;2;3;"S-8";3;"S-2"
-3.69689670690273;2.31595186915951;-544.28580390691;103.485254447692;"T22";42.3013707855716;3;2;3;"S-8";3;"S-2"
-3.76499164321537;2.33114353841189;-544.377212676505;103.542518236103;"T22";42.326096596662;3;2;3;"S-8";3;"S-2"
-3.81816197656774;2.33704379025792;-544.394359560803;103.553134952506;"T22";42.3306508921087;3;2;3;"S-8";3;"S-2"
-4.10483166404822;2.30506131696492;-544.442777290315;103.582770770679;"T22";42.3433317919262;3;2;3;"S-8";3;"S-2"
-4.35855973403887;2.37005045880676;-544.914768525913;103.84781665518;"T22";42.4583161016926;3;2;3;"S-8";3;"S-2"
-4.41065934107025;2.28472395578364;-544.931476600755;103.85690199136;"T22";42.4621494952589;3;2;3;"S-8";3;"S-2"
-3.96418765676569;2.96381104310499;-545.746975109956;104.279330666032;"T22";42.6470421487466;3;2;3;"S-8";3;"S-2"
-4.08555552480485;3.09021691618583;-545.973661361856;104.448811849789;"T22";42.7042256807908;3;2;3;"S-8";3;"S-2"
-4.03658687599558;3.16219220931501;-546.058992857712;104.513354561392;"T22";42.725111823529;3;2;3;"S-8";3;"S-2"
-3.86992308473084;3.46508124876194;-546.25424607229;104.666312546182;"T22";42.7734826924279;3;2;3;"S-8";3;"S-2"
-3.79965565465713;3.59174781616931;-546.409035659582;104.804909227482;"T22";42.8134807967581;3;2;3;"S-8";3;"S-2"
-4.04520349936876;3.61627830994307;-546.642554719802;105.02565069745;"T22";42.8749387501739;3;2;3;"S-8";3;"S-2"
-4.29418983683939;3.54640027969879;-546.755697238952;105.12679637232;"T22";42.9029082995839;3;2;3;"S-8";3;"S-2"
-4.40070297731087;3.52144889373597;-546.857777707376;105.211100563687;"T22";42.9266800638288;3;2;3;"S-8";3;"S-2"
-4.45885439095109;3.2612670829028;-546.989008642789;105.3161117482;"T22";42.9565005120821;3;2;3;"S-8";3;"S-2"
-4.78229320669508;3.11972330037056;-547.141782563403;105.427852683144;"T22";42.9907635552809;3;2;3;"S-8";3;"S-2"
-4.78995679446259;3.10098450706375;-547.150793830836;105.433731172764;"T22";42.99264785368;3;2;3;"S-8";3;"S-2"
-4.70351719859782;2.73820646390477;-547.614865051566;105.734167633343;"T22";43.0895320721902;3;2;3;"S-8";3;"S-2"
-4.83017525023077;2.53579620762908;-547.943508652332;105.925491273492;"T22";43.1594039546326;3;2;3;"S-8";3;"S-2"
-5.0898813942656;2.12844815189721;-548.21899071419;106.070116743903;"T22";43.2164375088178;3;2;3;"S-8";3;"S-2"
-4.99403218297615;1.89324769808946;-548.641394714208;106.246754457741;"T22";43.2994264760055;3;2;3;"S-8";3;"S-2"
-4.81714075269391;1.72590257559061;-548.905007495108;106.346690595984;"T22";43.3522120350972;3;2;3;"S-8";3;"S-2"
-3.85273689584159;2.08061748869751;-549.594200117075;106.593617016115;"T22";43.4952829265967;3;2;3;"S-8";3;"S-2"
-3.90692264309016;3.04241491726586;-550.52800879348;107.097907528484;"T22";43.7376583344303;3;2;3;"S-8";3;"S-2"
-4.64149963770929;3.10545111205612;-551.422708123051;107.794631481175;"T22";43.9666619291529;3;2;3;"S-8";3;"S-2"
-5.09297481346161;2.61940510151943;-551.896422318601;108.111575656592;"T22";44.0687225200236;3;2;3;"S-8";3;"S-2"
-4.78378769702972;2.38959689695216;-553.416289692464;108.893269754549;"T22";44.3671468063258;3;2;3;"S-8";3;"S-2"
-4.75684323804758;2.45134872734717;-553.442007675745;108.906116397615;"T22";44.3725228775293;3;2;3;"S-8";3;"S-2"
-4.81097113041365;2.4556266085725;-553.491862209061;108.931807983543;"T22";44.3830034695566;3;2;3;"S-8";3;"S-2"
-4.82722009742752;2.46391923841332;-553.513671700204;108.942940032628;"T22";44.3875367520377;3;2;3;"S-8";3;"S-2"
-4.51494980664743;2.331201445973;-554.102341399737;109.243409986033;"T22";44.509484723676;3;2;3;"S-8";3;"S-2"
-4.31305781032974;2.23171036125995;-554.273330894015;109.331696893612;"T22";44.5473565720022;3;2;3;"S-8";3;"S-2"
-4.4973470560314;2.10456452295295;-554.486549509507;109.442022842008;"T22";44.5967921754345;3;2;3;"S-8";3;"S-2"
-4.50282363706634;2.04961143088669;-554.525406098608;109.460206050438;"T22";44.6054320666008;3;2;3;"S-8";3;"S-2"
-4.70218113847781;1.95523661046661;-554.650462834216;109.517129824379;"T22";44.6332050254568;3;2;3;"S-8";3;"S-2"
-4.6223401045876;2.08125198454675;-554.687761432104;109.5326391342;"T22";44.6411372162402;3;2;3;"S-8";3;"S-2"
-4.97745447979157;1.98375911785706;-556.516216618584;110.355918230807;"T22";45.0367063749582;3;2;3;"S-8";3;"S-2"
-4.9682882494596;2.03499635897702;-556.61004269763;110.393312513478;"T22";45.0555565883406;3;2;3;"S-8";3;"S-2"
-4.89708687927362;2.01514011725994;-556.646304132529;110.408165091325;"T22";45.0628551654518;3;2;3;"S-8";3;"S-2"
-4.87300009112391;1.89092850719593;-556.823258607321;110.480981455395;"T22";45.098989806138;3;2;3;"S-8";3;"S-2"
-4.13904435724892;1.91423355856411;-557.254618952293;110.648367369191;"T22";45.1875102939084;3;2;3;"S-8";3;"S-2"
-3.64347283255676;2.15613979637668;-557.892210584078;110.943242029349;"T22";45.3415534924716;3;2;3;"S-8";3;"S-2"
-3.40746702185539;2.37247462626917;-558.010682716664;111.013351644974;"T22";45.3740697586909;3;2;3;"S-8";3;"S-2"
-3.55063499170208;2.44047840962012;-558.125431212571;111.093246151126;"T22";45.4077453585342;3;2;3;"S-8";3;"S-2"
-3.49242521932311;2.80617650571368;-558.491578705014;111.344912417057;"T22";45.5108670517802;3;2;3;"S-8";3;"S-2"
-3.02229080848713;2.99912792238699;-558.824393506433;111.612330333789;"T22";45.6061632372439;3;2;3;"S-8";3;"S-2"
-3.07202553301461;2.82987091200735;-558.869847839684;111.657436304288;"T22";45.6212029326707;3;2;3;"S-8";3;"S-2"
-3.184883815511;3.16956546246504;-558.998077379122;111.7755580581;"T22";45.6629439722747;3;2;3;"S-8";3;"S-2"
-3.41441145832698;3.22647118608791;-559.099441768579;111.876434914701;"T22";45.6947706872597;3;2;3;"S-8";3;"S-2"
-3.54892797168252;3.27300131426062;-559.213593448347;111.984303316067;"T22";45.7282030023634;3;2;3;"S-8";3;"S-2"
-3.88856376098833;3.15407518613842;-559.334132527275;112.095470566261;"T22";45.762167929206;3;2;3;"S-8";3;"S-2"
-4.23386441271232;2.90331731722627;-559.576197102434;112.291812947891;"T22";45.824418310076;3;2;3;"S-8";3;"S-2"
-4.0051345479772;2.79528210348072;-560.145429868486;112.682156895196;"T22";45.9588658763096;3;2;3;"S-8";3;"S-2"
-4.07292874930953;2.6578563311459;-560.345850565383;112.822035438724;"T22";46.0089068161324;3;2;3;"S-8";3;"S-2"
-4.29906603521328;2.4073629558743;-560.517861328845;112.934283878319;"T22";46.051139512565;3;2;3;"S-8";3;"S-2"
-4.58669686942983;2.55219223604429;-561.076370162421;113.247034011829;"T22";46.1810535052791;3;2;3;"S-8";3;"S-2"
-4.98994582617861;2.63412515622058;-561.305694257455;113.374637642839;"T22";46.2310511618853;3;2;3;"S-8";3;"S-2"
-4.81142332557083;2.41637719007815;-561.447381391692;113.449432371601;"T22";46.2594456854276;3;2;3;"S-8";3;"S-2"
-4.49423908528866;1.91405575809281;-562.229990055972;113.842471519721;"T22";46.4221020578407;3;2;3;"S-8";3;"S-2"
-4.62101486891416;1.76752499142748;-562.537105202145;113.973269081393;"T22";46.4904373511672;3;2;3;"S-8";3;"S-2"
-4.87498157229543;1.59421926256097;-562.79870688047;114.073330976313;"T22";46.5470486553386;3;2;3;"S-8";3;"S-2"
-4.5881594621791;1.57319511557166;-563.090815276435;114.168856431066;"T22";46.6069685528055;3;2;3;"S-8";3;"S-2"
-4.60771731671693;2.05776899544349;-564.421420281533;114.625096305035;"T22";46.8969770008698;3;2;3;"S-8";3;"S-2"
-4.61811292243074;2.13545687311538;-565.055653583134;114.908339727798;"T22";47.0346228801645;3;2;3;"S-8";3;"S-2"
-4.54856555845368;2.17534269515151;-565.090279640309;114.924351127482;"T22";47.0421207603067;3;2;3;"S-8";3;"S-2"
-4.57837737156322;2.23149407785888;-565.321589092311;115.034974426248;"T22";47.0929740346037;3;2;3;"S-8";3;"S-2"
-4.61866140051594;2.29139591635971;-565.490391207213;115.11724831701;"T22";47.1298434538767;3;2;3;"S-8";3;"S-2"
-4.40112021648859;2.50489680624924;-565.800025829267;115.270863281826;"T22";47.1968833589926;3;2;3;"S-8";3;"S-2"
-4.51153217781205;2.40516249630278;-566.321000848243;115.567376123325;"T22";47.3152566351928;3;2;3;"S-8";3;"S-2"
-4.52807122495726;2.39858057345215;-566.353714379974;115.58481617618;"T22";47.3225077264942;3;2;3;"S-8";3;"S-2"
-4.65367617213964;1.26484364686777;-568.094809451411;116.50709778515;"T22";47.7070191409439;3;2;3;"S-8";3;"S-2"
-4.3946064292054;1.34072339939438;-569.650521458578;116.929931771838;"T22";48.0413165758364;3;2;3;"S-8";3;"S-2"
-3.91070486691239;1.65921749819274;-570.103838948898;117.068231611976;"T22";48.1444697245024;3;2;3;"S-8";3;"S-2"
-3.68616625596969;1.76652366581877;-570.992548980883;117.445289785904;"T22";48.3717203256674;3;2;3;"S-8";3;"S-2"
-3.86669683204579;1.75728381512834;-571.254890367251;117.571011805846;"T22";48.4428894938901;3;2;3;"S-8";3;"S-2"
-4.15866797625265;1.93193276919235;-571.600628137865;117.728138008124;"T22";48.5323037370108;3;2;3;"S-8";3;"S-2"
-4.17936408146861;1.7953428019782;-571.797436492465;117.819566444265;"T22";48.5796285909601;3;2;3;"S-8";3;"S-2"
-4.19557566385918;1.76136003110456;-571.811566937577;117.825636504788;"T22";48.5830095945857;3;2;3;"S-8";3;"S-2"
-4.0685774698726;1.91305488154044;-571.898311686629;117.862053136528;"T22";48.603684885893;3;2;3;"S-8";3;"S-2"
-3.77383227313221;1.93122268124648;-572.307671102447;118.054534915364;"T22";48.7042997614481;3;2;3;"S-8";3;"S-2"
-3.88040691045121;2.07667933356077;-572.431991310051;118.118154596179;"T22";48.7372424569912;3;2;3;"S-8";3;"S-2"
-3.83635033870112;1.91723702821622;-572.574448321238;118.194393387079;"T22";48.7739543314092;3;2;3;"S-8";3;"S-2"
-3.67195582935972;2.19838699317921;-573.037117838765;118.425615004635;"T22";48.8945558085106;3;2;3;"S-8";3;"S-2"
-4.55247980898181;2.24860209814937;-573.788177708563;118.875271897472;"T22";49.0990952705033;3;2;3;"S-8";3;"S-2"
-4.08085379426026;2.42246796084943;-574.114551446028;119.03647737265;"T22";49.1707866895013;3;2;3;"S-8";3;"S-2"
-4.18713464799129;2.48988739178723;-574.772231269525;119.426887904671;"T22";49.3319489993155;3;2;3;"S-8";3;"S-2"
-4.07473726004063;2.30023142731051;-574.908054372727;119.507655365144;"T22";49.36438719742;3;2;3;"S-8";3;"S-2"
-3.95949371422744;2.21855739433965;-575.049860720683;119.587706518714;"T22";49.3991885450669;3;2;3;"S-8";3;"S-2"
-3.74449159652289;2.36993904160133;-575.354800293573;119.758568248291;"T22";49.4762033340521;3;2;3;"S-8";3;"S-2"
-3.85992159321401;2.47738595026311;-575.690308249134;119.970915741176;"T22";49.5658037369139;3;2;3;"S-8";3;"S-2"
-3.49461551931857;2.96072831003716;-575.994418194623;120.166100458818;"T22";49.6445902972482;3;2;3;"S-8";3;"S-2"
-3.90378640487869;2.84113710543829;-576.303889299903;120.428292353027;"T22";49.7331468504854;3;2;3;"S-8";3;"S-2"
-3.97824771397026;2.86151148244753;-576.36955694074;120.476084612044;"T22";49.749968375545;3;2;3;"S-8";3;"S-2"
-3.83960789702229;2.9430848656118;-576.519334893204;120.583818308286;"T22";49.7876176028512;3;2;3;"S-8";3;"S-2"
-4.02621061652376;2.75803768931733;-576.860255916713;120.8451365292;"T22";49.8764081858099;3;2;3;"S-8";3;"S-2"
-3.862582487071;2.79657695794555;-577.01079853096;120.948261338975;"T22";49.9137988314033;3;2;3;"S-8";3;"S-2"
-4.06451827932518;2.69050468217883;-577.201257538458;121.086156975789;"T22";49.9631075537764;3;2;3;"S-8";3;"S-2"
-4.13271302337293;2.66422127003338;-577.215428762052;121.095537606114;"T22";49.9665941228159;3;2;3;"S-8";3;"S-2"
-4.22976440185387;2.64327197703294;-577.353485665748;121.184538254653;"T22";50;3;2;3;"S-8";3;"S-2"
