"Vx";"Vy";"X";"Y";"Traj";"Time";"TrueMovMode";"TrueTrajClust";"firstEstMovMode";"firstSegment";"finalEstMovMode";"finalSegment"
0;0;0;0;"T23";0;1;2;1;"S-1-NA";8;"S-1"
-4.13734704142963;3.79183040204569;0;0;"T23";0.100915343500674;1;2;3;"S-2-NA";3;"S-2"
-11.1030146958302;7.67249141525087;-0.808798647890936;0.741254545846988;"T23";0.2964026061818;1;2;1;"S-3-NA";2;"S-3"
-11.4251628760147;7.79000361761371;-0.911046429582858;0.811910601769741;"T23";0.305611616931856;1;2;1;"S-3-NA";2;"S-3"
-13.3284318307716;8.12371997969904;-1.62504194966025;1.29873321819295;"T23";0.368104863446206;1;2;1;"S-3-NA";2;"S-3"
-15.7638147229387;8.06518539914623;-3.12047390712739;2.21020357160008;"T23";0.480303505901247;1;2;1;"S-3-NA";2;"S-3"
-19.9143993451674;7.41582389731763;-6.70848970044009;4.04592754430211;"T23";0.707914389204234;1;2;4;"S-4-NA";2;"S-3"
-20.4446309052335;6.92779550186732;-7.28555334289676;4.26081739740942;"T23";0.736891594715416;1;2;4;"S-4-NA";2;"S-3"
-20.8962672909712;6.43807880773712;-8.09070735754571;4.53364904630789;"T23";0.776273768860847;1;2;4;"S-4-NA";2;"S-3"
-21.4914620671885;6.17213510924383;-8.92268288431446;4.78997827166002;"T23";0.816088321153075;1;2;4;"S-4-NA";2;"S-3"
-21.6572126807032;6.20781980073975;-9.23352059536128;4.87924778453128;"T23";0.830551632679999;1;2;4;"S-4-NA";2;"S-3"
-21.6333820837601;6.0498482240913;-9.82106558375706;5.04766158119859;"T23";0.857680931221694;1;2;4;"S-4-NA";2;"S-3"
-22.5176502328227;5.10977136988862;-13.8133822663054;6.16412639924739;"T23";1.04222520021722;1;2;4;"S-4-NA";2;"S-3"
-22.4250363219719;5.09499911608548;-14.0140320481299;6.20965843744587;"T23";1.05113597819582;1;2;4;"S-4-NA";2;"S-3"
-22.8763877843057;4.49245988050707;-15.6847162408687;6.5892401854104;"T23";1.12563682487234;1;2;4;"S-4-NA";2;"S-3"
-22.9215076900512;4.10493098147934;-16.566815698015;6.76246667812468;"T23";1.1641962104477;1;2;4;"S-4-NA";2;"S-3"
-22.9905042658538;2.58510006866955;-23.1000426910404;7.9324789764146;"T23";1.44922226900235;1;2;4;"S-4-NA";2;"S-3"
-21.5306395335422;2.47837854426727;-30.2204565444569;8.73311310468648;"T23";1.75893334671855;1;2;2;"S-5";2;"S-3"
-21.6281599725431;2.54258766151319;-30.4383831159579;8.7581984969802;"T23";1.7690550419502;1;2;2;"S-5";2;"S-3"
-21.6234021364046;2.35691726156338;-33.064513180047;9.0669240615663;"T23";1.89047683961689;1;2;2;"S-5";2;"S-3"
-21.7837400807219;2.3335178638958;-33.7502936504829;9.14167306813878;"T23";1.9221915747039;1;2;2;"S-5";2;"S-3"
-21.7034598232471;2.5759555261281;-35.5202712590128;9.33127661431105;"T23";2.00344381155446;1;2;2;"S-5";2;"S-3"
-21.7351569952011;2.50912709918043;-36.4760354896734;9.4447150325032;"T23";2.04748122487217;1;2;2;"S-5";2;"S-3"
-22.204952908136;2.34955603927692;-37.7099654357442;9.58716107358125;"T23";2.10425237892196;1;2;2;"S-5";2;"S-3"
-22.0165123237864;2.55494074874703;-38.3075510228729;9.65039294941687;"T23";2.13116464437917;1;2;2;"S-5";2;"S-3"
-22.0831324644952;2.48900188526461;-39.1506350568758;9.74822996017561;"T23";2.16945790452883;1;2;2;"S-5";2;"S-3"
-22.3264352719002;2.40314549716305;-43.235014002854;10.2085825352924;"T23";2.35441259574145;1;2;2;"S-5";2;"S-3"
-21.5569103317073;1.84652637213815;-49.4158370721912;10.8738663993283;"T23";2.63125137425959;1;2;2;"S-5";2;"S-3"
-21.2884318783207;1.87022096577539;-50.9802111300149;11.0078678823429;"T23";2.70382086746395;1;2;2;"S-5";2;"S-3"
-21.1467236660185;1.95655470710045;-51.500076364511;11.053538830137;"T23";2.72824094863608;1;2;2;"S-5";2;"S-3"
-21.0626093737756;2.00106461327597;-51.6113646147075;11.0638355339293;"T23";2.73350361967459;1;2;2;"S-5";2;"S-3"
-21.1098908117476;1.87856851611496;-51.7981913824332;11.0815851122021;"T23";2.74237368721515;1;2;2;"S-5";2;"S-3"
-21.2483701622184;1.92542908251739;-54.0827722777914;11.284889893871;"T23";2.85059693269432;1;2;2;"S-5";2;"S-3"
-21.3336455357552;1.98178855094321;-54.6094729228537;11.3326170716282;"T23";2.87538474658504;1;2;2;"S-5";2;"S-3"
-21.3906924201034;2.0838261662407;-55.7104951062872;11.4348965040771;"T23";2.92699440615252;1;2;2;"S-5";2;"S-3"
-21.183402897639;2.08102050683827;-57.3912799428039;11.598634234178;"T23";3.00556992879137;1;2;2;"S-5";2;"S-3"
-21.1276756868849;2.20194830125121;-58.3298543757984;11.6908381473875;"T23";3.04987699491903;1;2;2;"S-5";2;"S-3"
-21.0914772999325;2.26491566200312;-59.1958197094436;11.781089953768;"T23";3.09086424531415;1;2;2;"S-5";2;"S-3"
-21.1967962897039;2.34152680049509;-60.5261532855423;11.9239482898317;"T23";3.15393870696425;1;2;2;"S-5";2;"S-3"
-21.1367203602986;2.33894037869244;-61.9435069858028;12.0805177840884;"T23";3.2208051183261;1;2;2;"S-5";2;"S-3"
-21.2423615076796;2.63663169139893;-65.0813252441431;12.4277414640315;"T23";3.36925853043795;1;2;2;"S-5";2;"S-3"
-21.3668515712369;2.51176806547747;-65.4030164275185;12.4676702247121;"T23";3.38440238265321;1;2;2;"S-5";2;"S-3"
-21.3513055194802;2.56732990757178;-66.6497906648579;12.6142340599954;"T23";3.44275324605405;1;2;2;"S-5";2;"S-3"
-21.3496268266323;2.63228882971929;-66.7465632734136;12.625870220227;"T23";3.44728564377874;1;2;2;"S-5";2;"S-3"
-21.194281308683;2.83941630729757;-69.1308525764432;12.919839672253;"T23";3.55896390974522;1;2;2;"S-5";2;"S-3"
-21.4132657994499;2.67630758124382;-69.3080862304637;12.9435838190866;"T23";3.56732624350116;1;2;2;"S-5";2;"S-3"
-21.4240151041642;2.7014883215787;-69.824996680872;13.0081891609438;"T23";3.59146597329527;1;2;2;"S-5";2;"S-3"
-21.5433036951638;2.60951342124361;-70.0858745845015;13.0410848906465;"T23";3.60364286461845;1;2;2;"S-5";2;"S-3"
-21.4085999065568;2.6482388709636;-70.1712030185472;13.0514206170981;"T23";3.60760365147144;1;2;2;"S-5";2;"S-3"
-21.4783422321094;2.3864786470912;-71.1256904074464;13.1694904869709;"T23";3.65218794904649;1;2;2;"S-5";2;"S-3"
-21.4537679928861;2.38952323651017;-71.4563111222383;13.2062260630974;"T23";3.66758116288111;1;2;2;"S-5";2;"S-3"
-21.5944759963954;2.30344664085046;-75.2935785170158;13.6336213629609;"T23";3.84644332807511;1;2;2;"S-5";2;"S-3"
-21.1842083008783;2.26112469934361;-80.8135301130847;14.2224253683809;"T23";4.1020620148629;1;2;2;"S-5";2;"S-3"
-20.937041335283;2.51724638529523;-82.8113204859488;14.4356621857325;"T23";4.19636765727773;1;2;2;"S-5";2;"S-3"
-20.929437083828;2.54347564896704;-83.3421791895273;14.4994869702991;"T23";4.22172265825793;1;2;2;"S-5";2;"S-3"
-20.8423373499562;3.01527578043819;-85.3320165931414;14.741304414372;"T23";4.31679628090933;1;2;2;"S-5";2;"S-3"
-20.8368532687014;3.02248913831974;-85.4176445548685;14.7536922725469;"T23";4.3209046474658;1;2;2;"S-5";2;"S-3"
-21.6702933179461;2.86319387279788;-89.5764649544697;15.356949843348;"T23";4.52049430459738;1;2;2;"S-5";2;"S-3"
-21.026640069613;3.24830387897909;-91.3306113597021;15.5887169526235;"T23";4.60144135868177;1;2;2;"S-5";2;"S-3"
-21.0541964646834;3.16113064650224;-94.9471950431913;16.1474254656735;"T23";4.77344143437222;1;2;2;"S-5";2;"S-3"
-21.3652930818816;3.00960596939877;-95.4080065293767;16.2166128751139;"T23";4.795328353066;1;2;2;"S-5";2;"S-3"
-21.0742656313508;3.0296035186806;-95.9640894003476;16.2949450712387;"T23";4.821355745662;1;2;2;"S-5";2;"S-3"
-21.1314393463721;2.99461649839814;-96.1888232530377;16.3272524589687;"T23";4.83201964525506;1;2;2;"S-5";2;"S-3"
-21.3363425664492;3.06590834850666;-101.068563379426;17.0187789589317;"T23";5.06294287042692;1;2;2;"S-5";2;"S-3"
-21.2490889785054;2.93865631112495;-102.464860284932;17.2194187042982;"T23";5.12838505674154;1;2;2;"S-5";2;"S-3"
-21.0474894028194;2.91475657304529;-104.356474278882;17.4810206679004;"T23";5.21740600233898;1;2;2;"S-5";2;"S-3"
-21.0707272940851;2.89032206518978;-105.060653169092;17.5785387143314;"T23";5.25086267152801;1;2;2;"S-5";2;"S-3"
-21.5036069351986;2.83107066423956;-108.402534475581;18.0369525670939;"T23";5.40946570690721;1;2;2;"S-5";2;"S-3"
-21.2793630861837;2.80347549835199;-109.559699438531;18.189299835632;"T23";5.46327830525115;1;2;2;"S-5";2;"S-3"
-21.2442369718669;2.82811268952258;-109.909155317701;18.2353393242689;"T23";5.47970059560612;1;2;2;"S-5";2;"S-3"
-21.336696584254;2.79496973324662;-110.12794814045;18.2644658473449;"T23";5.48999952152371;1;2;2;"S-5";2;"S-3"
-21.2162827991752;2.61066760537276;-112.807310926991;18.6154451033509;"T23";5.61557485489175;1;2;2;"S-5";2;"S-3"
-21.5558708048331;2.60232058379702;-113.440674646719;18.6933806286814;"T23";5.64542757347226;1;2;2;"S-5";2;"S-3"
-21.5108620231844;2.54252423100351;-113.685085703719;18.7228870183929;"T23";5.65676606493071;1;2;2;"S-5";2;"S-3"
-21.2393137004195;2.84420602952538;-121.70083992269;19.67032693547;"T23";6.02940358221531;1;2;2;"S-5";2;"S-3"
-21.3401302242407;2.87365013155783;-122.13194613529;19.728057373776;"T23";6.04970114072785;1;2;2;"S-5";2;"S-3"
-21.6330792742105;2.79263169914064;-131.052021793886;20.9292298277618;"T23";6.46769651211798;1;2;2;"S-5";2;"S-3"
-21.7034626685988;2.77075899532975;-131.170425398847;20.9445146448846;"T23";6.47316977847368;1;2;2;"S-5";2;"S-3"
-21.8242206055868;2.78430753059273;-131.314294427879;20.9628815945472;"T23";6.47979862987995;1;2;2;"S-5";2;"S-3"
-21.5618456926818;2.95541963829329;-132.089091409067;21.0617292513955;"T23";6.51530033210292;1;2;2;"S-5";2;"S-3"
-21.6581929156107;2.9146789385112;-132.264892324181;21.0858257728326;"T23";6.52345366543159;1;2;2;"S-5";2;"S-3"
-22.5537220045302;2.40413992344631;-140.520202837127;22.1967947154728;"T23";6.90461706835777;1;2;2;"S-5";2;"S-3"
-22.3944903974897;2.55899918589519;-141.932232020681;22.3473115894758;"T23";6.9672244368121;1;2;2;"S-5";2;"S-3"
-22.4071791569182;2.49172691168577;-142.058537908271;22.3617444547823;"T23";6.97286447975785;1;2;2;"S-5";2;"S-3"
-22.2099121649567;2.4665768372621;-143.58429687372;22.5314121603124;"T23";7.04095689579844;1;2;2;"S-5";2;"S-3"
-21.7084995522315;2.73101422213729;-144.71264527729;22.6567236886038;"T23";7.0917607168667;1;2;2;"S-5";2;"S-3"
-21.5641267450533;2.91663465993481;-146.66039394644;22.9017580956939;"T23";7.18148357700557;1;2;2;"S-5";2;"S-3"
-21.9050671322236;2.60462669118543;-148.555742990579;23.1581116582641;"T23";7.26937719155103;1;2;2;"S-5";2;"S-3"
-22.0399059842136;2.47145937367856;-149.143380599198;23.227984833768;"T23";7.29620375204831;1;2;2;"S-5";2;"S-3"
-21.3224297588712;2.65693430003183;-152.643405385369;23.6204624183858;"T23";7.45500773191452;1;2;2;"S-5";2;"S-3"
-21.3102628846411;2.59970662854643;-155.015136916529;23.9159979144278;"T23";7.56623949855566;1;2;2;"S-5";2;"S-3"
-21.3063418314797;3.26835386937314;-160.345358755188;24.5662485997711;"T23";7.8163641388528;1;2;2;"S-5";2;"S-3"
-21.3727982927473;3.4764308305543;-160.835940639307;24.6415029635604;"T23";7.83938929671422;1;2;2;"S-5";2;"S-3"
-21.1840259420644;3.48447262858215;-161.01878122032;24.6712432261223;"T23";7.8479441232048;1;2;2;"S-5";2;"S-3"
-21.226915956219;3.54681609091595;-162.744876688926;24.9551615158339;"T23";7.92942511616275;1;2;2;"S-5";2;"S-3"
-21.0947060823409;3.67194469384713;-163.243987555714;25.038558202245;"T23";7.9529382288456;1;2;2;"S-5";2;"S-3"
-20.9140649991287;3.53792651539354;-166.50212262575;25.6057001067378;"T23";8.10739096486941;1;2;2;"S-5";2;"S-3"
-20.9553280425143;3.43581280250373;-167.983170841841;25.8562415368474;"T23";8.17820685915649;1;2;2;"S-5";2;"S-3"
-21.0751418073117;3.12453036640525;-169.054494652737;26.0318946241022;"T23";8.22933103190735;1;2;2;"S-5";2;"S-3"
-21.0792596643872;3.12257297019513;-170.269888934426;26.212084934327;"T23";8.28700059792027;1;2;2;"S-5";2;"S-3"
-21.22125899897;3.02200222720741;-170.75655925012;26.284177768581;"T23";8.3100882358849;1;2;2;"S-5";2;"S-3"
-21.5454027003932;3.18240807522019;-174.640781081025;26.8373083356473;"T23";8.49312270293012;1;2;2;"S-5";2;"S-3"
-21.4754084198797;3.2007347101506;-175.321435131838;26.9378457439224;"T23";8.52471431717277;1;2;2;"S-5";2;"S-3"
-21.2484682561187;3.16094416890301;-176.353690623193;27.0916950173018;"T23";8.57278117910028;1;2;2;"S-5";2;"S-3"
-20.8125862329424;3.27342964955629;-178.369195661532;27.3915236365481;"T23";8.6676353123039;1;2;2;"S-5";2;"S-3"
-20.9131118230401;3.30337830854741;-179.142797386829;27.513196685548;"T23";8.70480521116406;1;2;2;"S-5";2;"S-3"
-20.9525009392661;3.33029509248126;-179.21265185102;27.5242307068699;"T23";8.70814543450251;1;2;2;"S-5";2;"S-3"
-20.9562515697278;3.21257957011776;-183.169282983374;28.1531174102296;"T23";8.8969835662283;1;2;2;"S-5";2;"S-3"
-20.7480315085071;3.15645463225587;-185.055609072158;28.4422899578699;"T23";8.98699613753706;1;2;2;"S-5";2;"S-3"
-21.1358515435095;2.54597416728739;-188.971685398951;29.0380533321883;"T23";9.17574061313644;1;2;2;"S-5";2;"S-3"
-21.2064942515811;2.54456744150604;-189.462122824421;29.097130252432;"T23";9.1989446664229;1;2;2;"S-5";2;"S-3"
-20.6291590608985;2.5846181464561;-191.577714353069;29.3509800995335;"T23";9.29870615946129;1;2;2;"S-5";2;"S-3"
-20.8115744810675;2.51826280334362;-192.230337538739;29.4327469676594;"T23";9.33034211630002;1;2;2;"S-5";2;"S-3"
-21.1256100680864;2.808984058585;-196.225750045024;29.9162038395912;"T23";9.52232242561877;1;2;2;"S-5";2;"S-3"
-21.1516154476141;2.84807315557021;-196.357238417266;29.9336872987825;"T23";9.52854654751718;1;2;2;"S-5";2;"S-3"
-21.2687293684361;2.8092262954566;-197.173475869399;30.0435939856617;"T23";9.56713638734072;1;2;2;"S-5";2;"S-3"
-21.262003895121;2.84339117206351;-198.371321258442;30.2018083625763;"T23";9.62345594307408;1;2;2;"S-5";2;"S-3"
-21.2314115159888;2.61001959247717;-198.856767938863;30.266727681208;"T23";9.64628759538755;1;2;2;"S-5";2;"S-3"
-21.4245326462171;2.67088341518726;-199.06808314207;30.2927050789021;"T23";9.65624054661021;1;2;2;"S-5";2;"S-3"
-22.5458491806467;2.35600692538866;-206.461677566718;31.2144254754915;"T23";10.0013399962336;1;2;2;"S-5";2;"S-3"
-22.2404713925665;2.55384692706228;-207.171114491004;31.2885605543414;"T23";10.0328064057976;1;2;2;"S-5";2;"S-3"
-22.2804914061642;2.39425803582313;-208.036793242214;31.3879654176456;"T23";10.0717299850658;1;2;2;"S-5";2;"S-3"
-22.2648811896165;2.22094717917449;-208.393532563704;31.4263005679617;"T23";10.087741271127;1;2;2;"S-5";2;"S-3"
-22.2208619744707;2.1695638954007;-208.756766000903;31.4625335157533;"T23";10.1040554582141;1;2;2;"S-5";2;"S-3"
-22.3585499890095;2.1647561207638;-208.822971739561;31.4689976025392;"T23";10.1070348988287;1;2;2;"S-5";2;"S-3"
-21.9847018649212;2.11201832072419;-210.370548650838;31.6188340898197;"T23";10.1762512349524;1;2;2;"S-5";2;"S-3"
-21.8365154767452;1.46773411946584;-214.876212217229;32.0516825340563;"T23";10.3811966371723;1;2;2;"S-5";2;"S-3"
-21.9693105786172;1.38259898263123;-215.73335053015;32.1092948004601;"T23";10.4204491595738;1;2;2;"S-5";2;"S-3"
-21.6730967461489;1.58618760945331;-217.003385840697;32.1892221847075;"T23";10.4782586800866;1;2;2;"S-5";2;"S-3"
-21.538417034176;1.53815624067851;-217.974093641736;32.2602653173268;"T23";10.5230472865514;1;2;2;"S-5";2;"S-3"
-21.486608571595;1.6069226353603;-218.281828563037;32.282242066543;"T23";10.5373350088485;1;2;2;"S-5";2;"S-3"
-21.1565759206093;1.74061553116769;-218.876056628945;32.3266827015782;"T23";10.564990749117;1;2;2;"S-5";2;"S-3"
-21.0533719384795;1.77531170684359;-219.742947401409;32.3980044290656;"T23";10.6059657526202;1;2;2;"S-5";2;"S-3"
-20.9705823737711;2.03163965897225;-221.711445313908;32.5639967175773;"T23";10.6994661153294;1;2;2;"S-5";2;"S-3"
-20.8536723780009;2.21829596821469;-222.378032453155;32.6285759860076;"T23";10.7312528882176;1;2;2;"S-5";2;"S-3"
-20.8521321141172;2.05466170784466;-222.954529939659;32.6899005348361;"T23";10.7588977785781;1;2;2;"S-5";2;"S-3"
-20.9735889630933;1.91915569008749;-223.556408376325;32.7492065362477;"T23";10.7877618982457;1;2;2;"S-5";2;"S-3"
-20.6296234072515;2.42606364915205;-227.158981041283;33.0788543538469;"T23";10.9595290035941;1;2;2;"S-5";2;"S-3"
-20.9385196951516;2.65940542409856;-229.768055557514;33.3856840383643;"T23";11.0860012355261;1;2;2;"S-5";2;"S-3"
-21.1440108902727;2.58496752124271;-230.760203789207;33.5116969765895;"T23";11.1333851120435;1;2;2;"S-5";2;"S-3"
-20.8962901289043;2.71641889432299;-232.262165885949;33.6953198123119;"T23";11.2044199835509;1;2;2;"S-5";2;"S-3"
-21.0499716356272;2.6468424285934;-232.760910367865;33.7601542363057;"T23";11.2282875925303;1;2;2;"S-5";2;"S-3"
-20.5736551693383;2.4162966889294;-236.611655354841;34.2443503858136;"T23";11.4112210925668;1;2;2;"S-5";2;"S-3"
-20.8497089864665;2.57341051568733;-240.083216174203;34.6520718550517;"T23";11.5799592575058;1;2;2;"S-5";2;"S-3"
-21.5447910368484;2.49707168192287;-245.0476048794;35.2648099084321;"T23";11.8180627585389;1;2;2;"S-5";2;"S-3"
-21.3617247839731;2.60570782694479;-246.156804379147;35.3933676955874;"T23";11.8695461773314;1;2;2;"S-5";2;"S-3"
-21.364944997199;2.63242390190247;-246.224090096977;35.4015752220566;"T23";11.872696003411;1;2;2;"S-5";2;"S-3"
-21.4271417731544;2.63301457498807;-246.916683961641;35.4869113015031;"T23";11.9051133049652;1;2;2;"S-5";2;"S-3"
-21.7040135220327;1.76695038258543;-255.107277756691;36.4933895835105;"T23";12.2873665182851;1;2;2;"S-5";2;"S-3"
-21.6334863156957;1.64025809379004;-255.596570294967;36.53322348966;"T23";12.309910391923;1;2;2;"S-5";2;"S-3"
-21.7030408199739;1.60436448025042;-255.892782576825;36.5556824029256;"T23";12.323602696415;1;2;2;"S-5";2;"S-3"
-20.9073743970118;2.05287333513302;-260.711554517881;36.9119028332693;"T23";12.5456348061562;1;2;2;"S-5";2;"S-3"
-21.4371802552238;2.06915204664833;-263.286482057889;37.1647322888674;"T23";12.6687936251983;1;2;2;"S-5";2;"S-3"
-21.4144443901054;2.23663581127332;-266.006240571452;37.4272478729007;"T23";12.7956647193059;1;2;2;"S-5";2;"S-3"
-21.6009972151036;2.43974836445476;-268.422246805164;37.6795881141015;"T23";12.9084860556759;1;2;2;"S-5";2;"S-3"
-21.4546710181063;2.38682839234512;-269.910062399781;37.8476310811659;"T23";12.9773632274009;1;2;2;"S-5";2;"S-3"
-21.0529240326432;2.43872058369065;-271.241643333418;37.9957692267673;"T23";13.0394280771725;1;2;2;"S-5";2;"S-3"
-21.1651859456299;2.34982018764171;-272.569875316867;38.1496284566269;"T23";13.1025182199664;1;2;2;"S-5";2;"S-3"
-21.2557404024497;2.25983672760237;-272.940560623163;38.1907830119534;"T23";13.1200321367942;1;2;2;"S-5";2;"S-3"
-21.4611988204454;1.95518189878308;-274.689932761351;38.3767702009796;"T23";13.2023332989775;1;2;2;"S-5";2;"S-3"
-21.3901937471628;1.86657754348304;-278.503376233684;38.7241867507967;"T23";13.3800234412774;1;2;2;"S-5";2;"S-3"
-21.0814426852178;2.27134099323694;-279.487791323272;38.81008999793;"T23";13.4260452352464;1;2;2;"S-5";2;"S-3"
-21.0332756537496;2.25794688729629;-279.523696066788;38.8139584198884;"T23";13.4277483797632;1;2;2;"S-5";2;"S-3"
-21.3832717354086;2.16922722043945;-281.241193633382;38.9983338043159;"T23";13.509404589422;1;2;2;"S-5";2;"S-3"
-21.3862674240779;2.14735987401069;-281.277823780394;39.0020497516682;"T23";13.5111176175997;1;2;2;"S-5";2;"S-3"
-21.2701505440405;1.75890778444198;-285.923863179775;39.4685509125052;"T23";13.7283616699278;1;2;2;"S-5";2;"S-3"
-21.3845236110933;1.78298130122296;-286.214936387449;39.4926208376221;"T23";13.742046256084;1;2;2;"S-5";2;"S-3"
-21.3078435657268;1.91954181870101;-288.191529677026;39.6574236145991;"T23";13.834477274213;1;2;2;"S-5";2;"S-3"
-21.6108863873782;2.00581902709755;-290.0620843465;39.8259347030697;"T23";13.9222644153051;1;2;2;"S-5";2;"S-3"
-21.8326435085902;1.86835449618421;-291.039027879966;39.9166099253952;"T23";13.9674704987556;1;2;2;"S-5";2;"S-3"
-21.7390349750457;2.01232160982984;-291.948878836997;39.9944715057282;"T23";14.0091443783604;1;2;2;"S-5";2;"S-3"
-21.9586603210051;0.849293810864199;-298.61202376424;40.6112601783583;"T23";14.3156503909267;1;2;2;"S-5";2;"S-3"
-21.4872450342921;0.791291562768782;-300.577945187908;40.6872960053787;"T23";14.4051786861382;1;2;2;"S-5";2;"S-3"
-21.1431534012523;1.77492311526641;-303.22770363275;40.7848762906797;"T23";14.5284964237362;1;2;2;"S-5";2;"S-3"
-21.1781857535842;2.05395888794205;-304.36433227841;40.880293867158;"T23";14.5822551334277;1;2;2;"S-5";2;"S-3"
-21.189290279005;2.16019367935213;-304.91594389923;40.933791725967;"T23";14.6083013503812;1;2;2;"S-5";2;"S-3"
-21.1897237769604;2.17682052413663;-305.189545848081;40.9616847413905;"T23";14.6212136256509;1;2;2;"S-5";2;"S-3"
-21.0289773160786;2.27323914561422;-305.869465618113;41.0315329058004;"T23";14.6533008664846;1;2;2;"S-5";2;"S-3"
-21.0566892842359;2.20694063757497;-306.544827995486;41.1045397938978;"T23";14.6854166639969;1;2;2;"S-5";2;"S-3"
-21.2079498691594;1.99715085753797;-308.695529511388;41.329953699696;"T23";14.7875552996993;1;2;2;"S-5";2;"S-3"
-21.6523650888888;2.02549380685982;-310.458143793734;41.4959389385905;"T23";14.8706663167104;1;2;2;"S-5";2;"S-3"
-21.8380543908741;2.00944769055983;-311.05183902472;41.5514767982464;"T23";14.8980857338756;1;2;2;"S-5";2;"S-3"
-21.5207822505852;2.01046707241841;-311.65807794561;41.607260403219;"T23";14.9258463992737;1;2;2;"S-5";2;"S-3"
-21.3925363979196;2.09068395856497;-312.070680080087;41.6458056101597;"T23";14.9450186640024;1;2;2;"S-5";2;"S-3"
-20.9630041917811;2.42158654478392;-314.347237594653;41.8682926583489;"T23";15.0514369714074;1;2;2;"S-5";2;"S-3"
-20.8150503322531;2.0951977992469;-316.008044857955;42.0601443836789;"T23";15.1306626037695;1;2;2;"S-5";2;"S-3"
-20.883231490454;1.96715658074386;-318.145982226284;42.2753445200009;"T23";15.2333737351;1;2;2;"S-5";2;"S-3"
-20.6446810339039;2.02144704865997;-318.891203706908;42.34554281955;"T23";15.2690588962287;1;2;2;"S-5";2;"S-3"
-20.5194197228662;2.04895050854258;-319.137147178889;42.3696246498654;"T23";15.2809720602818;1;2;2;"S-5";2;"S-3"
-20.6264017894657;2.06725529976268;-321.013739319699;42.5570102812902;"T23";15.3724265052006;1;2;2;"S-5";2;"S-3"
-20.4632443201536;2.33104711646298;-324.147363839348;42.8710738761833;"T23";15.524349489715;1;2;2;"S-5";2;"S-3"
-21.5343362141108;2.29907799965203;-330.060913897473;43.5447091803113;"T23";15.8133334829472;1;2;2;"S-5";2;"S-3"
-21.8911308475762;2.07555230941778;-330.666282039859;43.6093403147012;"T23";15.8414452453144;1;2;2;"S-5";2;"S-3"
-21.9123048996875;2.16261370762005;-330.966540426481;43.6378085556575;"T23";15.8551612286828;1;2;2;"S-5";2;"S-3"
-22.0271643142038;1.94024768768061;-331.528073662107;43.6932285344415;"T23";15.8807876170613;1;2;2;"S-5";2;"S-3"
-21.8099895308789;1.97722064303889;-333.29536266829;43.8488989765737;"T23";15.9610198694281;1;2;2;"S-5";2;"S-3"
-21.7557304039824;1.97523896753428;-333.361716321662;43.8549143766729;"T23";15.9640622208826;1;2;2;"S-5";2;"S-3"
-21.6829054745197;2.09131164826544;-334.256564186431;43.9361591034499;"T23";16.0051938146353;1;2;2;"S-5";2;"S-3"
-21.595081112746;2.02180812928808;-335.009424881886;44.0087723583376;"T23";16.0399152082391;1;2;2;"S-5";2;"S-3"
-21.6251626930639;2.02087212119631;-335.659410096513;44.069626280765;"T23";16.0700139706023;1;2;2;"S-5";2;"S-3"
-21.3209489073861;2.11556239293452;-338.460021654602;44.3313435173183;"T23";16.1995210452005;1;2;2;"S-5";2;"S-3"
-21.0395819378482;2.29403142505493;-340.212298548291;44.5052124719506;"T23";16.2817067350261;1;2;2;"S-5";2;"S-3"
-21.0751029318833;2.28266834416139;-340.26375161735;44.5108226099127;"T23";16.2841522716917;1;2;2;"S-5";2;"S-3"
-21.0595351563614;2.24483247912337;-340.302182936739;44.5149851497815;"T23";16.2859758129343;1;2;2;"S-5";2;"S-3"
-20.9065594490139;2.24825830873731;-342.50427712699;44.7497164733203;"T23";16.3905409979634;1;2;2;"S-5";2;"S-3"
-21.3379312420713;2.62082292930011;-345.587826096386;45.0813164483306;"T23";16.5380329359323;1;2;2;"S-5";2;"S-3"
-21.175326353488;2.62176373705238;-346.852969622021;45.2367071993468;"T23";16.5973237599246;1;2;2;"S-5";2;"S-3"
-21.1497491147473;2.62580247879976;-347.522698280289;45.319627777788;"T23";16.6289515444078;1;2;2;"S-5";2;"S-3"
-21.1168137884026;2.69862268350814;-347.774605282415;45.350902760154;"T23";16.6408621822484;1;2;2;"S-5";2;"S-3"
-21.3106904184016;2.64939892343364;-349.436132354821;45.56323757031;"T23";16.7195448419079;1;2;2;"S-5";2;"S-3"
-20.6633557388345;2.79917028470862;-350.751833884852;45.7268089116783;"T23";16.7812838801183;1;2;2;"S-5";2;"S-3"
-21.128184487376;2.75045014306536;-352.159593085334;45.9175116112698;"T23";16.8494121753611;1;2;2;"S-5";2;"S-3"
-20.9673187625415;2.80829697936508;-352.265375503833;45.9312822818291;"T23";16.8544188723899;1;2;2;"S-5";2;"S-3"
-20.9117422115057;2.82705802736778;-353.304308445338;46.0704337047857;"T23";16.9039689819328;1;2;2;"S-5";2;"S-3"
-20.9370704530062;2.6798064805555;-353.409779896478;46.0846923882367;"T23";16.9090126291849;1;2;2;"S-5";2;"S-3"
-21.0989249444032;2.70721266277068;-354.228974973727;46.1895439376347;"T23";16.9481391669251;1;2;2;"S-5";2;"S-3"
-20.8042829249473;2.83038564125814;-355.337063579716;46.3317232910146;"T23";17.0006578904577;1;2;2;"S-5";2;"S-3"
-21.0989586433735;3.09236024769842;-359.699639644294;46.9252439952188;"T23";17.2103539458476;1;2;2;"S-5";2;"S-3"
-21.1672128557565;3.10744043180746;-359.936251652617;46.9599229374848;"T23";17.221568338573;1;2;2;"S-5";2;"S-3"
-21.4114164806359;3.23466085896444;-360.703666543167;47.0725828363159;"T23";17.2578232246451;1;2;2;"S-5";2;"S-3"
-21.6175585519086;3.06091531823218;-361.101190089863;47.132637427201;"T23";17.2763891867362;1;2;2;"S-5";2;"S-3"
-21.5654856719063;2.99608820063553;-362.295582129116;47.3017561035836;"T23";17.3316402011551;1;2;2;"S-5";2;"S-3"
-21.7899133793208;2.70586614014351;-366.060777395714;47.8248538572334;"T23";17.5062337773852;1;2;2;"S-5";2;"S-3"
-21.6857736181676;2.59701320747331;-366.899817970338;47.9290457115818;"T23";17.5447396934032;1;2;2;"S-5";2;"S-3"
-21.4257576840492;2.33268799447509;-368.283279375064;48.0947242621083;"T23";17.608535499312;1;2;2;"S-5";2;"S-3"
-21.5476246196142;2.62376443161979;-369.807029255641;48.2606195879782;"T23";17.6796531653963;1;2;2;"S-5";2;"S-3"
-20.9553239859901;2.38811541464345;-373.635014737437;48.7267374236653;"T23";17.8573054843582;1;2;2;"S-5";2;"S-3"
-21.1159530888497;2.41641098001881;-375.187857540357;48.903702849571;"T23";17.9314080276527;1;2;2;"S-5";2;"S-3"
-21.1217209233746;2.77054380150918;-376.488257154667;49.0525145036417;"T23";17.9929917794652;1;2;2;"S-5";2;"S-3"
-21.546476732591;2.50172020510433;-380.321321754099;49.5552989786978;"T23";18.1744667934254;1;2;2;"S-5";2;"S-3"
-21.5581578299009;2.58079169480766;-380.629810704337;49.5911170407151;"T23";18.1887841667049;1;2;2;"S-5";2;"S-3"
-21.7583524559351;2.64517182777997;-381.557443715905;49.7021667691275;"T23";18.2318134931847;1;2;2;"S-5";2;"S-3"
-21.7455542452929;2.67424190704838;-381.625475940307;49.7104374745376;"T23";18.234940210823;1;2;2;"S-5";2;"S-3"
-21.7736523738103;2.63859518476301;-382.201294753619;49.7812509743479;"T23";18.2614200515673;1;2;2;"S-5";2;"S-3"
-21.7634721694847;2.61199024416883;-382.320380809412;49.7956821725682;"T23";18.2668893248774;1;2;2;"S-5";2;"S-3"
-21.8565698749646;2.55561911726833;-382.672798460288;49.8379783401463;"T23";18.2830824051052;1;2;2;"S-5";2;"S-3"
-21.8779989842458;2.4647297092388;-385.803481289395;50.2040391142724;"T23";18.4263200149871;1;2;2;"S-5";2;"S-3"
-21.4172955250268;2.61593200643312;-387.226454752183;50.3643483350433;"T23";18.4913613134995;1;2;2;"S-5";2;"S-3"
-21.3911402841933;2.57407565843852;-387.735519818293;50.4265261015236;"T23";18.5151301906444;1;2;2;"S-5";2;"S-3"
-21.5144387953362;2.56139876706635;-388.57248157398;50.5272408298521;"T23";18.5542567516677;1;2;2;"S-5";2;"S-3"
-21.3535046561194;2.51122830199666;-389.603797199625;50.6500239801407;"T23";18.6021927278489;1;2;2;"S-5";2;"S-3"
-21.3911665058215;2.38609520816247;-390.25294197223;50.7263651124893;"T23";18.6325926450081;1;2;2;"S-5";2;"S-3"
-21.5364671280783;2.65700132707429;-392.356799637739;50.9610416409039;"T23";18.7309443484992;1;2;2;"S-5";2;"S-3"
-21.7567886245308;2.72128819724799;-394.814641714749;51.2642710248841;"T23";18.8450690126047;1;2;2;"S-5";2;"S-3"
-21.6183489023369;2.43243860096341;-396.224103564421;51.4405632140566;"T23";18.9098516362719;1;2;2;"S-5";2;"S-3"
-21.7048672193766;2.58466684052777;-398.276700133043;51.6715158713699;"T23";19.0047985990532;1;2;2;"S-5";2;"S-3"
-22.203620570733;2.19731295613874;-400.786488667556;51.9703874164629;"T23";19.1204311209731;1;2;2;"S-5";2;"S-3"
-21.9726292587733;2.29358622272616;-401.181351401994;52.0094637913953;"T23";19.1382148303092;1;2;2;"S-5";2;"S-3"
-21.9949455848787;2.60234028426198;-403.167767159807;52.2168133880716;"T23";19.2286189296283;1;2;2;"S-5";2;"S-3"
-21.5808996789197;2.48104123428064;-406.230205900555;52.5791469829596;"T23";19.3678526789881;1;2;2;"S-5";2;"S-3"
-21.3556553426613;2.50986608401953;-407.69427910067;52.7474636904894;"T23";19.4356938358396;1;2;2;"S-5";2;"S-3"
-21.4801679001781;2.40858535827294;-407.897026114917;52.7712919386294;"T23";19.4451876683161;1;2;2;"S-5";2;"S-3"
-21.4022749779751;2.4010737126801;-409.25720746462;52.9238099682237;"T23";19.5085103274323;1;2;2;"S-5";2;"S-3"
-21.1344141032274;2.48551100514962;-410.317739126282;53.0427886607647;"T23";19.5580626139417;1;2;2;"S-5";2;"S-3"
-21.3470645415117;2.6293548623885;-411.659953176075;53.2006396319689;"T23";19.6215710719116;1;2;2;"S-5";2;"S-3"
-21.2522284367774;2.64497429382015;-411.99505518737;53.2419147263072;"T23";19.6372688747942;1;2;2;"S-5";2;"S-3"
-21.5496230231326;2.62757799776786;-413.7879431989;53.4650509831143;"T23";19.7216312284581;1;2;2;"S-5";2;"S-3"
-21.8934528542703;2.06299486002564;-418.869915598397;54.0847035333166;"T23";19.9574577389285;1;2;2;"S-5";2;"S-3"
-21.6003332075984;2.32284517589515;-419.895010548548;54.1812970504414;"T23";20.0042797252536;1;2;2;"S-5";2;"S-3"
-21.4313789463796;2.01118512148162;-427.898279593994;55.0419483522031;"T23";20.3747957246378;1;2;2;"S-5";2;"S-3"
-21.4772251956146;2.11195209280087;-428.483176567655;55.096836845098;"T23";20.4020873410627;1;2;2;"S-5";2;"S-3"
-21.5140697948819;2.12284035282416;-431.109553925623;55.355100336174;"T23";20.5243739648722;1;2;2;"S-5";2;"S-3"
-21.6613686283253;2.09222426900481;-431.396888161771;55.3834522341208;"T23";20.537729607895;1;2;2;"S-5";2;"S-3"
-21.49871906177;2.30362455811164;-433.17627244114;55.5553190739803;"T23";20.619875122793;1;2;2;"S-5";2;"S-3"
-21.4302579440107;2.26908007732239;-434.170677359596;55.6618712636377;"T23";20.6661292701028;1;2;2;"S-5";2;"S-3"
-21.1577425281271;2.27391361104652;-436.975141602927;55.9588137436923;"T23";20.7969939685427;1;2;2;"S-5";2;"S-3"
-21.410266238899;2.21605306373579;-438.13414397742;56.0833767149588;"T23";20.851773081813;1;2;2;"S-5";2;"S-3"
-21.2484760849277;2.14717911014682;-438.849480626391;56.157417082083;"T23";20.8851839997806;1;2;2;"S-5";2;"S-3"
-21.3175168565108;2.16592662848819;-439.505468624536;56.2237053053181;"T23";20.9160562371835;1;2;2;"S-5";2;"S-3"
-21.2401511638914;2.41578125121439;-442.120806876151;56.4894318812512;"T23";21.0387411760166;1;2;2;"S-5";2;"S-3"
-21.4494657228124;2.37166150861552;-443.99925539326;56.7030801116235;"T23";21.1271797423251;1;2;2;"S-5";2;"S-3"
-21.5532408981313;2.31226407366401;-444.54479836666;56.7634006477165;"T23";21.1526136146858;1;2;2;"S-5";2;"S-3"
-21.1341766636737;2.45056137897034;-446.216820697321;56.9427777160573;"T23";21.2301899911836;1;2;2;"S-5";2;"S-3"
-20.9806583314633;2.61088391867374;-447.505201163133;57.0921686983124;"T23";21.2911519338377;1;2;2;"S-5";2;"S-3"
-21.7172166177817;2.26483308694029;-451.048305187849;57.5330811412955;"T23";21.4600267121568;1;2;2;"S-5";2;"S-3"
-21.6556732983335;2.38754357690168;-452.161125836163;57.6491343661857;"T23";21.5112681151368;1;2;2;"S-5";2;"S-3"
-21.5470844588798;2.33911310108596;-453.176730949112;57.7611050923176;"T23";21.5581659926102;1;2;2;"S-5";2;"S-3"
-21.4310482860468;2.43206558569769;-453.39843683517;57.7851730883221;"T23";21.5684553608298;1;2;2;"S-5";2;"S-3"
-21.2975508055708;2.25477550173699;-454.791091096043;57.9432160573564;"T23";21.6334383818321;1;2;2;"S-5";2;"S-3"
-21.573276170416;2.11261891840311;-456.12995558244;58.0849618792884;"T23";21.6963030979969;1;2;2;"S-5";2;"S-3"
-21.2722428720384;2.14250856575674;-458.446300403108;58.3117959424614;"T23";21.8036741251126;1;2;2;"S-5";2;"S-3"
-20.9599406778954;2.10232115852526;-459.239191280899;58.3916547287491;"T23";21.8409476219676;1;2;2;"S-5";2;"S-3"
-20.9201745966586;2.22166063187679;-462.596570383072;58.7284061171312;"T23";22.0011283759959;1;2;2;"S-5";2;"S-3"
-20.8277366991915;2.24233401303085;-464.034040620877;58.8810612023969;"T23";22.0698405290022;1;2;2;"S-5";2;"S-3"
-20.6862440400402;2.37689648376586;-464.171038708677;58.8958105472936;"T23";22.0764182042331;1;2;2;"S-5";2;"S-3"
-20.7680588197725;2.34691841600222;-464.254756262706;58.9054298846376;"T23";22.0804652199149;1;2;2;"S-5";2;"S-3"
-20.5247363025273;2.42913347649953;-465.440522808023;59.0394287993379;"T23";22.1375609049574;1;2;2;"S-5";2;"S-3"
-20.4321317393324;2.57978218732292;-466.489702989397;59.1636008551389;"T23";22.1886787447147;1;2;2;"S-5";2;"S-3"
-20.3432655919694;2.66902562379223;-466.674704387635;59.1869593239414;"T23";22.1977331792004;1;2;2;"S-5";2;"S-3"
-20.5332217184502;2.8221132922227;-468.56551377729;59.4350325100226;"T23";22.2906784038059;1;2;2;"S-5";2;"S-3"
-20.6424306305333;2.80118432361006;-468.965781744408;59.4900458715859;"T23";22.3101720795967;1;2;2;"S-5";2;"S-3"
-20.7119297443194;2.94246308252204;-472.24260319569;59.9347115722919;"T23";22.4689141148701;1;2;2;"S-5";2;"S-3"
-20.6569195463212;2.96385608252418;-472.498798697107;59.971108268019;"T23";22.4812835804187;1;2;2;"S-5";2;"S-3"
-20.4341593948565;3.43111510099361;-474.896812615762;60.3151754520367;"T23";22.5973712629639;1;2;2;"S-5";2;"S-3"
-20.4809356661556;3.42723672887458;-475.000667464438;60.332613797932;"T23";22.6024536765181;1;2;2;"S-5";2;"S-3"
-20.6323304324035;3.50081497196543;-477.514746734085;60.7533145389861;"T23";22.7252058451995;1;2;2;"S-5";2;"S-3"
-20.6424677567547;3.4533813806206;-477.895659683771;60.8179463924574;"T23";22.7436677902006;1;2;2;"S-5";2;"S-3"
-20.576775817468;3.61204795864469;-478.74758417933;60.9604690900983;"T23";22.7849382674322;1;2;2;"S-5";2;"S-3"
-20.7067396666207;3.88684760371214;-480.268869856232;61.2275156319139;"T23";22.8588704369031;1;2;2;"S-5";2;"S-3"
-20.6385967272343;3.75728172778064;-480.799840263973;61.327183715359;"T23";22.8845128323883;1;2;2;"S-5";2;"S-3"
-21.2985810601001;3.56452946134728;-484.022130224562;61.9138055361419;"T23";23.0406421469525;1;2;2;"S-5";2;"S-3"
-21.2969539081162;3.54026422950159;-484.816653186633;62.0467768593501;"T23";23.0779461795464;1;2;2;"S-5";2;"S-3"
-21.2917785407595;3.44787351232107;-486.249304234606;62.2849312583491;"T23";23.1452164123766;1;2;2;"S-5";2;"S-3"
-21.3686849718167;3.35863161729276;-486.4929752516;62.3243900026528;"T23";23.1566607835703;1;2;2;"S-5";2;"S-3"
-22.027355273448;2.93081584754195;-489.434321759674;62.7866973178883;"T23";23.294308304321;1;2;2;"S-5";2;"S-3"
-21.9551355382547;2.85632747529476;-489.728210458513;62.8258002263073;"T23";23.3076502918266;1;2;2;"S-5";2;"S-3"
-21.8058959989358;2.50558185875778;-491.262613146693;63.0254235239534;"T23";23.3775383909233;1;2;2;"S-5";2;"S-3"
-22.0497698187046;2.52839430971175;-492.473765749131;63.1645896462263;"T23";23.4330808278173;1;2;2;"S-5";2;"S-3"
-21.9594105946875;2.43402032486286;-493.043414210502;63.22990987134;"T23";23.458915494848;1;2;2;"S-5";2;"S-3"
-22.1400086580879;2.07097191286246;-494.370262774044;63.3769801379918;"T23";23.5193382715806;1;2;2;"S-5";2;"S-3"
-22.2247040567047;1.96769730729058;-495.279034571911;63.4619864673772;"T23";23.5603848588653;1;2;2;"S-5";2;"S-3"
-21.9650328286002;2.0059645388504;-495.957298636446;63.5220375875187;"T23";23.5909033333883;1;2;2;"S-5";2;"S-3"
-22.1895929305713;2.06407818559327;-496.369786427387;63.559708183679;"T23";23.6096826265566;1;2;2;"S-5";2;"S-3"
-22.2154733571815;2.05807026189526;-496.642692083377;63.5850938954862;"T23";23.6219814396463;1;2;2;"S-5";2;"S-3"
-22.3438747681899;1.93015764462268;-497.173470076467;63.6342658571043;"T23";23.6458737053908;1;2;2;"S-5";2;"S-3"
-22.1122020964133;2.24812660724689;-498.715887039683;63.7675063054882;"T23";23.7149045686238;1;2;2;"S-5";2;"S-3"
-22.2100729499981;2.0907350913372;-499.17362520714;63.814044110675;"T23";23.7356052733958;1;2;2;"S-5";2;"S-3"
-22.1357911814546;2.12078293174857;-499.237922694411;63.8200967253253;"T23";23.7385002430528;1;2;2;"S-5";2;"S-3"
-21.9457072619852;1.988560524422;-499.626803060372;63.857354523606;"T23";23.7560681882314;1;2;2;"S-5";2;"S-3"
-21.9597885383566;1.89282556263074;-499.868012234946;63.8792111462685;"T23";23.7670593662187;1;2;2;"S-5";2;"S-3"
-21.9108198260889;1.89098401151355;-499.919387538643;63.8836394442895;"T23";23.7693988834508;1;2;2;"S-5";2;"S-3"
-21.7361350645779;2.10383529462307;-501.360757795932;64.008034977311;"T23";23.8351823762059;1;2;2;"S-5";2;"S-3"
-21.7308170483512;1.84743574889669;-502.395084846116;64.1081472441834;"T23";23.882767977193;1;2;2;"S-5";2;"S-3"
-21.8288239459714;1.87949219540241;-502.997441877541;64.1593563593758;"T23";23.9104870008305;1;2;2;"S-5";2;"S-3"
-21.6729884869288;1.97009757506971;-503.193564045759;64.1762427516717;"T23";23.9194715511985;1;2;2;"S-5";2;"S-3"
-21.8702099439393;2.12644936438184;-504.699544437725;64.3131379620441;"T23";23.9889580640011;1;2;2;"S-5";2;"S-3"
-21.2154345708897;2.52310330786035;-507.556722500302;64.5909425414544;"T23";24.1196005255915;1;2;2;"S-5";2;"S-3"
-20.8171385636752;2.80447441803315;-509.575311141758;64.8310086905332;"T23";24.2147476994433;1;2;2;"S-5";2;"S-3"
-20.6093484400128;3.57888345253658;-512.390967865438;65.2103325456044;"T23";24.3500043638051;1;2;2;"S-5";2;"S-3"
-20.5320815217199;3.58407396098215;-513.946058692924;65.480379356928;"T23";24.4254599674605;1;2;2;"S-5";2;"S-3"
-20.4089809168429;3.50580612504538;-518.410873172522;66.2597560265567;"T23";24.6429154882208;1;2;2;"S-5";2;"S-3"
-20.1356949134471;3.77422330765213;-519.92461453679;66.5197829121816;"T23";24.7170858434401;1;2;2;"S-5";2;"S-3"
-20.3057212183761;3.910489942917;-520.670152639316;66.6595261539913;"T23";24.7541115386412;1;2;2;"S-5";2;"S-3"
-20.572840559317;3.93913363597313;-521.603516595335;66.8392740350854;"T23";24.8000771040097;1;2;2;"S-5";2;"S-3"
-20.6268223985901;3.8382817022003;-523.161644033284;67.1376126229078;"T23";24.8758142115548;1;2;2;"S-5";2;"S-3"
-21.0827808148561;3.32000965216586;-526.681406595156;67.7925773080279;"T23";25.0464542885311;1;2;2;"S-5";2;"S-3"
-21.3158717555648;3.11978174066252;-527.118375957238;67.8613890322759;"T23";25.0671806512401;1;2;2;"S-5";2;"S-3"
-21.5255561123456;3.00650346984725;-529.822842692188;68.2572136100685;"T23";25.1940563786775;1;2;2;"S-5";2;"S-3"
-21.7867700927825;3.00556517381259;-530.889534586985;68.4061999064608;"T23";25.243611051701;1;2;2;"S-5";2;"S-3"
-21.8110451111741;2.91990159501252;-531.324009207921;68.4661372805659;"T23";25.2635531825945;1;2;2;"S-5";2;"S-3"
-21.8086318373252;2.73979120723132;-531.802013200349;68.530128923919;"T23";25.2854688675143;1;2;2;"S-5";2;"S-3"
-21.9741300530708;2.61685058033325;-533.08934007921;68.6918541935207;"T23";25.3444971865974;1;2;2;"S-5";2;"S-3"
-21.2546379211806;2.58625054911851;-535.814748485301;69.0164170568467;"T23";25.4685252322815;1;2;2;"S-5";2;"S-3"
-21.1129062022438;2.65328401213977;-536.414266464651;69.0893660155187;"T23";25.4967316868715;1;2;2;"S-5";2;"S-3"
-21.0435792488594;2.67529823910388;-536.505695876078;69.1008560583037;"T23";25.5010621855035;1;2;2;"S-5";2;"S-3"
-20.9835642764778;2.68029616075344;-536.596133000127;69.1123534502566;"T23";25.5053597968072;1;2;2;"S-5";2;"S-3"
-20.8635469031112;2.59975378899724;-539.406430886805;69.4713215710674;"T23";25.6392883253284;1;2;2;"S-5";2;"S-3"
-20.9863967570821;2.57233259624244;-539.811799574169;69.5218335375038;"T23";25.6587178446352;1;2;2;"S-5";2;"S-3"
-20.9720905934965;2.58299667200808;-539.935370813457;69.5369798406285;"T23";25.6646060035564;1;2;2;"S-5";2;"S-3"
-20.8871870481538;2.76383651885289;-541.209172315832;69.693865727935;"T23";25.7253439398482;1;2;2;"S-5";2;"S-3"
-20.8877554197971;2.77029437341262;-542.954100235847;69.9247582601361;"T23";25.8088845293969;1;2;2;"S-5";2;"S-3"
-21.2433732675152;2.87906391659167;-546.372845136635;70.3781784372896;"T23";25.9725567302667;1;2;2;"S-5";2;"S-3"
-21.1332811534247;2.93090753330424;-546.543754445672;70.4013413699587;"T23";25.9806020301767;1;2;2;"S-5";2;"S-3"
-21.3681576875232;2.97905636112422;-548.687049587023;70.6985881547942;"T23";26.0820200317539;1;2;2;"S-5";2;"S-3"
-21.276844070596;2.89054801013565;-549.11758940195;70.7586121584136;"T23";26.1021686950698;1;2;2;"S-5";2;"S-3"
-22.0241788810657;2.89180321456249;-553.497615170463;71.3536569276242;"T23";26.3080275035463;1;2;2;"S-5";2;"S-3"
-22.1673119583645;2.79292851422649;-553.717864789788;71.3825759879265;"T23";26.318027859088;1;2;2;"S-5";2;"S-3"
-22.0431037300522;2.78007528960502;-554.034284803563;71.4224427286753;"T23";26.3323020306416;1;2;2;"S-5";2;"S-3"
-22.3369044166246;2.67679533985982;-556.720922335999;71.7612813381344;"T23";26.4541831216775;1;2;2;"S-5";2;"S-3"
-22.5328128389125;2.67940828176818;-557.655537257481;71.8732831097193;"T23";26.4960248605348;1;2;2;"S-5";2;"S-3"
-22.2681637816355;2.57324467023187;-558.392746993671;71.9609457502725;"T23";26.528742024675;1;2;2;"S-5";2;"S-3"
-22.1626863840422;2.17805408022608;-561.178579525988;72.2828685089803;"T23";26.6538458527066;1;2;2;"S-5";2;"S-3"
-21.8251222809652;2.28592101291147;-564.621022807803;72.6211771194971;"T23";26.8091719364747;1;2;2;"S-5";2;"S-3"
-21.8691757357957;2.2736792692892;-564.888424006231;72.6491842028249;"T23";26.821423927322;1;2;2;"S-5";2;"S-3"
-22.1618821739837;2.25531593962852;-567.058524948718;72.8748037499358;"T23";26.920654962305;1;2;2;"S-5";2;"S-3"
-21.8642110592989;2.28930395029366;-568.316511328788;73.0028234150768;"T23";26.9774184795097;1;2;2;"S-5";2;"S-3"
-21.3465496090191;2.11517098143299;-570.587446630096;73.2406029142796;"T23";27.0812838920392;1;2;2;"S-5";2;"S-3"
-21.3540792020693;2.18360551582583;-570.790056003686;73.2606789207272;"T23";27.09077532636;1;2;2;"S-5";2;"S-3"
-21.3890804357055;2.83224893931515;-573.284629196946;73.5157666598373;"T23";27.2075948421843;1;2;2;"S-5";2;"S-3"
-21.4034652591041;2.80618263481515;-573.547455935821;73.5505690326948;"T23";27.2198827355169;1;2;2;"S-5";2;"S-3"
-21.2032066891817;2.981460786357;-574.636201942776;73.6933132146044;"T23";27.2707504802383;1;2;2;"S-5";2;"S-3"
-21.0661727661787;3.01304372649624;-576.672066660994;73.979583631748;"T23";27.3667673114687;1;2;2;"S-5";2;"S-3"
-21.3856009771541;2.90677061329585;-580.086256132769;74.4679068921325;"T23";27.5288370670751;1;2;2;"S-5";2;"S-3"
-21.0093735693606;2.52890004133356;-583.696846505136;74.9586650430142;"T23";27.6976698427461;1;2;2;"S-5";2;"S-3"
-21.2868419954475;2.64960967590691;-587.721419543644;75.4431032338929;"T23";27.8892306727357;1;2;2;"S-5";2;"S-3"
-20.9968978333095;2.60506406239738;-589.87923457659;75.7116901662022;"T23";27.9905991628766;1;2;2;"S-5";2;"S-3"
-20.9845863621345;2.5458228112605;-590.97823011035;75.8480414402076;"T23";28.0429400154389;1;2;2;"S-5";2;"S-3"
-20.9309169513603;2.62693466160619;-591.697258146025;75.9352729892869;"T23";28.0772045953199;1;2;2;"S-5";2;"S-3"
-20.8241792271355;2.59086457754326;-592.223214670639;76.0012831611403;"T23";28.1023328076117;1;2;2;"S-5";2;"S-3"
-20.8413137721914;2.46670536117856;-592.38910779401;76.0219229478186;"T23";28.1102991779335;1;2;2;"S-5";2;"S-3"
-20.8747531241966;2.50746238916887;-592.664450819296;76.0545115899772;"T23";28.1235105823725;1;2;2;"S-5";2;"S-3"
-20.9150732079682;2.41432476574759;-593.955771665177;76.2096242485141;"T23";28.1853709951974;1;2;2;"S-5";2;"S-3"
-20.8915764827479;2.45577028663239;-594.161513759963;76.2333740212191;"T23";28.1952080200426;1;2;2;"S-5";2;"S-3"
-21.5596309050611;2.48032279238563;-598.886453854825;76.7887829201436;"T23";28.4213728620671;1;2;2;"S-5";2;"S-3"
-21.7658049098011;2.48339179656444;-602.81943609635;77.24125196002;"T23";28.6037963116542;1;2;2;"S-5";2;"S-3"
-21.8075925963055;2.47605590000755;-602.932311531502;77.2541305983636;"T23";28.6089822184294;1;2;2;"S-5";2;"S-3"
-21.5047723366726;2.5634799874316;-610.893857340742;78.158092481689;"T23";28.9740635897033;1;2;2;"S-5";2;"S-3"
-21.4902775813552;2.53092596699997;-610.960732434647;78.1660643384564;"T23";28.9771733689122;1;2;2;"S-5";2;"S-3"
-21.9342388383118;2.9245806694527;-613.965612237894;78.5199512667644;"T23";29.1169984498993;1;2;2;"S-5";2;"S-3"
-22.1502189176568;2.59351444611495;-616.280884020899;78.828655806321;"T23";29.2225535959005;1;2;2;"S-5";2;"S-3"
-21.9440327159537;2.6091383965105;-616.594291376162;78.8653518997734;"T23";29.236702772323;1;2;2;"S-5";2;"S-3"
-21.7228542719911;2.67636981319308;-616.821352533263;78.892349397955;"T23";29.2470500571653;1;2;2;"S-5";2;"S-3"
-20.7194330536294;3.0406754214665;-618.741070153201;79.1288686980216;"T23";29.3354232329875;1;2;2;"S-5";2;"S-3"
-20.4839510161802;3.09654613768209;-619.786233610703;79.2822514102036;"T23";29.38586686505;1;2;2;"S-5";2;"S-3"
-20.7082457497086;3.12480866396345;-620.33844435774;79.3657287654548;"T23";29.4128250796348;1;2;2;"S-5";2;"S-3"
-21.5897269380108;3.06420761915286;-622.237220529584;79.652248073001;"T23";29.5045168721117;1;2;2;"S-5";2;"S-3"
-21.8343328397996;2.77381743415018;-624.430127909961;79.9634851498914;"T23";29.6060886699706;1;2;2;"S-5";2;"S-3"
-21.8389621443771;2.69445892235947;-625.146250930996;80.0544608868337;"T23";29.6388866961934;1;2;2;"S-5";2;"S-3"
-21.9173455319253;2.56047983066706;-626.534240425276;80.225708982429;"T23";29.7024423489347;1;2;2;"S-5";2;"S-3"
-22.4322592978527;1.9265562307465;-628.480041201689;80.4530259098026;"T23";29.7912213834934;1;2;2;"S-5";2;"S-3"
-15.7176522925741;-1.77581522620817;-632.862734275572;80.8294260100701;"T23";29.986595956143;3;2;1;"S-6-NA";3;"S-4"
-13.9943535296334;-2.52475512230322;-633.729950359237;80.7314460129867;"T23";30.0417706137523;3;2;1;"S-6-NA";3;"S-4"
-13.8915385342375;-2.54478293520145;-633.754437406079;80.7270282457197;"T23";30.043520394247;3;2;1;"S-6-NA";3;"S-4"
-12.4269356137463;-2.9339953576938;-634.490499036556;80.5921895399942;"T23";30.0965067232028;3;2;1;"S-6-NA";3;"S-4"
-11.9101487346332;-3.08543396442178;-634.756588372981;80.5293659363265;"T23";30.117919028271;3;2;1;"S-6-NA";3;"S-4"
-9.39340531240041;-3.27375731270056;-635.902977895925;80.2323831488434;"T23";30.2141721942462;3;2;1;"S-6-NA";3;"S-4"
-9.32305619571489;-3.26601209818024;-635.940715833724;80.2192308525539;"T23";30.2181896870025;3;2;1;"S-6-NA";3;"S-4"
-8.34123575992706;-3.12125550905508;-636.589600927418;79.9919162765345;"T23";30.2877897280268;3;2;7;"S-7-NA";3;"S-4"
-7.14240012654823;-3.06229962865756;-637.133758257743;79.7882948811017;"T23";30.3530267439783;3;2;7;"S-7-NA";3;"S-4"
-7.11489290450199;-3.04126469428318;-637.275767132589;79.7274086640035;"T23";30.3729092585854;3;2;7;"S-7-NA";3;"S-4"
-6.35576675685943;-2.64750696155996;-637.70076884697;79.5457414588461;"T23";30.4326433571987;3;2;7;"S-7-NA";3;"S-4"
-6.06753400698393;-2.53067263284836;-637.943893352764;79.4444674747241;"T23";30.4708959418349;3;2;7;"S-7-NA";3;"S-4"
-5.75923714199331;-2.26015909713718;-638.303359407623;79.2945398589216;"T23";30.5301401182078;3;2;7;"S-7-NA";3;"S-4"
-4.4761800049438;-1.56213767176882;-638.90136560026;79.0598578857523;"T23";30.6339743896388;3;2;7;"S-7-NA";3;"S-4"
-4.28994075696575;-1.16088790713203;-639.19593149251;78.9570576237891;"T23";30.6997818173841;3;2;7;"S-7-NA";3;"S-4"
-4.29440821576271;-1.21507296917253;-639.208934606714;78.9535388903404;"T23";30.7028128881939;3;2;7;"S-7-NA";3;"S-4"
-3.62271417605942;-0.435770688570315;-639.511901764039;78.8678164380451;"T23";30.7733621099032;3;2;7;"S-7-NA";3;"S-4"
-3.70362363067875;-0.415173782272884;-639.534830471993;78.8650583792064;"T23";30.779691261705;3;2;7;"S-7-NA";3;"S-4"
-3.40139996323496;-0.203708173852661;-639.755651162309;78.8403045245105;"T23";30.8393141371198;3;2;7;"S-7-NA";3;"S-4"
-3.04149038123007;0.257065738053655;-639.970760937269;78.827421705698;"T23";30.9025556780398;3;2;7;"S-7-NA";3;"S-4"
-2.73617473272333;0.43794765456809;-640.082726273852;78.836884978067;"T23";30.9393683332019;3;2;7;"S-7-NA";3;"S-4"
-3.38193186071118;1.36478096140828;-640.580180388599;78.9165066704258;"T23";31.1211747466587;3;2;7;"S-7-NA";3;"S-4"
-3.72599018200579;1.54098304083251;-640.89075024128;79.0418373511088;"T23";31.2130068312399;3;2;3;"S-8";3;"S-4"
-3.70347499900785;2.0350207653614;-641.624361176147;79.3452418030739;"T23";31.4098970266059;3;2;3;"S-8";3;"S-4"
-3.77652692052028;2.10672724037593;-641.671041872279;79.3708923572145;"T23";31.4225015928969;3;2;3;"S-8";3;"S-4"
-4.18190004602469;2.35276284801814;-641.853742315439;79.4728113977864;"T23";31.4708794932812;3;2;3;"S-8";3;"S-4"
-4.17305991617842;2.24641082387444;-642.07708133334;79.5984633115213;"T23";31.524285604246;3;2;3;"S-8";3;"S-4"
-4.2149317689561;2.39987994929719;-642.350794417413;79.7458065193946;"T23";31.5898761036806;3;2;3;"S-8";3;"S-4"
-4.22866771387013;2.47663266134474;-642.40382788765;79.7760024914386;"T23";31.602458388079;3;2;3;"S-8";3;"S-4"
-4.25833491405762;2.38595078202734;-642.441960373721;79.7983358046363;"T23";31.6114760003984;3;2;3;"S-8";3;"S-4"
-4.24378936741855;2.39541324538099;-642.536224564781;79.8511521577218;"T23";31.6336123971269;3;2;3;"S-8";3;"S-4"
-4.04792253903742;2.33318062396345;-642.610278610872;79.8929520746176;"T23";31.6510623786598;3;2;3;"S-8";3;"S-4"
-3.91629448486436;2.14544668124797;-642.700708993621;79.945075210575;"T23";31.6734023275785;3;2;3;"S-8";3;"S-4"
-3.52783945693841;2.17906256561349;-643.018515565185;80.1191778111006;"T23";31.7545521422289;3;2;3;"S-8";3;"S-4"
-2.85636205010295;2.8468421893392;-643.856612942599;80.6368506371334;"T23";31.9921188987792;3;2;3;"S-8";3;"S-4"
-3.35903854992989;2.99012567343387;-644.141370365937;80.920659003253;"T23";32.0918112411164;3;2;3;"S-8";3;"S-4"
-3.82899059551475;2.46370095937546;-644.834497411343;81.5376620362973;"T23";32.2981580975465;3;2;3;"S-8";3;"S-4"
-3.63527045712445;2.51550823813923;-645.060044683125;81.6827867149854;"T23";32.3570632492192;3;2;3;"S-8";3;"S-4"
-3.80531332633826;2.46591245978651;-645.125902319744;81.7283584074946;"T23";32.3751795454882;3;2;3;"S-8";3;"S-4"
-3.96367502145509;2.42384063452671;-645.273728616054;81.8241525444533;"T23";32.4140268843621;3;2;3;"S-8";3;"S-4"
-4.07080536732071;2.45737651679295;-645.657560261781;82.0588707629484;"T23";32.5108641991392;3;2;3;"S-8";3;"S-4"
-3.9997166836154;2.61090975782344;-645.775675270857;82.1301718995529;"T23";32.5398793444037;3;2;3;"S-8";3;"S-4"
-3.65491964223266;2.62489187149878;-645.86861710179;82.1908418800761;"T23";32.5631164480001;3;2;3;"S-8";3;"S-4"
-3.7004213728978;2.6239561858213;-646.010772730907;82.2929352752478;"T23";32.6020107720979;3;2;3;"S-8";3;"S-4"
-3.7430784943593;2.89553671973051;-646.277026365482;82.4817348202287;"T23";32.6739630196244;3;2;3;"S-8";3;"S-4"
-3.90609026316617;3.18659804876435;-646.373865380312;82.5566466671928;"T23";32.6998345088214;3;2;3;"S-8";3;"S-4"
-4.14363760065677;3.17997984128399;-646.449828409994;82.6186174937366;"T23";32.7192818396725;3;2;3;"S-8";3;"S-4"
-4.14614219821151;3.21060463560141;-646.974742581382;83.0214559280514;"T23";32.8459613956511;3;2;3;"S-8";3;"S-4"
-4.42501962628606;3.14895951723797;-647.066451359744;83.0924714926075;"T23";32.8680804581381;3;2;3;"S-8";3;"S-4"
-4.79072917793089;2.71824060431064;-647.478585680904;83.3857570376671;"T23";32.9612177447416;3;2;3;"S-8";3;"S-4"
-4.79853311011102;2.24175227868471;-647.831148052909;83.5857995196244;"T23";33.0348103772849;3;2;3;"S-8";3;"S-4"
-4.58769767228619;2.28859311306941;-647.972943048771;83.6520425250982;"T23";33.0643600318581;3;2;3;"S-8";3;"S-4"
-3.48593485147748;2.25638108424635;-649.184385755606;84.2563760347994;"T23";33.3284233580343;3;2;3;"S-8";3;"S-4"
-4.3044264770922;2.33721092496805;-650.274035197833;84.9616859429461;"T23";33.6410079267807;3;2;3;"S-8";3;"S-4"
-4.26732138947033;2.26488047109449;-650.46974107076;85.0679500194076;"T23";33.6864741169848;3;2;3;"S-8";3;"S-4"
-4.2763030160604;2.26788121108986;-650.499992883928;85.0840061667203;"T23";33.6935632978566;3;2;3;"S-8";3;"S-4"
-4.39148050028326;2.28792839693938;-650.578297218153;85.1255338432364;"T23";33.7118745199405;3;2;3;"S-8";3;"S-4"
-4.38829765802812;2.43787458012869;-650.676127316704;85.1765025906863;"T23";33.7341517675668;3;2;3;"S-8";3;"S-4"
-3.96676488173606;2.5131486644154;-652.162559727281;86.0022751501648;"T23";34.0728782000951;3;2;3;"S-8";3;"S-4"
-3.89645036142849;2.65192373937086;-652.596587004209;86.2772536537697;"T23";34.182294132188;3;2;3;"S-8";3;"S-4"
-4.20705919443426;2.53853765790917;-653.158229264718;86.6595073219861;"T23";34.3264361610636;3;2;3;"S-8";3;"S-4"
-4.42038524176816;2.3861309940716;-653.25633515484;86.7187043727114;"T23";34.3497555120848;3;2;3;"S-8";3;"S-4"
-4.58034999268074;2.48466298572844;-653.389598279904;86.7906400198758;"T23";34.3799029127695;3;2;3;"S-8";3;"S-4"
-4.48221999677605;2.46926750293931;-653.668815555515;86.9421046089995;"T23";34.4408627250232;3;2;3;"S-8";3;"S-4"
-4.48188796291672;2.47306313052079;-653.795524809641;87.0119090906539;"T23";34.4691320322454;3;2;3;"S-8";3;"S-4"
-4.57684717720203;2.35890997078068;-653.90689692126;87.0733631620837;"T23";34.4939814065583;3;2;3;"S-8";3;"S-4"
-4.36203648009507;2.35973081797626;-654.395729500818;87.3253077871316;"T23";34.6007869346067;3;2;3;"S-8";3;"S-4"
-3.79566277630613;2.46148500867496;-655.44007012582;87.8902647214736;"T23";34.8402027739212;3;2;3;"S-8";3;"S-4"
-3.76515383309618;2.53433779204799;-655.528009055286;87.9472930639041;"T23";34.8633710411377;3;2;3;"S-8";3;"S-4"
-3.64735930097797;2.56952031936476;-655.606147637924;87.9998884084172;"T23";34.8841241328046;3;2;3;"S-8";3;"S-4"
-3.77347201389001;2.64202965708028;-656.08635429773;88.338188166693;"T23";35.0157828535885;3;2;3;"S-8";3;"S-4"
-3.92837715902069;2.78971261224333;-656.268264357569;88.4655540968622;"T23";35.0639904616401;3;2;3;"S-8";3;"S-4"
-4.49882114232788;2.46354161218922;-657.140198362321;89.0847526085209;"T23";35.2859482751228;3;2;3;"S-8";3;"S-4"
-4.16934301607628;2.66632828823037;-657.287602966656;89.165470948975;"T23";35.3187134373002;3;2;3;"S-8";3;"S-4"
-4.2124762405085;2.44886182033747;-657.465321765081;89.2791235455027;"T23";35.3613385697827;3;2;3;"S-8";3;"S-4"
-3.99192728661242;2.28112723494406;-657.942904033162;89.5567590538356;"T23";35.4747118544765;3;2;3;"S-8";3;"S-4"
-4.15044143224354;2.46495315992063;-658.378243887897;89.8055275127255;"T23";35.5837669107132;3;2;3;"S-8";3;"S-4"
-4.08935217241431;2.23808975998387;-659.071908291057;90.2174958034262;"T23";35.7508971821517;3;2;3;"S-8";3;"S-4"
-4.19295076326493;2.04290475720203;-659.529353753935;90.4678542863967;"T23";35.8627597568557;3;2;3;"S-8";3;"S-4"
-3.89809470406519;1.78903320546893;-659.768117027291;90.584185398905;"T23";35.9197037294507;3;2;3;"S-8";3;"S-4"
-3.61973446413104;1.96895636671183;-659.977487602437;90.6802761662211;"T23";35.9734147321433;3;2;3;"S-8";3;"S-4"
-3.53105072801518;2.1256352457209;-660.154275642055;90.7764401085251;"T23";36.0222547897138;3;2;3;"S-8";3;"S-4"
-3.69872245159106;2.40181253340078;-660.462198147684;90.9618044607629;"T23";36.1094590043649;3;2;3;"S-8";3;"S-4"
-3.84868608924307;2.37855656207261;-661.002944206264;91.3129448012135;"T23";36.2556570675224;3;2;3;"S-8";3;"S-4"
-3.82062946471573;2.43992340223157;-661.043306298435;91.3378892931689;"T23";36.2661443068646;3;2;3;"S-8";3;"S-4"
-3.80437496470103;2.41128444839517;-661.061489608663;91.3495014854962;"T23";36.2709035514854;3;2;3;"S-8";3;"S-4"
-4.03615687248406;2.79018662590944;-661.659405231851;91.728471659841;"T23";36.4280688227154;3;2;3;"S-8";3;"S-4"
-4.28762741048247;3.04983600142934;-662.153928052798;92.0703342298071;"T23";36.5505920141004;3;2;3;"S-8";3;"S-4"
-4.43826146242177;2.66924720486361;-662.494822683536;92.3128162875944;"T23";36.6300986032002;3;2;3;"S-8";3;"S-4"
-4.53564971207687;2.45968285782178;-662.617083612473;92.3863461248044;"T23";36.6576456348412;3;2;3;"S-8";3;"S-4"
-4.46174999333599;2.44318945519409;-662.846009417663;92.5104925899161;"T23";36.7081181844696;3;2;3;"S-8";3;"S-4"
-3.91254699666212;2.0838264783852;-664.05239103372;93.1710896309187;"T23";36.9785012444481;3;2;3;"S-8";3;"S-4"
-3.67825843779589;2.193680728489;-664.218939270403;93.2597933898317;"T23";37.0210689725354;3;2;3;"S-8";3;"S-4"
-3.56978893595735;2.24413219432615;-664.458765173855;93.4028234328514;"T23";37.0862699113786;3;2;3;"S-8";3;"S-4"
-3.76384910008994;2.32066414780097;-664.653069641795;93.5249720864075;"T23";37.1407001512125;3;2;3;"S-8";3;"S-4"
-3.93504859884053;2.58500240935683;-665.13744648844;93.8236227368828;"T23";37.2693920391612;3;2;3;"S-8";3;"S-4"
-3.91555817799661;2.34175322693246;-665.455245036476;94.0323901743692;"T23";37.3501530615613;3;2;3;"S-8";3;"S-4"
-3.8539607410896;2.22074727659354;-665.604954010698;94.1219256780057;"T23";37.3883874504827;3;2;3;"S-8";3;"S-4"
-3.93648411707181;2.24099487772397;-665.692977170182;94.1726467944968;"T23";37.4112271121703;3;2;3;"S-8";3;"S-4"
-4.00898764446639;2.50233893047754;-666.460125311275;94.6093753582396;"T23";37.606108665932;3;2;3;"S-8";3;"S-4"
-3.66522780967575;2.55699046497274;-666.734544798597;94.7806631314398;"T23";37.6745597342961;3;2;3;"S-8";3;"S-4"
-3.82530589314729;2.81625488430607;-668.046970167438;95.6962567393612;"T23";38.0326344398782;3;2;3;"S-8";3;"S-4"
-3.9345848165832;2.85791093560006;-668.153097251867;95.7743892935222;"T23";38.0603778641671;3;2;3;"S-8";3;"S-4"
-4.95256279170836;2.26312239218625;-669.128898160277;96.4831685465098;"T23";38.3083839318715;3;2;3;"S-8";3;"S-4"
-5.11218653297339;1.94741841333088;-669.273050660704;96.5490404526982;"T23";38.337490579579;3;2;3;"S-8";3;"S-4"
-5.12906077796951;1.98592648821544;-669.327204899449;96.5696697785278;"T23";38.3480837452225;3;2;3;"S-8";3;"S-4"
-4.81545812352851;2.03427261703381;-669.868265102302;96.7791634529214;"T23";38.4535728837363;3;2;3;"S-8";3;"S-4"
-4.79188456204987;1.99926632523816;-670.003629221464;96.8363475284294;"T23";38.4816832141951;3;2;3;"S-8";3;"S-4"
-4.43744308665207;1.88699021527474;-670.194263555651;96.9158838360841;"T23";38.5214659618214;3;2;3;"S-8";3;"S-4"
-4.09175984505618;1.82315716450089;-670.498990568509;97.0454667694006;"T23";38.590137718711;3;2;3;"S-8";3;"S-4"
-4.03863139869515;1.95123865643892;-671.115123549926;97.3199958966936;"T23";38.7407166883349;3;2;3;"S-8";3;"S-4"
-4.06501426442146;2.12011802776542;-671.236350271;97.3785658034272;"T23";38.7707334710285;3;2;3;"S-8";3;"S-4"
-3.83055999007818;1.95913034897553;-671.696249753213;97.6184274914252;"T23";38.8838694780134;3;2;3;"S-8";3;"S-4"
-3.13358554850076;2.2304233624831;-672.344440199647;97.9499428778997;"T23";39.0530850621872;3;2;3;"S-8";3;"S-4"
-3.13807145724952;2.45221505555999;-672.575769265388;98.1145982685584;"T23";39.1269075451419;3;2;3;"S-8";3;"S-4"
-3.14523632130221;2.69326555988737;-672.723729474876;98.230220318047;"T23";39.1740575898439;3;2;3;"S-8";3;"S-4"
-3.33757701596612;2.68021882695947;-672.783751183298;98.2816169012048;"T23";39.1931409598328;3;2;3;"S-8";3;"S-4"
-3.40564680422403;2.63120172480901;-672.871440722977;98.3520353976322;"T23";39.2194143729284;3;2;3;"S-8";3;"S-4"
-3.11895170895083;2.75156562594544;-673.192570486217;98.600140158783;"T23";39.3137076986022;3;2;3;"S-8";3;"S-4"
-3.48885025116283;2.97175225926421;-673.700747082017;99.0484578576109;"T23";39.4766395562328;3;2;3;"S-8";3;"S-4"
-3.75254924355178;2.89357069190828;-673.82616513648;99.1552871451615;"T23";39.5125878043473;3;2;3;"S-8";3;"S-4"
-4.32364793187721;2.85411691876513;-674.199651649059;99.4432806014709;"T23";39.6121165482327;3;2;3;"S-8";3;"S-4"
-4.08956511527547;3.01366452213354;-674.312556495979;99.5178110995326;"T23";39.6382298786193;3;2;3;"S-8";3;"S-4"
-3.97208463531586;2.8910782910805;-674.357442457169;99.5508882666559;"T23";39.6492056082934;3;2;3;"S-8";3;"S-4"
-4.28177062610963;2.74409704140787;-674.442701891594;99.6129442706453;"T23";39.6706702653319;3;2;3;"S-8";3;"S-4"
-4.71765730854053;2.27065486388549;-674.846850332237;99.8719545346455;"T23";39.7650584229268;3;2;3;"S-8";3;"S-4"
-4.73065130518516;2.09948185380349;-674.969377283246;99.9309279612998;"T23";39.7910304134712;3;2;3;"S-8";3;"S-4"
-4.32353451404037;1.9081854179092;-675.737609789405;100.271872601294;"T23";39.9534250725992;3;2;3;"S-8";3;"S-4"
-4.1974492600085;1.87786434560735;-675.974053008649;100.376226458459;"T23";40.0081125553697;3;2;3;"S-8";3;"S-4"
-4.18990879221646;1.82773306257776;-675.989305355606;100.383050087945;"T23";40.011746273376;3;2;3;"S-8";3;"S-4"
-4.10646902720829;1.9705535687547;-676.144919996949;100.450932717164;"T23";40.048886614386;3;2;3;"S-8";3;"S-4"
-3.76490222405558;1.91060159471048;-676.788984124829;100.759996990459;"T23";40.2057279599831;3;2;3;"S-8";3;"S-4"
-3.52927119015875;1.9109906055097;-677.05898927753;100.897018417479;"T23";40.277444338426;3;2;3;"S-8";3;"S-4"
-3.82864853100704;1.95914281456335;-677.433816755491;101.099975841399;"T23";40.3836496872827;3;2;3;"S-8";3;"S-4"
-3.65657777757642;2.77642573664182;-677.985237312115;101.382141104823;"T23";40.527674544137;3;2;3;"S-8";3;"S-4"
-3.6136111465912;2.81589923780824;-677.992713474302;101.387817726619;"T23";40.5297191231512;3;2;3;"S-8";3;"S-4"
-3.547244832278;3.03054549108481;-678.139798706243;101.502433598585;"T23";40.5704222386703;3;2;3;"S-8";3;"S-4"
-3.47685517722038;3.13973475778485;-678.596125041902;101.892290454929;"T23";40.6990647083148;3;2;3;"S-8";3;"S-4"
-3.81991284100584;3.00422842144095;-678.820834041159;102.095211376105;"T23";40.7636946649291;3;2;3;"S-8";3;"S-4"
-3.94786422900246;2.92177833412087;-678.856740872705;102.123450848664;"T23";40.7730945735238;3;2;3;"S-8";3;"S-4"
-3.92746219272146;3.01435569496667;-679.562230179795;102.645577054846;"T23";40.9517960855737;3;2;3;"S-8";3;"S-4"
-4.49066671772161;2.89677781450374;-680.071498798688;103.036444410482;"T23";41.0814647097141;3;2;3;"S-8";3;"S-4"
-4.26090046742604;2.82998648975856;-680.158821706459;103.092773476482;"T23";41.1009101313539;3;2;3;"S-8";3;"S-4"
-4.31602348783861;2.89077694593154;-680.197436621788;103.11842056435;"T23";41.1099727498367;3;2;3;"S-8";3;"S-4"
-4.30059509430709;2.87439329881351;-680.24192948508;103.148220898807;"T23";41.120281512849;3;2;3;"S-8";3;"S-4"
-4.354839298629;2.89578786032126;-680.31186715616;103.194965214112;"T23";41.1365438369103;3;2;3;"S-8";3;"S-4"
-3.86634677067181;3.06439201534108;-680.747021069225;103.484324552635;"T23";41.2364680552855;3;2;3;"S-8";3;"S-4"
-4.33295058335392;2.81918217365556;-681.071607943174;103.741585859965;"T23";41.3204198819585;3;2;3;"S-8";3;"S-4"
-4.7503804354591;1.76823849103624;-682.131340667384;104.431088208875;"T23";41.5649951901287;3;2;3;"S-8";3;"S-4"
-4.50015713278725;1.83455977342299;-682.476994086228;104.559751099787;"T23";41.6377585032023;3;2;3;"S-8";3;"S-4"
-4.20007083974345;1.74844882491413;-682.723631921819;104.660296889284;"T23";41.6925649973564;3;2;3;"S-8";3;"S-4"
-4.45896313602991;1.87201162642099;-682.8450731765;104.710851707797;"T23";41.7214790941216;3;2;3;"S-8";3;"S-4"
-3.91596228962188;2.27630864339214;-683.97662284925;105.185911509513;"T23";41.9752487796359;3;2;3;"S-8";3;"S-4"
-4.11926583283939;2.30388500661229;-684.653874628574;105.579591010236;"T23";42.1481952304021;3;2;3;"S-8";3;"S-4"
-3.96182058047862;2.33206404718821;-685.323226807255;105.953956373187;"T23";42.3106883070432;3;2;3;"S-8";3;"S-4"
-3.9797730207223;2.21186465706596;-685.630520265733;106.134839886687;"T23";42.3882520059124;3;2;3;"S-8";3;"S-4"
-3.48965659372377;2.89077696382144;-686.42197166061;106.574710039834;"T23";42.5871204817668;3;2;3;"S-8";3;"S-4"
-3.59021044189243;2.78212791283115;-686.465078997694;106.610419483921;"T23";42.5994733697735;3;2;3;"S-8";3;"S-4"
-3.42889847077611;3.37086759925116;-687.224341104055;107.198787306211;"T23";42.810954595916;3;2;3;"S-8";3;"S-4"
-4.3180180803791;3.09450127529041;-687.754440509591;107.719915279446;"T23";42.9655521758832;3;2;3;"S-8";3;"S-4"
-4.56780008855009;3.09619671181606;-687.977899697034;107.880056975855;"T23";43.0173025815748;3;2;3;"S-8";3;"S-4"
-4.45829201109099;2.5211037864424;-688.380411030991;108.152891654367;"T23";43.1054218788631;3;2;3;"S-8";3;"S-4"
-4.56790364425418;2.45321790760252;-689.186262375063;108.608589681727;"T23";43.2861752575263;3;2;3;"S-8";3;"S-4"
-4.53491782218602;2.42790739423484;-689.246937679007;108.641175689177;"T23";43.2994582224637;3;2;3;"S-8";3;"S-4"
-4.66444987519488;2.37179763818712;-689.274481100156;108.655921904763;"T23";43.3055318542756;3;2;3;"S-8";3;"S-4"
-4.32900179177899;2.72411598080224;-689.647880866626;108.845789672219;"T23";43.3855841169134;3;2;3;"S-8";3;"S-4"
-4.27021075620122;2.75279794017871;-689.698966147733;108.87793616634;"T23";43.3973848237656;3;2;3;"S-8";3;"S-4"
-4.17719080324391;2.82760122003138;-689.763285456646;108.919399707883;"T23";43.412447150331;3;2;3;"S-8";3;"S-4"
-3.9073195705857;2.79405765952732;-689.877595955757;108.996778147599;"T23";43.4398125507869;3;2;3;"S-8";3;"S-4"
-4.49709687408845;2.51354694279823;-690.637034965788;109.53984004581;"T23";43.634175718762;3;2;3;"S-8";3;"S-4"
-4.4022108520097;2.45301866590696;-690.677318371153;109.562355511506;"T23";43.6431333655491;3;2;3;"S-8";3;"S-4"
-4.48933889388538;2.42630512146111;-690.699989468436;109.574988396818;"T23";43.64828329999;3;2;3;"S-8";3;"S-4"
-4.69228940646034;2.65599968746826;-691.188016672669;109.83874725598;"T23";43.7569913337938;3;2;3;"S-8";3;"S-4"
-4.46108695217928;2.68329964972347;-692.194105971114;110.408228937684;"T23";43.971404642798;3;2;3;"S-8";3;"S-4"
-4.35282957167131;2.66725207522353;-692.356675865016;110.506013119889;"T23";44.0078464103863;3;2;3;"S-8";3;"S-4"
-4.63344481125625;2.70423376318767;-692.624770098572;110.670291295506;"T23";44.0694372053258;3;2;3;"S-8";3;"S-4"
-4.89804764693796;2.26098338748012;-693.172588176011;110.990016295251;"T23";44.1876684781164;3;2;3;"S-8";3;"S-4"
-4.93281861916312;2.23434246270332;-693.180756231586;110.99378674407;"T23";44.189336092677;3;2;3;"S-8";3;"S-4"
-4.21584289269892;2.34291453968804;-693.625137203326;111.195071111372;"T23";44.2794227157719;3;2;3;"S-8";3;"S-4"
-4.28980135322721;2.48479989288733;-693.893126487387;111.344003603898;"T23";44.3429899052717;3;2;3;"S-8";3;"S-4"
-4.2384529940912;2.71538305624574;-694.228515998517;111.538272697665;"T23";44.4211728987284;3;2;3;"S-8";3;"S-4"
-4.32523080726494;2.58036868794073;-694.263020081096;111.560377885887;"T23";44.4293136242777;3;2;3;"S-8";3;"S-4"
-4.22613684238062;2.63426756065699;-694.532477063585;111.721131933785;"T23";44.4916124921292;3;2;3;"S-8";3;"S-4"
-4.58445330851508;2.59790244668698;-695.626016403222;112.402765140695;"T23";44.7503687464632;3;2;3;"S-8";3;"S-4"
-4.32916975917392;2.75782814942313;-695.940566678987;112.581013423755;"T23";44.8189811315387;3;2;3;"S-8";3;"S-4"
-4.39090350058416;2.81915960237498;-695.99563912705;112.616096443358;"T23";44.8317023809068;3;2;3;"S-8";3;"S-4"
-4.31592954695583;2.77223321210838;-696.481211680328;112.927856090557;"T23";44.9422884033993;3;2;3;"S-8";3;"S-4"
-4.14881751862131;2.77948942588584;-696.739989450837;113.094075747795;"T23";45.0022471603006;3;2;3;"S-8";3;"S-4"
-4.07432773392487;2.71756510383031;-697.015737611416;113.278812505461;"T23";45.0687114382163;3;2;3;"S-8";3;"S-4"
-4.04712550827094;2.83845114988457;-697.395394471247;113.532042559861;"T23";45.1618941384368;3;2;3;"S-8";3;"S-4"
-4.31408051652171;2.81471138682341;-697.582271466967;113.663108725787;"T23";45.2080693794414;3;2;3;"S-8";3;"S-4"
-4.43735747610518;2.80475184545648;-697.708234587427;113.745293058722;"T23";45.2372675179504;3;2;3;"S-8";3;"S-4"
-4.74306630200362;2.70328403738873;-698.137641559969;114.01671135332;"T23";45.3340383945033;3;2;3;"S-8";3;"S-4"
-4.50581040619349;2.42615681462199;-698.82244019594;114.407008495206;"T23";45.4784172819927;3;2;3;"S-8";3;"S-4"
-4.57116467590666;2.27365221270884;-698.90371834343;114.450772771471;"T23";45.4964558011852;3;2;3;"S-8";3;"S-4"
-4.77390996983138;2.10549876972693;-699.090367229888;114.543610086199;"T23";45.5372876022011;3;2;3;"S-8";3;"S-4"
-4.78728862863785;2.08621227815013;-699.101167296971;114.548373378365;"T23";45.5395499127917;3;2;3;"S-8";3;"S-4"
-4.63488860764357;2.20702943780049;-699.252566424805;114.614350331895;"T23";45.5711751477793;3;2;3;"S-8";3;"S-4"
-4.48317974467738;1.89441709748501;-699.431144862779;114.699385357098;"T23";45.6097043235786;3;2;3;"S-8";3;"S-4"
-4.57085747514718;1.8136645132518;-699.508001553452;114.731862000276;"T23";45.6268476671539;3;2;3;"S-8";3;"S-4"
-4.65592367109554;1.71720004057623;-700.38107970607;115.078289529751;"T23";45.8178573753685;3;2;3;"S-8";3;"S-4"
-4.12108504442745;1.65123477648755;-700.922419130027;115.277946600281;"T23";45.9341263398528;3;2;3;"S-8";3;"S-4"
-4.13245691036872;1.88386347828764;-701.163028377545;115.37435382138;"T23";45.9925112663768;3;2;3;"S-8";3;"S-4"
-4.0253997591714;2.6779511957201;-703.732612633027;116.545750411418;"T23";46.6143167228438;3;2;3;"S-8";3;"S-4"
-4.21710650408378;2.68931441498616;-704.089547313221;116.783205996157;"T23";46.7029873398133;3;2;3;"S-8";3;"S-4"
-4.24555110641171;2.93692516308986;-704.213699383117;116.862379702322;"T23";46.7324274475686;3;2;3;"S-8";3;"S-4"
-4.12111403296606;2.64947697334782;-704.64273605097;117.159172404641;"T23";46.8334830366075;3;2;3;"S-8";3;"S-4"
-4.12992018084611;2.5240704326183;-705.997523553017;118.030169484979;"T23";47.162226063665;3;2;3;"S-8";3;"S-4"
-4.21238324361465;2.4851001882324;-706.055423647856;118.065556105308;"T23";47.176245728042;3;2;3;"S-8";3;"S-4"
-4.21524886306632;2.46521522690854;-706.069067460015;118.073605287494;"T23";47.179484704975;3;2;3;"S-8";3;"S-4"
-4.14744872326892;2.51407912089531;-706.0889046998;118.085206753307;"T23";47.1841907710768;3;2;3;"S-8";3;"S-4"
-3.9172240151091;2.58506225444014;-706.411168313142;118.280554851809;"T23";47.2618924221024;3;2;3;"S-8";3;"S-4"
-3.95664981921413;2.5829556223679;-706.426242261629;118.290502481842;"T23";47.2657405422069;3;2;3;"S-8";3;"S-4"
-3.93911802618129;2.52014946477495;-706.436347226085;118.297099142135;"T23";47.2682944615372;3;2;3;"S-8";3;"S-4"
-3.81155872712819;2.53159819213839;-706.598329028139;118.400731058985;"T23";47.3094157991;3;2;3;"S-8";3;"S-4"
-3.83066152197186;2.54070316769469;-706.626773456542;118.419623556432;"T23";47.3168784752488;3;2;3;"S-8";3;"S-4"
-3.42902660898744;3.13100101804479;-707.560075667433;119.038640368548;"T23";47.5605184328742;3;2;3;"S-8";3;"S-4"
-3.38835453596555;3.12334060665597;-707.568188470846;119.046048067187;"T23";47.5628843531013;3;2;3;"S-8";3;"S-4"
-3.28847888823539;3.21144781574407;-707.595859625613;119.071554973386;"T23";47.5710508995689;3;2;3;"S-8";3;"S-4"
-3.65057813711914;2.95464337729512;-707.859524826527;119.329043940882;"T23";47.6512293680571;3;2;3;"S-8";3;"S-4"
-3.86650241647376;2.91660034347981;-707.895971600711;119.358542616413;"T23";47.6612132042646;3;2;3;"S-8";3;"S-4"
-4.26628668694494;2.64213624264632;-709.105026255055;120.270563052537;"T23";47.9739130358212;3;2;3;"S-8";3;"S-4"
-4.21566596296085;2.72009271809886;-709.197614817662;120.327903689692;"T23";47.9956154129468;3;2;3;"S-8";3;"S-4"
-4.03456874838043;2.45573673545129;-709.953075419325;120.815352861294;"T23";48.1748185586184;3;2;3;"S-8";3;"S-4"
-4.54225992340846;2.19680042218345;-710.426008398004;121.103214826619;"T23";48.2920387643389;3;2;3;"S-8";3;"S-4"
-4.39788081512026;2.24371036024061;-710.460246458445;121.119773585232;"T23";48.2995764352381;3;2;3;"S-8";3;"S-4"
-4.19413889012639;2.34789892178526;-710.580642869551;121.181197413273;"T23";48.3269524411298;3;2;3;"S-8";3;"S-4"
-4.41198791541844;2.20812913927592;-710.695514958731;121.245503355779;"T23";48.3543411595747;3;2;3;"S-8";3;"S-4"
-4.43784175845654;2.26623228027373;-710.797827837154;121.296709309308;"T23";48.3775309054181;3;2;3;"S-8";3;"S-4"
-4.31437351993972;2.46263479898079;-710.965513300636;121.38233971953;"T23";48.4153162688017;3;2;3;"S-8";3;"S-4"
-4.43841717949135;2.30941518874064;-711.015238817994;121.410722934121;"T23";48.4268418163992;3;2;3;"S-8";3;"S-4"
-4.89984485627628;1.99491269467128;-711.41030291086;121.616284281713;"T23";48.5158519470133;3;2;3;"S-8";3;"S-4"
-4.13016598971898;1.94371140928773;-711.951876676216;121.836779503766;"T23";48.626380704809;3;2;3;"S-8";3;"S-4"
-3.60493099206411;2.31302448668538;-712.078597672718;121.896416101256;"T23";48.65706252167;3;2;3;"S-8";3;"S-4"
-3.59953083653162;2.30648770925061;-712.106471513551;121.914300736643;"T23";48.6647946643643;3;2;3;"S-8";3;"S-4"
-3.84089485205959;2.31767063482231;-712.257222563308;122.010898170922;"T23";48.706675413996;3;2;3;"S-8";3;"S-4"
-4.3574726305284;2.30343490604695;-712.838479891335;122.36164014443;"T23";48.8580092438497;3;2;3;"S-8";3;"S-4"
-4.06529202426029;2.31699329393648;-713.304234461635;122.607846013254;"T23";48.9648956456222;3;2;3;"S-8";3;"S-4"
-3.94250468000532;2.22985887841198;-713.733215908468;122.852341889468;"T23";49.0704185562208;3;2;3;"S-8";3;"S-4"
-3.9184150069504;2.2494743282515;-713.757802775713;122.866248085825;"T23";49.0766549133696;3;2;3;"S-8";3;"S-4"
-3.94299200738059;2.27430559413937;-713.810305739914;122.896388862113;"T23";49.0900539443828;3;2;3;"S-8";3;"S-4"
-3.7081364630348;2.62114351646988;-714.127833585992;123.079537941613;"T23";49.1705836146139;3;2;3;"S-8";3;"S-4"
-3.73280726236724;2.69002846240406;-714.627728851582;123.432895280907;"T23";49.3053939891979;3;2;3;"S-8";3;"S-4"
-3.38251437503835;3.16732787418952;-715.674718906841;124.187403309461;"T23";49.5858772774227;3;2;3;"S-8";3;"S-4"
-3.50936828174922;3.1577551962796;-715.700963007962;124.211977831191;"T23";49.5936360326596;3;2;3;"S-8";3;"S-4"
-3.86629655908376;3.03564566806781;-715.89355582767;124.385274256181;"T23";49.6485156589188;3;2;3;"S-8";3;"S-4"
-3.46680258818626;3.02305124721327;-715.993034820287;124.463380777082;"T23";49.6742454473861;3;2;3;"S-8";3;"S-4"
-3.86290546536501;3.35613878104721;-716.546900342896;124.946351415393;"T23";49.8340080841444;3;2;3;"S-8";3;"S-4"
-3.81962196116928;3.39314728415435;-716.596423707692;124.989377911032;"T23";49.8468283214606;3;2;3;"S-8";3;"S-4"
-3.68040478507363;3.27824379893757;-717.008222376838;125.355197761801;"T23";49.9546396895312;3;2;3;"S-8";3;"S-4"
-4.00902092472802;3.11504694895906;-717.17516668054;125.503899918314;"T23";50;3;2;3;"S-8";3;"S-4"
