"Vx";"Vy";"X";"Y";"Traj";"Time";"TrueMovMode";"TrueTrajClust";"firstEstMovMode";"firstSegment";"finalEstMovMode";"finalSegment"
0;0;0;0;"T24";0;1;2;1;"S-1-NA";2;"S-1"
-7.99782451210923;6.45512401350255;0;0;"T24";0.217242713551968;1;2;1;"S-1-NA";2;"S-1"
-10.193776629772;7.2915328652685;-0.491921627153648;0.397034856590436;"T24";0.278749642893672;1;2;1;"S-1-NA";2;"S-1"
-14.163735424766;8.08198781395154;-2.01154095971678;1.4840073014957;"T24";0.427822885103524;1;2;1;"S-1-NA";2;"S-1"
-14.9127280278868;8.33161941868295;-2.70080716191489;1.87731040125519;"T24";0.47648703912273;1;2;1;"S-1-NA";2;"S-1"
-15.9482511338544;8.23918960793424;-3.41708917177392;2.27749131325432;"T24";0.524518627207726;1;2;1;"S-1-NA";2;"S-1"
-16.0513015859721;8.33016811825192;-3.59629782240822;2.37007413249673;"T24";0.535755511373281;1;2;1;"S-1-NA";2;"S-1"
-20.7364549170848;6.61311698442338;-8.28095407124938;4.80127722964436;"T24";0.827610737178475;1;2;4;"S-2-NA";2;"S-1"
-20.8567609999557;6.43015145259069;-8.55779606006505;4.8895656311845;"T24";0.840961234644055;1;2;4;"S-2-NA";2;"S-1"
-22.6530945440601;3.91813071560566;-15.4722617210867;7.02129938477171;"T24";1.17248278111219;1;2;4;"S-2-NA";2;"S-1"
-22.6822470883073;3.65465818382988;-16.8132660358289;7.25324253872498;"T24";1.23168018180877;1;2;4;"S-2-NA";2;"S-1"
-22.637048465222;3.58341584302135;-17.8771040034501;7.42465254583314;"T24";1.27858197083697;1;2;4;"S-2-NA";2;"S-1"
-21.7901326528776;3.35931447216496;-20.7804343051441;7.88424602227942;"T24";1.40683766221628;1;2;2;"S-3";2;"S-1"
-21.0885674574021;2.61579396232564;-36.9524970735955;10.3774407801206;"T24";2.14901133440435;1;2;2;"S-3";2;"S-1"
-21.3840425226941;1.66484999891457;-43.7249226025144;11.2174821838163;"T24";2.47015337226912;1;2;2;"S-3";2;"S-1"
-20.8777975306142;1.93395236366838;-45.6620597615691;11.3682975777591;"T24";2.56074134958908;1;2;2;"S-3";2;"S-1"
-20.7173541479088;2.21726073629305;-46.4037004349551;11.4369972445311;"T24";2.59626428596675;1;2;2;"S-3";2;"S-1"
-21.1684949591567;2.7194777423151;-52.8288986139536;12.1246497093915;"T24";2.90640032617375;1;2;2;"S-3";2;"S-1"
-21.01093217631;2.51113614032587;-56.9332334137492;12.651926077248;"T24";3.10028915992007;1;2;2;"S-3";2;"S-1"
-21.3566028666415;2.5380392913914;-60.3792951712786;13.0637845397147;"T24";3.2643019570969;1;2;2;"S-3";2;"S-1"
-21.5555449851757;2.1379033330532;-68.1291934787219;13.9847899323515;"T24";3.62718262476847;1;2;2;"S-3";2;"S-1"
-21.4938282166676;2.11707271304499;-68.235308294967;13.9953145198529;"T24";3.63210547948256;1;2;2;"S-3";2;"S-1"
-21.2231586909154;1.80635787674429;-72.4834176328839;14.4137395798597;"T24";3.82974869571626;1;2;2;"S-3";2;"S-1"
-20.8681157099679;2.00036361540765;-73.3967455562473;14.491475279453;"T24";3.87278319103643;1;2;2;"S-3";2;"S-1"
-20.9684414780571;2.25173024363019;-74.3874186703988;14.5864386426935;"T24";3.92025624169037;1;2;2;"S-3";2;"S-1"
-20.989045507163;2.58435371282136;-82.5482285820838;15.4628005082088;"T24";4.30945111438632;1;2;2;"S-3";2;"S-1"
-21.2071417299429;2.77229475659667;-84.1050942130614;15.6544953364661;"T24";4.38362626591697;1;2;2;"S-3";2;"S-1"
-21.2057645571969;2.75239031870527;-84.1900663715254;15.6656032864373;"T24";4.38763303682208;1;2;2;"S-3";2;"S-1"
-21.2666585921401;2.80319011208185;-85.5720173188461;15.8449728346595;"T24";4.452801682055;1;2;2;"S-3";2;"S-1"
-21.4388764195446;2.38304787515368;-87.5589862637406;16.1068781864198;"T24";4.5462328591384;1;2;2;"S-3";2;"S-1"
-21.6235396040216;2.31717458374925;-89.9092456043513;16.3681223121892;"T24";4.65585890924558;1;2;2;"S-3";2;"S-1"
-21.7476266876819;2.51581077406017;-91.4042068172559;16.5283220847366;"T24";4.72499473253265;1;2;2;"S-3";2;"S-1"
-21.5553323145997;2.3597156425116;-93.0994181106542;16.7244276597259;"T24";4.80294398730621;1;2;2;"S-3";2;"S-1"
-21.8701010363252;2.13653148233751;-94.5809983966911;16.8866199249887;"T24";4.87167780520394;1;2;2;"S-3";2;"S-1"
-21.701472598589;2.26039516634643;-95.4834962470288;16.9747866447851;"T24";4.91294409148395;1;2;2;"S-3";2;"S-1"
-21.4060615833582;1.97863185400419;-97.3698614732013;17.1712678199604;"T24";4.99986746581271;1;2;2;"S-3";2;"S-1"
-21.4880415759058;2.21819031857247;-103.018926012276;17.6934292179743;"T24";5.26376769412309;1;2;2;"S-3";2;"S-1"
-21.7338704110284;2.37353244623527;-108.305716916122;18.2391796698152;"T24";5.50980179104954;1;2;2;"S-3";2;"S-1"
-21.3324640914885;1.94853265631246;-113.758752620211;18.8346997925251;"T24";5.76070214156061;1;2;2;"S-3";2;"S-1"
-21.8491543740714;1.61740338410213;-115.249499906146;18.9708664236511;"T24";5.83058376796544;1;2;2;"S-3";2;"S-1"
-21.7169934567314;1.52823194960561;-115.742673667984;19.0073740567471;"T24";5.85315552307293;1;2;2;"S-3";2;"S-1"
-20.8529134753571;2.65712836990114;-127.662067772719;19.846145727747;"T24";6.40200654743239;1;2;2;"S-3";2;"S-1"
-21.5674101265088;2.36717156303525;-133.62949362906;20.6065294773321;"T24";6.68817403493449;1;2;2;"S-3";2;"S-1"
-21.3705296959606;2.23542078564595;-134.150651089653;20.6637300922109;"T24";6.71233815373853;1;2;2;"S-3";2;"S-1"
-21.7844938554296;2.04538043964048;-137.925427147242;21.0585828628415;"T24";6.88897280488163;1;2;2;"S-3";2;"S-1"
-21.8746077140138;2.00941077993925;-138.399779870776;21.1031205871809;"T24";6.91074759233743;1;2;2;"S-3";2;"S-1"
-21.9982500628588;2.00510370632088;-138.715248748803;21.1320996926593;"T24";6.9251692853868;1;2;2;"S-3";2;"S-1"
-21.7790614695164;2.15787833580319;-139.633154105637;21.2157652309535;"T24";6.96689557516947;1;2;2;"S-3";2;"S-1"
-21.1470132430074;2.37477241576671;-145.951949153939;21.8418340338813;"T24";7.25702722556889;1;2;2;"S-3";2;"S-1"
-21.1896642114894;2.3479794185496;-146.005541608044;21.8478523722745;"T24";7.25956150563434;1;2;2;"S-3";2;"S-1"
-21.2957958516685;2.03470960773722;-148.720306821349;22.148669449101;"T24";7.38767893053591;1;2;2;"S-3";2;"S-1"
-21.3269350314776;2.16853444042654;-153.508710912832;22.6061781460537;"T24";7.61253101518378;1;2;2;"S-3";2;"S-1"
-21.3631280785646;2.00357194414501;-154.802939240713;22.7377759916252;"T24";7.6732161687687;1;2;2;"S-3";2;"S-1"
-21.0510841792404;2.40669316378584;-158.602837714035;23.0941549799339;"T24";7.85108798881993;1;2;2;"S-3";2;"S-1"
-21.3682805122855;2.72568068797025;-169.954669586764;24.3919682389529;"T24";8.39033963857219;1;2;2;"S-3";2;"S-1"
-21.8659365974768;2.26703150783193;-171.823810848214;24.6303908970837;"T24";8.47781234188005;1;2;2;"S-3";2;"S-1"
-21.9708218894307;2.00397602609388;-176.246848253976;25.0889655899389;"T24";8.68009214755148;1;2;2;"S-3";2;"S-1"
-22.2921019242004;1.39249385173623;-181.787995925994;25.5943780477729;"T24";8.93229698995128;1;2;2;"S-3";2;"S-1"
-21.8041709113287;1.66519662253272;-184.751094537547;25.7794703559234;"T24";9.06521844444796;1;2;2;"S-3";2;"S-1"
-21.833017042614;1.63233819720166;-185.036137633822;25.8012392552373;"T24";9.07829131465405;1;2;2;"S-3";2;"S-1"
-21.8330084863878;1.71127159915859;-187.588981700408;25.9921017857459;"T24";9.19521716423333;1;2;2;"S-3";2;"S-1"
-21.6112424890232;1.94441534020377;-190.782523218741;26.242411627583;"T24";9.34148841770366;1;2;2;"S-3";2;"S-1"
-20.9122744639708;2.58064354097827;-196.92282688535;26.7948694813565;"T24";9.62561385240406;1;2;2;"S-3";2;"S-1"
-20.900519677509;2.62902023634859;-196.975793770832;26.8014057694652;"T24";9.62814666563645;1;2;2;"S-3";2;"S-1"
-20.6809832214618;2.56758534565894;-199.251777692723;27.0876956742417;"T24";9.73704271018505;1;2;2;"S-3";2;"S-1"
-20.680532903204;3.19010798018062;-202.950796165121;27.5469362007364;"T24";9.91590357152745;1;2;2;"S-3";2;"S-1"
-20.5601861258639;3.24221388167206;-205.324981311207;27.913169847442;"T24";10.0307064712979;1;2;2;"S-3";2;"S-1"
-20.9707271361633;2.77575854687011;-212.381398627848;29.0259231094421;"T24";10.3739143232815;1;2;2;"S-3";2;"S-1"
-21.0274335375009;3.06548353741801;-219.577912185707;29.9784787307227;"T24";10.717083804775;1;2;2;"S-3";2;"S-1"
-21.5008540492924;3.09767759943018;-225.847156800454;30.8924403002257;"T24";11.0152297769673;1;2;2;"S-3";2;"S-1"
-21.9388774818633;2.88741992611027;-228.699068317113;31.3033217656994;"T24";11.1478715552948;1;2;2;"S-3";2;"S-1"
-21.7160025430106;2.92384343868427;-230.215272620122;31.5028724728941;"T24";11.2169819418341;1;2;2;"S-3";2;"S-1"
-21.7348658774089;2.89127369218818;-231.610230004915;31.6906895901878;"T24";11.2812183215283;1;2;2;"S-3";2;"S-1"
-21.7673261476496;2.78908896138212;-232.079440498115;31.7531061683594;"T24";11.3028062391095;1;2;2;"S-3";2;"S-1"
-21.935698414786;2.6460710837524;-233.930343764397;31.9902659294416;"T24";11.3878375035711;1;2;2;"S-3";2;"S-1"
-21.8390258208654;2.53680831199281;-234.41286743069;32.0484720506445;"T24";11.4098346908577;1;2;2;"S-3";2;"S-1"
-21.2793509604818;2.47405764473716;-237.613080692944;32.4202069288588;"T24";11.5563711384311;1;2;2;"S-3";2;"S-1"
-21.4994061509608;2.58094564287782;-245.162125661524;33.2979015751694;"T24";11.9111303123645;1;2;2;"S-3";2;"S-1"
-21.6663662637843;2.43994178881186;-245.722047043576;33.3651186248504;"T24";11.9371738866903;1;2;2;"S-3";2;"S-1"
-21.7339847592166;2.35871103692691;-246.555382948591;33.4589641305531;"T24";11.9756360771134;1;2;2;"S-3";2;"S-1"
-20.9449107109648;2.80485759749407;-249.618127016012;33.7913527061016;"T24";12.1165556600317;1;2;2;"S-3";2;"S-1"
-20.8884397365371;2.8797406389312;-249.700377014368;33.8023672926981;"T24";12.1204826282337;1;2;2;"S-3";2;"S-1"
-21.1489646384628;2.75952368699781;-250.378891714924;33.8959092892257;"T24";12.1529654134065;1;2;2;"S-3";2;"S-1"
-21.3828303053076;2.49781321949282;-251.623807792105;34.0583463381325;"T24";12.2118295752443;1;2;2;"S-3";2;"S-1"
-21.0675262544344;2.55910921886454;-252.766314556921;34.1918070848985;"T24";12.2652606107295;1;2;2;"S-3";2;"S-1"
-21.0765514429192;2.67928592920419;-255.258172086639;34.4944973722812;"T24";12.383540160954;1;2;2;"S-3";2;"S-1"
-21.1214372315536;2.56619131162724;-256.525700024331;34.6556276111408;"T24";12.4436794081703;1;2;2;"S-3";2;"S-1"
-21.1004600085352;2.53759776886785;-256.844865812469;34.6944052976925;"T24";12.4587903963402;1;2;2;"S-3";2;"S-1"
-21.0405510450969;2.55590924958471;-256.946299124433;34.7066039391451;"T24";12.4635975575075;1;2;2;"S-3";2;"S-1"
-20.9314622872358;2.76467738373102;-258.336154941448;34.875437223534;"T24";12.5296536134556;1;2;2;"S-3";2;"S-1"
-20.9074116111459;2.86578672629413;-258.862725095485;34.9449878634194;"T24";12.5548104871996;1;2;2;"S-3";2;"S-1"
-21.0739278991714;2.36516958453008;-261.429934560834;35.2968762246498;"T24";12.6775999320671;1;2;2;"S-3";2;"S-1"
-20.8865964292031;2.47590929384955;-262.046376914832;35.3660607977995;"T24";12.7068513538688;1;2;2;"S-3";2;"S-1"
-21.117764008291;2.34279250542183;-265.656439839845;35.7939997574915;"T24";12.8796924836934;1;2;2;"S-3";2;"S-1"
-21.1751033050239;2.44673183277041;-265.957694289623;35.8274207516312;"T24";12.8939579357393;1;2;2;"S-3";2;"S-1"
-21.6867283143886;2.54932169292573;-267.545504368868;36.0108883555111;"T24";12.9689426976256;1;2;2;"S-3";2;"S-1"
-21.4299534804162;2.55218814039095;-268.178712174062;36.0853232988789;"T24";12.9981406382285;1;2;2;"S-3";2;"S-1"
-21.4472100133797;2.61557142597238;-268.285455859564;36.0980358774875;"T24";13.003121688962;1;2;2;"S-3";2;"S-1"
-21.2496646194895;2.64744120177964;-269.40882807729;36.2350355278655;"T24";13.0555001669563;1;2;2;"S-3";2;"S-1"
-21.3542880094771;2.6685226333363;-269.833766224426;36.2879774814954;"T24";13.0754975718446;1;2;2;"S-3";2;"S-1"
-21.6245327511886;2.80039451117543;-279.872358220354;37.5424426238627;"T24";13.5455948184244;1;2;2;"S-3";2;"S-1"
-22.3331693573223;2.20162411080781;-285.270430737997;38.2414973883409;"T24";13.7952220626175;1;2;2;"S-3";2;"S-1"
-21.3712168778791;2.52451817707194;-292.312426186263;38.9357036928311;"T24";14.1105376067571;1;2;2;"S-3";2;"S-1"
-21.3222090582872;2.85446056854026;-293.32354521617;39.0551441713388;"T24";14.1578497947194;1;2;2;"S-3";2;"S-1"
-21.0711111915229;2.69468917576722;-296.325088241944;39.4569686815678;"T24";14.2986205290072;1;2;2;"S-3";2;"S-1"
-20.9628427657247;2.43932661651716;-297.629047950769;39.623726195259;"T24";14.3605042947456;1;2;2;"S-3";2;"S-1"
-20.6544042911479;2.63869721312142;-307.077330100366;40.7231689752983;"T24";14.8112199851312;1;2;2;"S-3";2;"S-1"
-20.6373156402583;2.90813195412486;-309.287650474734;41.0055477904768;"T24";14.9182344670407;1;2;2;"S-3";2;"S-1"
-20.6449761911905;3.06060026398713;-310.021561771392;41.1089677764143;"T24";14.9537968100049;1;2;2;"S-3";2;"S-1"
-20.9012173344537;2.97641006712779;-310.898291128544;41.2389421622937;"T24";14.9962637689896;1;2;2;"S-3";2;"S-1"
-20.5294781320146;3.18004922014672;-313.97117062148;41.6765314812071;"T24";15.143282932695;1;2;2;"S-3";2;"S-1"
-20.6848798948295;3.13354118311821;-314.47311492599;41.7542834622292;"T24";15.1677328627557;1;2;2;"S-3";2;"S-1"
-20.5179950694323;3.44767509808051;-318.333817503796;42.3391391918653;"T24";15.354376565665;1;2;2;"S-3";2;"S-1"
-21.0086080497776;3.22676825758658;-320.576492525351;42.7159798528917;"T24";15.4636794002727;1;2;2;"S-3";2;"S-1"
-21.2387423104734;2.92512211930011;-324.681930833099;43.3465450946981;"T24";15.6590963597409;1;2;2;"S-3";2;"S-1"
-21.7714903370346;2.72152944304015;-330.161109174757;44.1011691458063;"T24";15.9170767175965;1;2;2;"S-3";2;"S-1"
-21.6313162649676;2.74523917996821;-330.294252609866;44.1178126448588;"T24";15.9231922123581;1;2;2;"S-3";2;"S-1"
-21.8718553517482;2.85339321518179;-331.662419354927;44.2914472451422;"T24";15.9864415647462;1;2;2;"S-3";2;"S-1"
-22.234831944991;2.51608324452211;-335.019185266068;44.7293695394226;"T24";16.1399157834239;1;2;2;"S-3";2;"S-1"
-21.7208739149132;2.20105011908876;-337.626242786727;45.0243829562751;"T24";16.2571668392047;1;2;2;"S-3";2;"S-1"
-21.2219364193602;2.31064271057073;-345.130395586085;45.7848043130487;"T24";16.6026480030268;1;2;2;"S-3";2;"S-1"
-21.350157250033;1.99429121760226;-347.395317202556;46.0314087943598;"T24";16.7093734955415;1;2;2;"S-3";2;"S-1"
-21.2926297794732;2.06120783647646;-347.497831049006;46.0409844832535;"T24";16.7141750454903;1;2;2;"S-3";2;"S-1"
-21.5047385778821;2.11119189470068;-348.538570910991;46.1417320743907;"T24";16.7630529846065;1;2;2;"S-3";2;"S-1"
-21.5131758893062;2.33413491089946;-353.120094217781;46.5915154947121;"T24";16.9761001365259;1;2;2;"S-3";2;"S-1"
-21.6841863948461;2.16498443541583;-356.825883438863;46.9935859299593;"T24";17.1483568614349;1;2;2;"S-3";2;"S-1"
-21.2735974637911;2.67578717971016;-361.456961417819;47.4559602870631;"T24";17.361926229205;1;2;2;"S-3";2;"S-1"
-21.3700403844434;2.6910058677288;-367.588192626655;48.2271448454043;"T24";17.6501347101294;1;2;2;"S-3";2;"S-1"
-21.9212727624163;2.53194590023646;-368.951375741396;48.3988026286637;"T24";17.7139241597615;1;2;2;"S-3";2;"S-1"
-21.6183617468513;2.52441554134826;-371.348036533919;48.6756212027334;"T24";17.8232545265928;1;2;2;"S-3";2;"S-1"
-21.5383658217054;2.61863074516066;-373.050126535276;48.8743773574556;"T24";17.901988059748;1;2;2;"S-3";2;"S-1"
-21.0692017238853;2.12897323582149;-376.967292818548;49.3506257482665;"T24";18.083857302554;1;2;2;"S-3";2;"S-1"
-21.0550496188183;2.25944111471519;-378.196795324474;49.4748629150465;"T24";18.1422127410769;1;2;2;"S-3";2;"S-1"
-21.4204715580417;2.25624172062595;-380.452721600479;49.7169489073406;"T24";18.2493569329381;1;2;2;"S-3";2;"S-1"
-21.5712700387534;2.44474188198284;-381.366044596728;49.8131502184537;"T24";18.2919947896153;1;2;2;"S-3";2;"S-1"
-21.3323477651321;2.46621930482871;-381.832983780949;49.866069948166;"T24";18.3136411360465;1;2;2;"S-3";2;"S-1"
-21.2403231168755;2.58357897151354;-382.44253405992;49.9365396724464;"T24";18.342215125449;1;2;2;"S-3";2;"S-1"
-20.9108897035399;2.75633917251188;-385.792093241695;50.3439652383503;"T24";18.4999132528901;1;2;2;"S-3";2;"S-1"
-20.9417950518677;2.75953236761211;-386.007595111544;50.3723713106903;"T24";18.5102189774625;1;2;2;"S-3";2;"S-1"
-20.9661179211371;2.81859382182656;-386.106454545547;50.3853981695294;"T24";18.5149396536872;1;2;2;"S-3";2;"S-1"
-21.3833218994742;2.85300089083488;-390.796436565894;51.015898980254;"T24";18.7386330449954;1;2;2;"S-3";2;"S-1"
-21.2503746392061;3.22810266514181;-393.785768071037;51.4147409135733;"T24";18.8784303842112;1;2;2;"S-3";2;"S-1"
-21.3059491537859;2.55482587501313;-397.476232959237;51.9753521848321;"T24";19.0520962583832;1;2;2;"S-3";2;"S-1"
-21.4636936726682;2.58749874634617;-397.752044167643;52.0084250888726;"T24";19.0650415257551;1;2;2;"S-3";2;"S-1"
-20.8868002659796;2.30214857980981;-403.182364534342;52.6630629790408;"T24";19.3180417991243;1;2;2;"S-3";2;"S-1"
-20.874102995346;2.07628708597231;-407.824114351376;53.1746778560463;"T24";19.5402754470706;1;2;2;"S-3";2;"S-1"
-20.8550481624204;2.03727273071752;-408.532087909226;53.2450979529338;"T24";19.5741918054409;1;2;2;"S-3";2;"S-1"
-20.80918942095;2.11579648003946;-409.566568570264;53.3461535450751;"T24";19.6237951749936;1;2;2;"S-3";2;"S-1"
-20.7377468779151;2.21909618399391;-410.066974519639;53.3970328525224;"T24";19.6478425292298;1;2;2;"S-3";2;"S-1"
-20.866023739331;2.02062058162301;-412.456057680781;53.6526828687631;"T24";19.7630470967852;1;2;2;"S-3";2;"S-1"
-20.9724225092974;2.03587182926313;-412.759027608013;53.6820218208426;"T24";19.7775668697432;1;2;2;"S-3";2;"S-1"
-21.1765632789946;2.11501076298218;-416.863293094652;54.0804382880085;"T24";19.9732650769874;1;2;2;"S-3";2;"S-1"
-21.308826394179;2.08933325070367;-417.162410014373;54.1103126116306;"T24";19.9873899808154;1;2;2;"S-3";2;"S-1"
-21.4461935585881;1.72513318752333;-419.807652298301;54.3696789679818;"T24";20.1115283183753;1;2;2;"S-3";2;"S-1"
-21.3724308360981;1.67039832515598;-420.313104480854;54.4103375740158;"T24";20.135096705053;1;2;2;"S-3";2;"S-1"
-21.174252648507;1.8158599608483;-421.182166136506;54.4782605512939;"T24";20.1757594477385;1;2;2;"S-3";2;"S-1"
-21.730551506009;1.91016217991169;-425.301218952509;54.8315019718702;"T24";20.3702906495892;1;2;2;"S-3";2;"S-1"
-21.7442748151081;1.88957410709845;-427.507730403294;55.0254590705507;"T24";20.4718302469701;1;2;2;"S-3";2;"S-1"
-21.6807685838318;1.89546286934988;-427.760814932188;55.0474520768372;"T24";20.4834693809971;1;2;2;"S-3";2;"S-1"
-21.6358226432834;1.87811563291019;-428.01604419584;55.0697657503841;"T24";20.4952415311709;1;2;2;"S-3";2;"S-1"
-21.7382014400911;1.65949088506513;-428.813101881297;55.1389550076667;"T24";20.5320812528953;1;2;2;"S-3";2;"S-1"
-21.7254590239858;1.88848188053444;-430.939634221093;55.3012941526237;"T24";20.6299059209414;1;2;2;"S-3";2;"S-1"
-21.0432974179862;2.69484863529;-443.997630351202;56.436358275346;"T24";21.2309517315589;1;2;2;"S-3";2;"S-1"
-21.2633502581592;2.48548512673924;-447.948849910247;56.94235970777;"T24";21.4187179110013;1;2;2;"S-3";2;"S-1"
-21.0748318912294;2.53426981890446;-449.467417668183;57.1198659582182;"T24";21.490135055501;1;2;2;"S-3";2;"S-1"
-20.9684792757201;2.42949260343669;-450.586762525496;57.2544683077636;"T24";21.5432479279116;1;2;2;"S-3";2;"S-1"
-21.2951268361247;2.30507300899454;-453.409104222834;57.581476203181;"T24";21.6778471833095;1;2;2;"S-3";2;"S-1"
-21.3917493979873;2.37965633308586;-455.028818201359;57.756800774052;"T24";21.7539074947126;1;2;2;"S-3";2;"S-1"
-21.0702189604345;2.59805407883105;-459.657020931506;58.2716502953649;"T24";21.9702620641328;1;2;2;"S-3";2;"S-1"
-21.1401871545961;2.80734912794168;-464.048042619775;58.8130832927564;"T24";22.1786614973098;1;2;2;"S-3";2;"S-1"
-20.8064571038669;2.87029618080891;-465.531917863247;59.0101371712425;"T24";22.2488536499441;1;2;2;"S-3";2;"S-1"
-21.1784183579924;2.79954124674198;-466.269627680208;59.1119058510133;"T24";22.2843094612472;1;2;2;"S-3";2;"S-1"
-21.2534916018855;2.84015326449232;-466.491828949014;59.1412782813141;"T24";22.2948013339192;1;2;2;"S-3";2;"S-1"
-21.0947207896222;3.07953714328667;-467.530737467196;59.2801100306895;"T24";22.343683114741;1;2;2;"S-3";2;"S-1"
-6.39468994535075;-2.98479266630284;-481.431423225902;61.3094176730144;"T24";23.0026482604444;3;2;1;"S-4-NA";3;"S-2"
-5.17071859937216;-2.47856149889358;-481.901820646753;61.0898544441474;"T24";23.0762088904157;3;2;1;"S-4-NA";3;"S-2"
-4.98837569092454;-2.44709430214933;-481.964720058214;61.0597038845005;"T24";23.0883734300733;3;2;1;"S-4-NA";3;"S-2"
-4.39899114066251;-1.6170503454428;-482.450625115957;60.8213386185577;"T24";23.1857809005305;3;2;1;"S-4-NA";3;"S-2"
-3.49195859890523;1.51180167723539;-485.077830940283;59.8555889841685;"T24";23.7830100697465;3;2;1;"S-4-NA";3;"S-2"
-3.24641935249524;1.49226655403506;-485.313420871529;59.9575848249293;"T24";23.8504764856771;3;2;1;"S-4-NA";3;"S-2"
-3.27791298676626;2.34575079365289;-486.060408264613;60.3009490616314;"T24";24.080572265666;3;2;1;"S-4-NA";3;"S-2"
-3.14455308585729;2.61623394373206;-486.328832497456;60.4930396875172;"T24";24.1624610265717;3;2;1;"S-4-NA";3;"S-2"
-3.91626531259285;2.73210408773175;-486.9308733378;60.9939311143799;"T24";24.3539161630906;3;2;3;"S-5-NA";3;"S-2"
-4.40866537116636;2.46228681856725;-487.86520059969;61.6457458224592;"T24";24.5924922521226;3;2;3;"S-5-NA";3;"S-2"
-4.56693358045474;2.48892296206846;-487.950461141906;61.6933647482723;"T24";24.6118315611966;3;2;3;"S-5-NA";3;"S-2"
-4.80391577052525;2.39848169514855;-488.104543689456;61.7773378527403;"T24";24.6455702930689;3;2;1;"S-6-NA";3;"S-2"
-4.51265576389831;2.34954514898706;-488.419012311729;61.9343446093634;"T24";24.7110311873257;3;2;3;"S-7-NA";3;"S-2"
-3.80187030561216;2.66820473577266;-489.53358719891;62.514655662626;"T24";24.9580198666081;3;2;3;"S-7-NA";3;"S-2"
-4.03963022711504;2.58624846460134;-489.63239046104;62.5839971474038;"T24";24.9840079341084;3;2;3;"S-7-NA";3;"S-2"
-4.00088430490378;2.920222601356;-490.393976225157;63.0715789067169;"T24";25.1725365174934;3;2;3;"S-7-NA";3;"S-2"
-4.2733249766279;2.82719813458058;-490.48533648514;63.1382622386341;"T24";25.1953715342097;3;2;3;"S-7-NA";3;"S-2"
-4.20200704130181;2.97252802957737;-490.561257681088;63.1884911036825;"T24";25.2131378394552;3;2;1;"S-8-NA";3;"S-2"
-4.22634908608366;2.87690640055003;-490.704170545203;63.289588624509;"T24";25.2471484593116;3;2;3;"S-9-NA";3;"S-2"
-4.1096963183565;2.97902503012685;-490.776033098289;63.3385059843206;"T24";25.2641519182362;3;2;1;"S-10-NA";3;"S-2"
-4.48738688936488;2.76084641587523;-491.516431099302;63.8752035907641;"T24";25.4443107289262;3;2;1;"S-10-NA";3;"S-2"
-4.48859263854194;2.56954660246102;-491.791637371454;64.0445231232294;"T24";25.5056395777501;3;2;3;"S-11-NA";3;"S-2"
-4.42502008106047;2.49965619133294;-491.827428605258;64.0650122276378;"T24";25.5136133986525;3;2;3;"S-11-NA";3;"S-2"
-4.67825865095589;2.27803813257238;-492.473296369748;64.4298574321149;"T24";25.6595715531148;3;2;3;"S-11-NA";3;"S-2"
-4.48274713582442;2.08569927423355;-493.354046591062;64.8587312373321;"T24";25.8478360949084;3;2;3;"S-11-NA";3;"S-2"
-4.18626196078097;2.08532367193841;-493.912917645626;65.118758608401;"T24";25.972507649567;3;2;3;"S-11-NA";3;"S-2"
-4.04739077609407;1.95479902215256;-494.687155341305;65.5044335159034;"T24";26.1574549134821;3;2;3;"S-11-NA";3;"S-2"
-3.89525776838129;2.01647303572948;-494.860599088987;65.5882029582735;"T24";26.2003081385046;3;2;1;"S-12-NA";3;"S-2"
-3.75340929554691;2.1706064780079;-495.202793242244;65.765347918648;"T24";26.2881570495665;3;2;1;"S-12-NA";3;"S-2"
-3.67103667127328;2.77822012197606;-496.244393051822;66.3677078309664;"T24";26.5656647039577;3;2;3;"S-13-NA";3;"S-2"
-3.94323302421392;2.80915496445084;-497.112831082638;67.0249368994699;"T24";26.8022294971161;3;2;3;"S-13-NA";3;"S-2"
-3.73563857000986;2.83073912200257;-498.039316803067;67.6849643300205;"T24";27.0371853606775;3;2;3;"S-13-NA";3;"S-2"
-3.57491687729728;2.85251211539368;-498.173541493344;67.7866752088395;"T24";27.0731162163429;3;2;3;"S-13-NA";3;"S-2"
-3.72819848432803;2.99508270468287;-498.460811390992;68.0158947659803;"T24";27.1534733008593;3;2;3;"S-13-NA";3;"S-2"
-3.87990560476225;3.10852772698881;-498.759131648985;68.2555531020182;"T24";27.2334905690514;3;2;1;"S-14-NA";3;"S-2"
-4.12659503531672;2.92688542155321;-499.211155927788;68.6177088210142;"T24";27.3499945062213;3;2;3;"S-15-NA";3;"S-2"
-4.20596942193285;2.70591112071486;-500.341125213953;69.4191663428151;"T24";27.6238205726258;3;2;3;"S-15-NA";3;"S-2"
-3.90398606898238;2.26749884158956;-500.778098553684;69.7002932129407;"T24";27.7277141809464;3;2;3;"S-15-NA";3;"S-2"
-3.72137789599545;2.24499496915485;-500.822912564666;69.7263219221097;"T24";27.7391932206228;3;2;1;"S-16-NA";3;"S-2"
-3.47595684887273;2.26006175044901;-501.262283272443;69.9913810093946;"T24";27.8572598937899;3;2;1;"S-16-NA";3;"S-2"
-3.35009407123902;2.26106861350389;-501.441760956766;70.1080771212946;"T24";27.9088939307258;3;2;1;"S-16-NA";3;"S-2"
-3.57353970391626;2.02634532303447;-501.806362738761;70.3541566725448;"T24";28.0177272274159;3;2;1;"S-16-NA";3;"S-2"
-4.31094559826541;1.58103395306805;-503.507737905205;71.318907003281;"T24";28.4938308410347;3;2;1;"S-16-NA";3;"S-2"
-3.46005036324398;2.11199408994538;-504.384636535718;71.6405084887642;"T24";28.6972429719754;3;2;1;"S-16-NA";3;"S-2"
-3.21097960994167;2.25109235577535;-504.556573910311;71.7454580359841;"T24";28.746935131494;3;2;1;"S-16-NA";3;"S-2"
-3.54086119634117;2.80855406206028;-505.302625920215;72.2684859528563;"T24";28.9792791823857;3;2;1;"S-16-NA";3;"S-2"
-3.59272978671166;2.86328744370167;-505.565381091616;72.4768991221515;"T24";29.0534857544117;3;2;3;"S-17-NA";3;"S-2"
-4.07895474020291;2.72316079968207;-505.80206875354;72.6655314019782;"T24";29.119365371298;3;2;3;"S-17-NA";3;"S-2"
-4.27439104361703;2.44388739629153;-506.173975056069;72.9138206644748;"T24";29.2105422355235;3;2;3;"S-17-NA";3;"S-2"
-4.17696810826556;2.50028317248868;-506.319467080138;72.997005876182;"T24";29.2445803061128;3;2;3;"S-17-NA";3;"S-2"
-4.19651555510204;2.69244662383447;-506.643637867904;73.1910506341632;"T24";29.322189418599;3;2;3;"S-17-NA";3;"S-2"
-5.08900979092934;2.09292301996823;-507.889574942941;73.990432651731;"T24";29.6190874185413;3;2;1;"S-18-NA";3;"S-2"
-5.26603894537049;1.94882724340348;-508.066006331476;74.0629924088704;"T24";29.6537565183826;3;2;1;"S-18-NA";3;"S-2"
-4.71269753012204;2.45150747767321;-509.861598223083;74.7274953555252;"T24";29.9947323277593;3;2;1;"S-18-NA";3;"S-2"
-4.93753687197425;2.43851060370537;-510.041014453025;74.8208262401211;"T24";30.032803141512;3;2;1;"S-18-NA";3;"S-2"
-5.12963906160229;2.35730586591679;-510.179769434997;74.8893534235386;"T24";30.0609052064829;3;2;1;"S-18-NA";3;"S-2"
-4.84670756690063;2.310103494218;-510.705986148716;75.1311742867801;"T24";30.1634887815453;3;2;1;"S-18-NA";3;"S-2"
-4.40498070929271;2.06498623100371;-512.75773010528;76.1091043182239;"T24";30.5868161492981;3;2;3;"S-19-NA";3;"S-2"
-4.14979909525697;2.35306098841534;-513.30805945845;76.3670901328761;"T24";30.7117495802231;3;2;3;"S-19-NA";3;"S-2"
-4.14063280413848;2.31953569132866;-513.345187496075;76.3881428476958;"T24";30.7206965284422;3;2;3;"S-19-NA";3;"S-2"
-3.7519675609655;2.8031987473564;-513.977170103735;76.7421723606003;"T24";30.8733260026202;3;2;3;"S-19-NA";3;"S-2"
-3.65013920702367;2.74279169159374;-514.029928192372;76.7815893879537;"T24";30.8873874484561;3;2;3;"S-19-NA";3;"S-2"
-4.5153462617101;2.54521255894014;-514.392568077091;77.0540846563358;"T24";30.9867370524444;3;2;3;"S-19-NA";3;"S-2"
-4.09924753301152;2.31416484263212;-515.127349188299;77.4682664275491;"T24";31.1494667897932;3;2;3;"S-19-NA";3;"S-2"
-4.56219578690445;2.3151133815264;-515.318172522819;77.5759926988571;"T24";31.1960176099092;3;2;3;"S-19-NA";3;"S-2"
-4.29215939255771;2.56164361168312;-515.774470461828;77.8075438014197;"T24";31.2960347859189;3;2;3;"S-19-NA";3;"S-2"
-4.18901522617091;2.51305484475007;-515.997203151516;77.9404749718326;"T24";31.3479277072474;3;2;3;"S-19-NA";3;"S-2"
-3.84542050156807;2.46536756999125;-516.273186939184;78.1060419027759;"T24";31.4138104440644;3;2;3;"S-19-NA";3;"S-2"
-4.30401956814079;2.3686817894317;-516.421027606318;78.2008251874984;"T24";31.4522563479841;3;2;3;"S-19-NA";3;"S-2"
-4.25995032914409;2.02567510472571;-516.935687495955;78.484064027154;"T24";31.5718329162337;3;2;3;"S-19-NA";3;"S-2"
-4.03020916848563;1.8069983564239;-517.095343665676;78.5599831114931;"T24";31.6093113273382;3;2;1;"S-20-NA";3;"S-2"
-3.71471114172472;2.51216795998481;-517.646158658163;78.8069484039899;"T24";31.74598289188;3;2;3;"S-21-NA";3;"S-2"
-3.67220389821323;2.67093384026932;-518.381097193525;79.3039692948894;"T24";31.9438282982446;3;2;3;"S-21-NA";3;"S-2"
-4.43159760016089;2.6209198769433;-518.965010573598;79.7286717487431;"T24";32.102837273851;3;2;3;"S-21-NA";3;"S-2"
-4.62418626112604;2.76279860161058;-519.34732730651;79.9547801671924;"T24";32.1891079074703;3;2;1;"S-22-NA";3;"S-2"
-5.121003614761;2.66087101258;-520.804119967665;80.8251656793228;"T24";32.5041455333121;3;2;1;"S-22-NA";3;"S-2"
-4.94967125918694;1.9356643245595;-522.402632134913;81.6557518317767;"T24";32.8162937541492;3;2;1;"S-22-NA";3;"S-2"
-5.01880540288873;1.94842873649707;-522.44469008267;81.6721994026909;"T24";32.8247908735648;3;2;1;"S-22-NA";3;"S-2"
-4.82832173759888;2.07793445807172;-522.839233707534;81.8253713379971;"T24";32.9034039285034;3;2;1;"S-22-NA";3;"S-2"
-5.03966510935412;1.85970499812314;-523.291239505117;82.0198982301742;"T24";32.9970194376074;3;2;1;"S-22-NA";3;"S-2"
-4.93823540600464;1.94141930513216;-523.377151782161;82.0516010293785;"T24";33.0140666570514;3;2;1;"S-22-NA";3;"S-2"
-4.94730101612799;1.91105082487906;-523.38711065189;82.0555162623231;"T24";33.0160833429545;3;2;1;"S-22-NA";3;"S-2"
-4.56540071040705;2.39409029839425;-524.138764138217;82.3458660935513;"T24";33.1680153729394;3;2;3;"S-23-NA";3;"S-2"
-4.50448377568709;2.37093766475558;-524.151998267375;82.3528060539698;"T24";33.170914161019;3;2;3;"S-23-NA";3;"S-2"
-4.70437415224747;2.30249551353503;-524.586620705436;82.5815698279477;"T24";33.2674007862806;3;2;3;"S-23-NA";3;"S-2"
-3.98854371845728;2.53967361415736;-525.331263906413;82.9460258796871;"T24";33.4256881964393;3;2;3;"S-23-NA";3;"S-2"
-4.29889354692469;2.35277412993942;-526.116175169262;83.4458119079782;"T24";33.6224796366878;3;2;3;"S-23-NA";3;"S-2"
-4.07560853545418;2.2868298554123;-526.22455030007;83.5051253571974;"T24";33.6476896423846;3;2;3;"S-23-NA";3;"S-2"
-4.07912235012503;2.31313825689321;-526.662379937447;83.7507922012104;"T24";33.7551164557226;3;2;3;"S-23-NA";3;"S-2"
-4.05270274306009;2.12627700815364;-526.91252141249;83.892639335445;"T24";33.8164388318546;3;2;3;"S-23-NA";3;"S-2"
-3.81160663674898;1.90623418672914;-527.609601499823;84.2583669637729;"T24";33.9884425862692;3;2;1;"S-24-NA";3;"S-2"
-4.3534799926632;2.21705444335639;-528.344486053179;84.6258923126378;"T24";34.1812443686649;3;2;3;"S-25-NA";3;"S-2"
-4.02225475663478;2.14532761973858;-529.676065824266;85.3040130007187;"T24";34.4871099689044;3;2;3;"S-25-NA";3;"S-2"
-3.88177627913846;2.32246459397409;-530.135710075032;85.5491708950056;"T24";34.6013852395117;3;2;3;"S-25-NA";3;"S-2"
-3.83168871864858;2.54960528945475;-530.25726102957;85.6218947636622;"T24";34.6326984697953;3;2;3;"S-25-NA";3;"S-2"
-4.02165174835211;2.68103033981066;-530.542885087642;85.8119489832838;"T24";34.7072410746478;3;2;3;"S-25-NA";3;"S-2"
-4.27052819494654;2.8124513026905;-530.963663601411;86.0924605820859;"T24";34.8118693567812;3;2;3;"S-25-NA";3;"S-2"
-4.27284747420274;2.80340644144679;-530.972018389175;86.0979628133457;"T24";34.8138257395476;3;2;3;"S-25-NA";3;"S-2"
-4.31459252406248;2.47223612840542;-533.436559668251;87.7149432786412;"T24";35.3906170465052;3;2;3;"S-25-NA";3;"S-2"
-4.39454708050592;2.38613687214291;-533.497772599581;87.7500179281051;"T24";35.4048044653609;3;2;3;"S-25-NA";3;"S-2"
-4.43739200290415;2.36087226474919;-533.57627193282;87.7926412405985;"T24";35.4226673603989;3;2;3;"S-25-NA";3;"S-2"
-4.63286360945751;2.42778067669887;-534.450736061765;88.2578915739458;"T24";35.6197344954126;3;2;3;"S-25-NA";3;"S-2"
-4.74871458543207;2.13894718364043;-535.315704162615;88.7111647583578;"T24";35.8064371859655;3;2;3;"S-25-NA";3;"S-2"
-4.91680429529679;1.96726932758912;-535.95957174173;89.0011798182669;"T24";35.9420249471441;3;2;1;"S-26-NA";3;"S-2"
-4.09184322496678;1.89900986906934;-536.434263733693;89.1911094839106;"T24";36.0385697684251;3;2;1;"S-26-NA";3;"S-2"
-3.56778146787158;2.07491093999046;-536.854355755155;89.3860726950637;"T24";36.1412354861386;3;2;1;"S-26-NA";3;"S-2"
-3.26627956352886;1.97936305675498;-537.293448663569;89.6414354989642;"T24";36.2643071799539;3;2;1;"S-26-NA";3;"S-2"
-3.78182628233523;2.2148535017251;-538.041322374216;90.0946464275394;"T24";36.4932752447203;3;2;1;"S-26-NA";3;"S-2"
-4.02208869420299;2.55261823931564;-538.525213549258;90.3780407411547;"T24";36.6212269640528;3;2;3;"S-27-NA";3;"S-2"
-4.00428473768775;2.58754160884464;-538.550039951999;90.3937968154911;"T24";36.627399479039;3;2;3;"S-27-NA";3;"S-2"
-4.4512302440773;2.44444694026966;-538.840716597389;90.58163009008;"T24";36.6999908816069;3;2;3;"S-27-NA";3;"S-2"
-4.65218668832262;2.4487785751946;-538.948135757589;90.6406206214789;"T24";36.724123347085;3;2;1;"S-28-NA";3;"S-2"
-4.90891941475325;2.18989268390659;-539.521312972498;90.9423247829182;"T24";36.847329325974;3;2;1;"S-28-NA";3;"S-2"
-4.71180512824327;2.04287330869423;-539.988872991389;91.1509055678419;"T24";36.9425763608888;3;2;3;"S-29-NA";3;"S-2"
-4.48644745662906;1.84902519115803;-540.358077055081;91.3109794899694;"T24";37.0209336047992;3;2;3;"S-29-NA";3;"S-2"
-4.14296550219918;1.73585974663266;-541.078485510452;91.6078855375226;"T24";37.1815079706721;3;2;1;"S-30-NA";3;"S-2"
-4.54161196706366;1.62048917849915;-541.268444770736;91.6874765052128;"T24";37.227359006647;3;2;1;"S-30-NA";3;"S-2"
-4.29236969340502;1.55291007670733;-541.827609121586;91.8869915201738;"T24";37.3504792456515;3;2;1;"S-30-NA";3;"S-2"
-4.32343361594321;1.52263577706374;-542.271081046794;92.0474325051268;"T24";37.4537955853157;3;2;1;"S-30-NA";3;"S-2"
-4.21272348252108;1.84264100935611;-542.88266719785;92.262822178492;"T24";37.5952540198341;3;2;3;"S-31-NA";3;"S-2"
-4.46479818350153;1.86503783956407;-543.377748563847;92.4793702694689;"T24";37.7127745188773;3;2;3;"S-31-NA";3;"S-2"
-4.53512268288484;1.96289329519056;-543.403493804951;92.4901245850899;"T24";37.7185407909565;3;2;3;"S-31-NA";3;"S-2"
-4.21015100037927;2.00200385465792;-543.587979829614;92.5699738871236;"T24";37.759220181033;3;2;3;"S-31-NA";3;"S-2"
-3.48051103038885;2.99152653726872;-544.969413282745;93.2268707770151;"T24";38.0873398738913;3;2;1;"S-32-NA";3;"S-2"
-3.73654430045343;3.28846940254473;-545.752229447591;93.8997074123519;"T24";38.3122540195473;3;2;1;"S-32-NA";3;"S-2"
-4.61678770727003;2.95363109058556;-546.465853553056;94.5277559103866;"T24";38.5032390709966;3;2;1;"S-32-NA";3;"S-2"
-4.95367248517797;2.34266044544768;-548.536409226159;95.8524123595525;"T24";38.9517231262289;3;2;1;"S-32-NA";3;"S-2"
-4.85681456322233;2.18048367429602;-549.071644350079;96.1055324755016;"T24";39.0597712714225;3;2;1;"S-32-NA";3;"S-2"
-4.35139994172982;2.32358232775349;-549.437471624623;96.2697718940283;"T24";39.1350937425159;3;2;3;"S-33-NA";3;"S-2"
-4.33719722740811;2.32895662712593;-549.483888194071;96.2945576461835;"T24";39.1457607853226;3;2;3;"S-33-NA";3;"S-2"
-4.16738528249686;2.67942266220299;-551.053675521774;97.1374906299381;"T24";39.5076966728084;3;2;3;"S-33-NA";3;"S-2"
-4.00206611818505;3.04127834817438;-552.661676676024;98.1713558575287;"T24";39.8935504024848;3;2;1;"S-34-NA";3;"S-2"
-3.93746970899047;3.12355069668166;-552.848149265098;98.3130614243365;"T24";39.9401444825344;3;2;1;"S-34-NA";3;"S-2"
-3.85901605051449;3.16501006654935;-552.913694150085;98.3650574487627;"T24";39.9567909305915;3;2;1;"S-34-NA";3;"S-2"
-4.0023846498975;3.33852273892387;-553.452340116222;98.8068332493325;"T24";40.0963720981963;3;2;1;"S-34-NA";3;"S-2"
-4.16657556524641;3.22524965830801;-553.496292411948;98.8434953274547;"T24";40.1073536253534;3;2;1;"S-34-NA";3;"S-2"
-4.55526022504389;3.09363059342742;-554.804245057778;99.8559511819059;"T24";40.4212691239081;3;2;1;"S-34-NA";3;"S-2"
-4.52835782015078;3.08901062289452;-554.830231662975;99.8735995604585;"T24";40.4269738704897;3;2;1;"S-34-NA";3;"S-2"
-4.5341766212614;2.9106461121095;-555.027590228192;100.008227328114;"T24";40.4705566819757;3;2;1;"S-34-NA";3;"S-2"
-4.68022268962579;2.82750430894871;-555.050079598771;100.022664039453;"T24";40.4755166498944;3;2;1;"S-34-NA";3;"S-2"
-4.72270848722463;2.76505333488827;-555.595887238511;100.352407634057;"T24";40.5921366647817;3;2;1;"S-34-NA";3;"S-2"
-4.38044171541516;2.33313535298305;-556.165543079453;100.685929973408;"T24";40.7127572456375;3;2;3;"S-35-NA";3;"S-2"
-4.26548378472441;2.57677537786855;-556.80302183657;101.025467472508;"T24";40.8582856645808;3;2;3;"S-35-NA";3;"S-2"
-4.15028202308185;2.54521041295189;-556.826330772541;101.039548382278;"T24";40.8637502114289;3;2;3;"S-35-NA";3;"S-2"
-4.10675167619243;2.56786247974354;-557.955446012783;101.731991895972;"T24";41.1358076846227;3;2;3;"S-35-NA";3;"S-2"
-4.20984275174454;2.73561063413015;-558.474914852299;102.05680446015;"T24";41.2622991017997;3;2;3;"S-35-NA";3;"S-2"
-4.18082965592839;2.84734274140644;-558.605069674679;102.141380758407;"T24";41.2932158913463;3;2;3;"S-35-NA";3;"S-2"
-4.91398979473238;2.66455135256476;-559.803692925957;102.957699885251;"T24";41.5799109614454;3;2;1;"S-36-NA";3;"S-2"
-4.62724984378059;2.25662493784676;-560.896393636441;103.550203589509;"T24";41.8022762401961;3;2;3;"S-37-NA";3;"S-2"
-4.56701850886886;2.37017623639253;-561.151927778641;103.67482290708;"T24";41.8575000017881;3;2;3;"S-37-NA";3;"S-2"
-4.53290804586933;2.32268856639407;-561.259698007721;103.730753145913;"T24";41.8810975039378;3;2;3;"S-37-NA";3;"S-2"
-4.3813329318678;2.54295349254165;-562.40966685521;104.320003902104;"T24";42.1347909024917;3;2;3;"S-37-NA";3;"S-2"
-3.70455516494493;2.89208709406178;-564.203118348983;105.360934552825;"T24";42.5441301427782;3;2;3;"S-37-NA";3;"S-2"
-3.93143612643226;2.61580211951374;-564.509730240389;105.600301563043;"T24";42.6268963259645;3;2;3;"S-37-NA";3;"S-2"
-4.60088121512226;2.28438196109276;-565.779355510624;106.445053548339;"T24";42.9498381796293;3;2;3;"S-37-NA";3;"S-2"
-4.02041403089804;2.12710452782055;-566.211664832109;106.659699301932;"T24";43.0438004666939;3;2;3;"S-37-NA";3;"S-2"
-4.39386796297092;2.09711781875609;-566.950254960851;107.050469604438;"T24";43.2275104336441;3;2;3;"S-37-NA";3;"S-2"
-4.52913613082454;2.12308785340023;-567.045050545089;107.095713910939;"T24";43.2490849518217;3;2;3;"S-37-NA";3;"S-2"
-4.6547373626785;1.90194998285797;-567.440492326285;107.281082073462;"T24";43.3363955933601;3;2;3;"S-37-NA";3;"S-2"
-4.52825484903828;2.25161764468619;-569.135094229068;107.973505256301;"T24";43.7004552106373;3;2;3;"S-37-NA";3;"S-2"
-4.34395578959941;2.85862682971628;-571.824956921595;109.311005574236;"T24";44.2944727255963;3;2;1;"S-38-NA";3;"S-2"
-4.54355349982969;2.38123519766029;-572.784930217051;109.942735166137;"T24";44.5154633023776;3;2;3;"S-39-NA";3;"S-2"
-4.28684666373106;2.20027319934466;-573.647952933874;110.395037547909;"T24";44.7054077405483;3;2;3;"S-39-NA";3;"S-2"
-4.31671262619366;1.86735232225076;-574.008899537786;110.58029753066;"T24";44.7896063677035;3;2;3;"S-39-NA";3;"S-2"
-3.95076797953263;1.92604549653082;-574.146511705585;110.639826719504;"T24";44.8214852949604;3;2;1;"S-40-NA";3;"S-2"
-3.76650017382524;2.16870956052355;-575.120635515615;111.114723445177;"T24";45.0680509791709;3;2;1;"S-40-NA";3;"S-2"
-3.61568872821515;2.26745060417193;-575.337289456179;111.239470412001;"T24";45.1255722669885;3;2;1;"S-40-NA";3;"S-2"
-4.18302376548198;2.48555007964253;-575.674756503528;111.451100869686;"T24";45.218906365335;3;2;3;"S-41-NA";3;"S-2"
-4.22104269972716;2.37868691574606;-575.776841273191;111.511759575348;"T24";45.2433109050617;3;2;3;"S-41-NA";3;"S-2"
-4.1645734894009;1.87050741510526;-578.015373427097;112.773241044208;"T24";45.773637725506;3;2;3;"S-41-NA";3;"S-2"
-4.37868835484741;2.03721014557311;-578.768586832584;113.111544897821;"T24";45.9544998011552;3;2;3;"S-41-NA";3;"S-2"
-4.03074707315683;2.17644013298494;-579.383613263439;113.397689510818;"T24";46.0949588567019;3;2;3;"S-41-NA";3;"S-2"
-4.46199745200606;2.30376812888999;-579.587891344391;113.507991399179;"T24";46.1456388118677;3;2;3;"S-41-NA";3;"S-2"
-4.56273008560992;2.02457690277942;-579.762647298736;113.598219419765;"T24";46.1848042206839;3;2;3;"S-41-NA";3;"S-2"
-4.01723778253391;1.91728516520611;-580.424945680414;113.892094792871;"T24";46.3299581897445;3;2;1;"S-42-NA";3;"S-2"
-4.15875381095147;2.05480390962716;-581.951000195106;114.620426507523;"T24";46.7098347609863;3;2;3;"S-43-NA";3;"S-2"
-4.02984761839507;2.10630267204194;-582.143503935774;114.715540923264;"T24";46.7561235651374;3;2;3;"S-43-NA";3;"S-2"
-3.91720670946158;1.92322879421406;-582.257716363445;114.77523696251;"T24";46.7844651895575;3;2;1;"S-44-NA";3;"S-2"
-3.51724685123213;2.25793045389177;-582.822268812374;115.052414963611;"T24";46.928586368449;3;2;1;"S-44-NA";3;"S-2"
-3.18546117074486;2.57611883790283;-583.113502959094;115.239375525921;"T24";47.0113881048746;3;2;1;"S-44-NA";3;"S-2"
-3.25550464090732;2.82467541382719;-583.666679895622;115.68673603371;"T24";47.18504488701;3;2;1;"S-44-NA";3;"S-2"
-3.2902131031347;3.41836303819722;-584.411234105284;116.33275691289;"T24";47.4137511220761;3;2;1;"S-44-NA";3;"S-2"
-3.53642152018657;3.31950835100747;-584.459749452115;116.383161875484;"T24";47.4284964730032;3;2;1;"S-44-NA";3;"S-2"
-3.65748519640374;2.88040556892318;-585.666338564903;117.515742540224;"T24";47.7696857531555;3;2;3;"S-45-NA";3;"S-2"
-3.92149597886888;2.86882798384385;-586.200264874126;117.93622935887;"T24";47.9156675632112;3;2;3;"S-45-NA";3;"S-2"
-5.10901048724175;2.82694377299728;-588.003857374993;119.255673944768;"T24";48.3755921712145;3;2;1;"S-46-NA";3;"S-2"
-4.72798526025058;2.84064777094987;-588.359459762107;119.452437673562;"T24";48.4451951575466;3;2;1;"S-46-NA";3;"S-2"
-5.38163632295846;2.22729403799528;-589.291017222851;120.012132020881;"T24";48.642225691583;3;2;1;"S-46-NA";3;"S-2"
-4.7642698181088;1.96492385170173;-590.64407383118;120.572120607242;"T24";48.893646732904;3;2;3;"S-47-NA";3;"S-2"
-4.42505842227157;2.15827846089362;-591.702731708446;121.00874199798;"T24";49.1158545250073;3;2;3;"S-47-NA";3;"S-2"
-4.41203979466055;2.08426401725824;-591.7258360468;121.020010910402;"T24";49.1210757754743;3;2;3;"S-47-NA";3;"S-2"
-4.05303476310867;2.13302534764074;-592.056178870453;121.176066089581;"T24";49.1959488135763;3;2;3;"S-47-NA";3;"S-2"
-4.94611407815226;2.47352573091773;-593.670134043365;122.025456113351;"T24";49.5941578759812;3;2;1;"S-48-NA";3;"S-2"
-4.48910370212539;2.29875263754018;-594.617299530138;122.499128609769;"T24";49.785654770676;3;2;3;"S-49-NA";3;"S-2"
-3.95184543055533;2.79145770478947;-595.497808389328;122.950014175518;"T24";49.981798348017;3;2;3;"S-49-NA";3;"S-2"
-3.968789390212;2.85844371515813;-595.569738504545;123.000823317186;"T24";50;3;2;3;"S-49-NA";3;"S-2"
