"Vx";"Vy";"X";"Y";"Traj";"Time";"TrueMovMode";"TrueTrajClust";"firstEstMovMode";"firstSegment";"finalEstMovMode";"finalSegment"
0;0;0;0;"T25";0;1;1;1;"S-1-NA";2;"S-1"
-6.3170287862824;5.36387205489672;0;0;"T25";0.175992213189602;1;1;1;"S-1-NA";2;"S-1"
-12.9399665930691;8.30132288820736;-1.39960912832399;1.18842648105352;"T25";0.397553516086191;1;1;1;"S-1-NA";2;"S-1"
-13.0929929251893;8.41159841228752;-1.64652214141088;1.34682755822727;"T25";0.416634941939265;1;1;1;"S-1-NA";2;"S-1"
-15.3598619357158;8.36547445332042;-3.02117020359283;2.2299707420182;"T25";0.521626067347825;1;1;1;"S-1-NA";2;"S-1"
-15.9494312566331;8.38385238309048;-3.41019269300395;2.44184489235601;"T25";0.546953279990703;1;1;1;"S-1-NA";2;"S-1"
-17.9470572733434;8.17814299778936;-5.36857198319647;3.47127112172374;"T25";0.669740058947355;1;1;4;"S-2-NA";2;"S-1"
-18.4618986023707;7.92381605597217;-6.15075101844371;3.82769568217945;"T25";0.713322637602687;1;1;4;"S-2-NA";2;"S-1"
-19.1556498501644;7.62233867846287;-6.7840262577785;4.09949635757944;"T25";0.747624377254397;1;1;4;"S-2-NA";2;"S-1"
-19.5025539757004;7.45427831052586;-7.02539664277051;4.19554148451332;"T25";0.760224857367575;1;1;4;"S-2-NA";2;"S-1"
-20.0396794698924;7.0561537887722;-7.64388977423322;4.43194231390296;"T25";0.79193830024451;1;1;4;"S-2-NA";2;"S-1"
-20.1825179453639;7.04479167564656;-7.86984646273977;4.5115037233606;"T25";0.803213764447719;1;1;4;"S-2-NA";2;"S-1"
-20.3610542686602;6.75208440783921;-8.95124035220463;4.8889687498365;"T25";0.856794486753643;1;1;4;"S-2-NA";2;"S-1"
-20.3158808632113;6.74404237804209;-9.03568698634694;4.91697274187754;"T25";0.860941945575178;1;1;4;"S-2-NA";2;"S-1"
-21.1034650072444;6.30173517836743;-10.1830430175222;5.29784806542603;"T25";0.917417765595019;1;1;4;"S-2-NA";2;"S-1"
-21.6501826932295;5.74743301290931;-11.3510097924793;5.64661625635509;"T25";0.97276255255565;1;1;4;"S-2-NA";2;"S-1"
-22.0527631448778;4.93319576931302;-14.23441366471;6.41206802365089;"T25";1.10594405559823;1;1;4;"S-2-NA";2;"S-1"
-22.3540183159751;4.37112687004363;-15.089695391249;6.60339426096701;"T25";1.14472748246044;1;1;4;"S-2-NA";2;"S-1"
-22.447476316998;4.36666210441394;-15.2459514293122;6.6339487213298;"T25";1.15171754732728;1;1;4;"S-2-NA";2;"S-1"
-22.562545179526;4.0836417955522;-15.8986179488606;6.76091061751292;"T25";1.18079282110557;1;1;4;"S-2-NA";2;"S-1"
-22.5812881331531;4.01559306504966;-16.3554318050015;6.84359030373099;"T25";1.20103937806562;1;1;4;"S-2-NA";2;"S-1"
-22.3293190503936;3.90414065387419;-17.238634243826;7.00064873048972;"T25";1.24015151523054;1;1;4;"S-2-NA";2;"S-1"
-22.9114304741348;3.30499122696079;-22.2253602433566;7.87254633115371;"T25";1.46347789559513;1;1;4;"S-2-NA";2;"S-1"
-22.8710394708486;3.36690269203352;-22.3067175120773;7.88428217888591;"T25";1.46702884230763;1;1;4;"S-2-NA";2;"S-1"
-22.9002646208575;2.87597920162935;-23.8175691161541;8.10669840703825;"T25";1.53308843728155;1;1;4;"S-2-NA";2;"S-1"
-22.7124081231054;2.4192964312017;-26.7066431787259;8.46952901417261;"T25";1.65924741886556;1;1;2;"S-3";2;"S-1"
-21.6226884002617;2.40168558172364;-32.6593021130407;9.10359856936426;"T25";1.92133582895622;1;1;2;"S-3";2;"S-1"
-21.4986929138723;2.71784550479692;-33.2772062264034;9.17223071040427;"T25";1.94991248426959;1;1;2;"S-3";2;"S-1"
-21.5862616065359;2.75417624016197;-33.3393244070251;9.1800836351679;"T25";1.95280187763274;1;1;2;"S-3";2;"S-1"
-20.899043146462;2.91991472005896;-47.858206252474;11.0325377627667;"T25";2.62540013063699;1;1;2;"S-3";2;"S-1"
-21.0549785140666;2.96750483636487;-48.1749250260196;11.0767882005745;"T25";2.64055483276024;1;1;2;"S-3";2;"S-1"
-21.1332130213906;2.51673549400162;-53.1945171863193;11.7842533733514;"T25";2.87895888322964;1;1;2;"S-3";2;"S-1"
-21.2802641998597;2.7372323832167;-54.5255885976152;11.9427694807918;"T25";2.94194369344041;1;1;2;"S-3";2;"S-1"
-21.1302542659963;2.70242522592154;-54.8911139818039;11.9897861864629;"T25";2.95912042493001;1;1;2;"S-3";2;"S-1"
-21.4605244544158;2.84659481705756;-58.4930293951907;12.4504482756284;"T25";3.1295828986913;1;1;2;"S-3";2;"S-1"
-21.5734478448468;2.75113618589438;-59.6358165203597;12.6020313329025;"T25";3.18283356027678;1;1;2;"S-3";2;"S-1"
-21.4846422605329;2.87259432174417;-60.3697131323385;12.6956208944988;"T25";3.21685207309201;1;1;2;"S-3";2;"S-1"
-21.5846271740733;2.54743961814169;-66.7093143323331;13.5432543895504;"T25";3.51192802190781;1;1;2;"S-3";2;"S-1"
-21.6223242461241;2.55548734726476;-66.7745536737179;13.5509540028707;"T25";3.5149505129084;1;1;2;"S-3";2;"S-1"
-21.7810036859457;2.42814758589228;-67.0448400708892;13.5828984626914;"T25";3.52745085256174;1;1;2;"S-3";2;"S-1"
-21.5109284332814;2.35593952610273;-73.2008591170024;14.2691718319563;"T25";3.8100833306089;1;1;2;"S-3";2;"S-1"
-20.7601714624592;2.56803314153592;-79.2047454435789;14.9267349469507;"T25";4.08919198671356;1;1;2;"S-3";2;"S-1"
-20.7453966044084;2.59800659585337;-81.8427624517506;15.2530576421737;"T25";4.21626304741949;1;1;2;"S-3";2;"S-1"
-20.6842454462292;2.51630403777265;-82.8675981606936;15.3814008106496;"T25";4.26566367968917;1;1;2;"S-3";2;"S-1"
-20.5736290586009;2.53162566306021;-82.9997274297958;15.3974747551507;"T25";4.27205159794539;1;1;2;"S-3";2;"S-1"
-20.7429285588064;2.65937405012398;-83.3933348471547;15.4459089247432;"T25";4.2911832453683;1;1;2;"S-3";2;"S-1"
-20.8436176383993;2.51682253463581;-84.8575883576741;15.6336354445371;"T25";4.36177373630926;1;1;2;"S-3";2;"S-1"
-20.8706874667771;2.48161589214479;-85.0765783133036;15.6600780162993;"T25";4.37228006776422;1;1;2;"S-3";2;"S-1"
-20.9917230269609;2.77376384802083;-86.8162923749775;15.8669376164016;"T25";4.45563688408583;1;1;2;"S-3";2;"S-1"
-21.1771170223625;2.68159213873645;-87.5760467774261;15.9673285796484;"T25";4.49182993033901;1;1;2;"S-3";2;"S-1"
-21.1060122527243;2.62091129938319;-87.776090947413;15.9926595476489;"T25";4.50127617223188;1;1;2;"S-3";2;"S-1"
-20.7445876937498;3.02381155655042;-92.1985428004664;16.5418326407873;"T25";4.71081134164706;1;1;2;"S-3";2;"S-1"
-21.0362054081118;3.08218186428206;-94.9020492517437;16.9359062262095;"T25";4.84113480197266;1;1;2;"S-3";2;"S-1"
-21.1801237409419;3.07973272080037;-96.1066057491541;17.1123953847243;"T25";4.89839591318741;1;1;2;"S-3";2;"S-1"
-21.2416762498428;3.168958817942;-96.3635822761288;17.1497615034628;"T25";4.91052882280201;1;1;2;"S-3";2;"S-1"
-21.0810385422719;3.26332944107068;-98.3492193401467;17.4459905773477;"T25";5.00400718301535;1;1;2;"S-3";2;"S-1"
-20.9844892614929;3.12539304415674;-98.7396085432085;17.5064225421805;"T25";5.02252568257973;1;1;2;"S-3";2;"S-1"
-20.9086100831692;2.64223541956593;-104.340580668136;18.3406215117922;"T25";5.28943578246981;1;1;2;"S-3";2;"S-1"
-20.788376071514;2.63174449859112;-104.795248306701;18.3980781736157;"T25";5.31118125654757;1;1;2;"S-3";2;"S-1"
-20.8207734611845;2.80752015967646;-106.207379080866;18.5768495881511;"T25";5.37911012070253;1;1;2;"S-3";2;"S-1"
-21.5553439560323;2.32664831083077;-109.906285034038;19.075618428398;"T25";5.55676470976323;1;1;2;"S-3";2;"S-1"
-22.0348735636426;2.50475578510968;-114.675689124725;19.5904200476114;"T25";5.77802789630368;1;1;2;"S-3";2;"S-1"
-22.1858112980275;2.58408311270902;-115.426509174069;19.6757675244979;"T25";5.81210206728429;1;1;2;"S-3";2;"S-1"
-22.0993237901882;2.59425284257424;-116.57456030044;19.8094863003556;"T25";5.86384915513918;1;1;2;"S-3";2;"S-1"
-21.5763159798033;2.8843765327449;-119.033291644613;20.098118243998;"T25";5.97510737134144;1;1;2;"S-3";2;"S-1"
-21.8476470806782;2.73115180776516;-119.338347659092;20.1388989041515;"T25";5.98924583755434;1;1;2;"S-3";2;"S-1"
-21.8139146951372;2.76106411314244;-119.717515571143;20.1862982934139;"T25";6.00660092895851;1;1;2;"S-3";2;"S-1"
-21.725945154079;2.89292914378377;-120.323946001511;20.2630563316573;"T25";6.03440109407529;1;1;2;"S-3";2;"S-1"
-21.6535474407797;2.9193968489318;-120.364437502654;20.2684479978381;"T25";6.03626483352855;1;1;2;"S-3";2;"S-1"
-21.7502223444929;2.78379030609137;-120.979257986317;20.3513399575769;"T25";6.06465835589916;1;1;2;"S-3";2;"S-1"
-21.570996018818;2.63934298149171;-122.862725362262;20.5924031586766;"T25";6.15125367185101;1;1;2;"S-3";2;"S-1"
-21.7903759895183;2.59701940944582;-123.407373804997;20.6590442188974;"T25";6.17650278145447;1;1;2;"S-3";2;"S-1"
-21.8674130062341;2.47340424501527;-123.723012214492;20.6966626187001;"T25";6.19098800234497;1;1;2;"S-3";2;"S-1"
-21.8177283790225;2.42127228462161;-132.161389118232;21.651120160102;"T25";6.57687621423975;1;1;2;"S-3";2;"S-1"
-21.6757431477402;2.10788357994814;-134.023243656448;21.8577437238876;"T25";6.66221298743039;1;1;2;"S-3";2;"S-1"
-21.5892211317003;2.13247911143473;-134.09404489419;21.8646288749738;"T25";6.66547936853021;1;1;2;"S-3";2;"S-1"
-21.6728331242979;2.04949020142639;-134.871459816991;21.9414181705985;"T25";6.70148876961321;1;1;2;"S-3";2;"S-1"
-21.5326491591868;2.06364109430486;-135.548289131012;22.0054224952371;"T25";6.73271815758198;1;1;2;"S-3";2;"S-1"
-21.5781280451435;1.98704718192114;-135.774016182107;22.0270556726177;"T25";6.74320117104799;1;1;2;"S-3";2;"S-1"
-21.2398119689422;1.84764665188714;-140.125493361729;22.4277665428504;"T25";6.94486264837906;1;1;2;"S-3";2;"S-1"
-21.2845112665985;1.77393772963922;-140.42735295023;22.4540252432028;"T25";6.95907461922616;1;1;2;"S-3";2;"S-1"
-21.2021597895167;1.8569426762623;-141.317325849624;22.5281992040148;"T25";7.00088778976351;1;1;2;"S-3";2;"S-1"
-21.4772625355802;1.72966026114772;-142.007999485629;22.588690274868;"T25";7.03346341615543;1;1;2;"S-3";2;"S-1"
-21.4542167358441;1.64765576372574;-142.331184242339;22.6147177925631;"T25";7.04851117916405;1;1;2;"S-3";2;"S-1"
-21.2278609747112;2.16595890719663;-145.453850533728;22.8545344764602;"T25";7.19406141433865;1;1;2;"S-3";2;"S-1"
-20.9358273099499;2.4567407185573;-149.253392025972;23.2422160590838;"T25";7.37304984359071;1;1;2;"S-3";2;"S-1"
-20.9388454770797;2.52306394221045;-150.469295884698;23.3848978110566;"T25";7.43112750351429;1;1;2;"S-3";2;"S-1"
-21.3892786729196;2.58414439192767;-154.583544651984;23.8806516349904;"T25";7.62761631049216;1;1;2;"S-3";2;"S-1"
-21.2101720053677;2.47267082875077;-155.201294134058;23.9552850008056;"T25";7.65649757813662;1;1;2;"S-3";2;"S-1"
-21.3570150888267;2.55617746712646;-155.84036074196;24.0297870538106;"T25";7.68662777263671;1;1;2;"S-3";2;"S-1"
-21.4447843350098;2.5311715833935;-156.89765118106;24.1563319846164;"T25";7.73613330675289;1;1;2;"S-3";2;"S-1"
-21.4694933191864;2.6276972041711;-158.037986895207;24.2909281321033;"T25";7.78930874075741;1;1;2;"S-3";2;"S-1"
-21.7116255673156;2.62150402085746;-158.396776602411;24.3348411717119;"T25";7.80602034647018;1;1;2;"S-3";2;"S-1"
-21.4871462871395;2.6612621355647;-161.445702230047;24.7029743991096;"T25";7.94644859852269;1;1;2;"S-3";2;"S-1"
-21.4137996516575;2.38235316621458;-162.849793372168;24.8768762538032;"T25";8.01179422996938;1;1;2;"S-3";2;"S-1"
-21.2753598838319;2.01965901718715;-164.574954558617;25.0688059104557;"T25";8.09235728811473;1;1;2;"S-3";2;"S-1"
-21.1985864828609;2.21957139637274;-165.867392729891;25.1914964041076;"T25";8.15310541074723;1;1;2;"S-3";2;"S-1"
-21.3085439105712;2.37990326244961;-167.9362834206;25.4081170077047;"T25";8.25070110149682;1;1;2;"S-3";2;"S-1"
-21.5034253193502;2.35671883053152;-168.311041546006;25.4499728984228;"T25";8.26828832505271;1;1;2;"S-3";2;"S-1"
-21.1107899252165;2.49878964098661;-169.042002359611;25.5300842801314;"T25";8.30228108679876;1;1;2;"S-3";2;"S-1"
-21.0103001419449;2.48434486747692;-169.207963186049;25.5497283197615;"T25";8.31014250870794;1;1;2;"S-3";2;"S-1"
-21.0759698603862;2.59838271894272;-171.678811641124;25.8418916699378;"T25";8.42774427728727;1;1;2;"S-3";2;"S-1"
-21.3851397804948;2.64206694742944;-172.994323830142;26.0040765734628;"T25";8.4901619120501;1;1;2;"S-3";2;"S-1"
-21.195808673541;2.23580377784726;-182.103161204312;27.129444862042;"T25";8.91610429389402;1;1;2;"S-3";2;"S-1"
-21.3091938765594;2.36114111695961;-185.190201258798;27.4550760244332;"T25";9.06174818519503;1;1;2;"S-3";2;"S-1"
-21.5792012305703;2.39695165267752;-186.425580791961;27.591960855821;"T25";9.11972220055759;1;1;2;"S-3";2;"S-1"
-21.9445788559992;2.21637337879561;-187.072749230458;27.6638463460039;"T25";9.14971258025616;1;1;2;"S-3";2;"S-1"
-22.0207821005677;2.25382247024136;-187.187350365225;27.6754209087214;"T25";9.15493487846106;1;1;2;"S-3";2;"S-1"
-22.1283150268178;2.22309802637289;-188.269193483786;27.786147327009;"T25";9.20406315708533;1;1;2;"S-3";2;"S-1"
-22.128347571485;2.29728407902759;-188.528347393091;27.8121829534724;"T25";9.21577457338572;1;1;2;"S-3";2;"S-1"
-22.3052076517152;2.13640877975259;-189.328599287086;27.8952621770497;"T25";9.25193867878988;1;1;2;"S-3";2;"S-1"
-22.1407219137769;2.03996622864341;-190.461721032815;28.0037933902042;"T25";9.30273944977671;1;1;2;"S-3";2;"S-1"
-22.1769413155013;2.04638518318446;-190.513791819296;28.008591004588;"T25";9.30509126046672;1;1;2;"S-3";2;"S-1"
-22.3275555895158;2.01609409089286;-190.723985901616;28.0279867386314;"T25";9.31456930702552;1;1;2;"S-3";2;"S-1"
-21.5543229135438;2.36295971926681;-194.848055361473;28.400374662384;"T25";9.4992769183591;1;1;2;"S-3";2;"S-1"
-21.4689256640848;2.19515104786344;-195.8369295584;28.5087830732691;"T25";9.5451551489532;1;1;2;"S-3";2;"S-1"
-21.4430362719619;2.27885005205033;-197.653904059717;28.6945647720328;"T25";9.62978791212663;1;1;2;"S-3";2;"S-1"
-21.6796193415625;2.36271366629422;-198.533261215458;28.7880180999438;"T25";9.67079689726233;1;1;2;"S-3";2;"S-1"
-21.6337069248079;2.32666202953401;-200.468353848516;28.998910631664;"T25";9.76005550473928;1;1;2;"S-3";2;"S-1"
-21.6419266814066;2.32021609284462;-200.678143218934;29.0214730600101;"T25";9.76975284283981;1;1;2;"S-3";2;"S-1"
-21.7714791271125;1.91860071358026;-203.435800685691;29.3171196226805;"T25";9.89717483753338;1;1;2;"S-3";2;"S-1"
-21.9986286069907;2.01277155977811;-204.571011001824;29.4171594642493;"T25";9.94931692257524;1;1;2;"S-3";2;"S-1"
-21.1776042773877;2.03396610047355;-207.619221557468;29.6960564638862;"T25";10.0878805853426;1;1;2;"S-3";2;"S-1"
-21.3508540328897;1.86163422543833;-209.044682163184;29.832962343872;"T25";10.1551903993823;1;1;2;"S-3";2;"S-1"
-21.3079413718593;2.50461708768401;-213.166276195435;30.1923344093632;"T25";10.3482315782458;1;1;2;"S-3";2;"S-1"
-21.5945037342215;2.37130187597745;-216.268832824922;30.5570208055808;"T25";10.4938372271135;1;1;2;"S-3";2;"S-1"
-21.563358084284;2.59003438021618;-217.736475103763;30.7181832445011;"T25";10.5618009227328;1;1;2;"S-3";2;"S-1"
-21.7369457012979;2.18724663389606;-222.639901834477;31.3071473457223;"T25";10.7891971711069;1;1;2;"S-3";2;"S-1"
-21.2610265349441;2.48740084545659;-223.919292023317;31.4358840101292;"T25";10.8480550348759;1;1;2;"S-3";2;"S-1"
-21.5144814240192;2.65877919233396;-225.222995426212;31.5884087690469;"T25";10.9093739651144;1;1;2;"S-3";2;"S-1"
-21.4785678077829;2.75606062475544;-225.544006456357;31.6280796042689;"T25";10.9242946607992;1;1;2;"S-3";2;"S-1"
-21.629497108849;2.69973801432952;-225.781874529585;31.6586020690988;"T25";10.9353693318553;1;1;2;"S-3";2;"S-1"
-21.4760332159306;2.64011335784642;-226.496181898421;31.7477600716108;"T25";10.9683940187097;1;1;2;"S-3";2;"S-1"
-21.0448513775416;2.754190825677;-228.306122255998;31.9702614836219;"T25";11.0526712378487;1;1;2;"S-3";2;"S-1"
-21.1617674015091;2.45441695598005;-230.434046099786;32.2487480465899;"T25";11.1537849879824;1;1;2;"S-3";2;"S-1"
-21.0248151533798;2.44294195430879;-230.748888049835;32.2852645343667;"T25";11.1686628544703;1;1;2;"S-3";2;"S-1"
-20.8424863984954;2.50683437095989;-230.980280997142;32.3121508368042;"T25";11.1796685610898;1;1;2;"S-3";2;"S-1"
-20.895965967733;2.58651673860374;-231.097295586024;32.326224790732;"T25";11.1852827947587;1;1;2;"S-3";2;"S-1"
-20.7537850856515;2.44064340178452;-231.613312866928;32.3900977572428;"T25";11.2099773832597;1;1;2;"S-3";2;"S-1"
-20.7969062031919;2.36942139784428;-231.977406853261;32.4329151797856;"T25";11.2275208812207;1;1;2;"S-3";2;"S-1"
-20.7901047240114;2.37209724542837;-232.077803411364;32.4443535038667;"T25";11.2323483568616;1;1;2;"S-3";2;"S-1"
-21.080073062736;2.55540548875048;-233.702938821755;32.6297772562534;"T25";11.3105170545168;1;1;2;"S-3";2;"S-1"
-21.2243397904227;2.52252678591614;-233.916032007121;32.655609211099;"T25";11.3206258043647;1;1;2;"S-3";2;"S-1"
-21.6436772924459;2.11243097900186;-241.299197936863;33.5331033525678;"T25";11.6684889653698;1;1;2;"S-3";2;"S-1"
-21.6558048138517;2.0255909071688;-241.356965326226;33.5387414713226;"T25";11.6711579845287;1;1;2;"S-3";2;"S-1"
-21.785754663834;2.01089630944637;-241.975378390717;33.5965851714794;"T25";11.6997144417837;1;1;2;"S-3";2;"S-1"
-21.9845937543622;1.7619944705811;-242.679178006947;33.661548174722;"T25";11.7320199380629;1;1;2;"S-3";2;"S-1"
-21.8139598806932;1.85269030884115;-243.769098262654;33.7489017772214;"T25";11.7815964855254;1;1;2;"S-3";2;"S-1"
-21.9041892286975;1.71528334080049;-245.25973773861;33.8755038855128;"T25";11.8499306845479;1;1;2;"S-3";2;"S-1"
-21.2856874563356;1.76429060629913;-246.291787354728;33.9563221022897;"T25";11.8970472249202;1;1;2;"S-3";2;"S-1"
-21.2391344603259;2.2184943608062;-248.851697215946;34.1685034062942;"T25";12.0173115981743;1;1;2;"S-3";2;"S-1"
-21.3318958121312;2.16524747970082;-249.010163382256;34.1850556955127;"T25";12.0247726445086;1;1;2;"S-3";2;"S-1"
-21.7782609103963;2.17175279176791;-251.632789948405;34.4512596753447;"T25";12.1477165492252;1;1;2;"S-3";2;"S-1"
-21.5204336250638;2.2839862502818;-252.613219732816;34.5490292415276;"T25";12.1927352854982;1;1;2;"S-3";2;"S-1"
-21.5575167091008;2.40260403664358;-253.433009940988;34.6360344383652;"T25";12.2308288584463;1;1;2;"S-3";2;"S-1"
-21.3605760812681;2.51832494733253;-254.299258039858;34.7325785444032;"T25";12.2710119700059;1;1;2;"S-3";2;"S-1"
-21.3047029139824;2.55581118153217;-254.906552545431;34.8041760939236;"T25";12.2994425939396;1;1;2;"S-3";2;"S-1"
-21.3808486269952;2.62044170327915;-256.179535846833;34.9568890873299;"T25";12.3591938754544;1;1;2;"S-3";2;"S-1"
-21.3642807453891;2.59756892499701;-258.708107026739;35.266791350104;"T25";12.4774572439492;1;1;2;"S-3";2;"S-1"
-20.8815585313742;3.16674924527438;-259.975068513061;35.4208344384373;"T25";12.5367600354366;1;1;2;"S-3";2;"S-1"
-21.2981051404186;3.30878708192229;-262.09503371454;35.7423333434018;"T25";12.6382833579555;1;1;2;"S-3";2;"S-1"
-21.0888837562573;3.4169093023491;-263.140730042946;35.9047884763929;"T25";12.6873814500868;1;1;2;"S-3";2;"S-1"
-21.4439271382259;3.17227820248615;-264.153758613905;36.0689236097485;"T25";12.7354175900109;1;1;2;"S-3";2;"S-1"
-21.8441879468592;2.83682424282451;-268.542574810895;36.7181771660904;"T25";12.9400823498145;1;1;2;"S-3";2;"S-1"
-21.7029044344902;2.59327522665842;-269.780644150494;36.8789606717724;"T25";12.9967596381903;1;1;2;"S-3";2;"S-1"
-21.6324995587091;2.65503466368949;-271.246540726159;37.0541203277525;"T25";13.0643034353852;1;1;2;"S-3";2;"S-1"
-21.7821542106891;2.74410363944379;-271.955781097749;37.1411679556214;"T25";13.0970893078484;1;1;2;"S-3";2;"S-1"
-21.7732983216443;2.78611666754562;-272.740996967541;37.2400890129789;"T25";13.1331378943287;1;1;2;"S-3";2;"S-1"
-21.7269045618489;2.79237530916411;-273.79261295401;37.3746540561101;"T25";13.1814363179728;1;1;2;"S-3";2;"S-1"
-21.7460438085027;2.83885382827162;-273.851582599578;37.3822329259764;"T25";13.184150448069;1;1;2;"S-3";2;"S-1"
-21.6676027072123;2.7524689565245;-274.008900095896;37.4027700581836;"T25";13.191384752281;1;1;2;"S-3";2;"S-1"
-21.0765968913021;2.23144850938856;-285.61802034839;38.8774944907537;"T25";13.7271671555936;1;1;2;"S-3";2;"S-1"
-21.0803496976164;2.2417106525604;-286.419478156146;38.9623474601243;"T25";13.7651931145228;1;1;2;"S-3";2;"S-1"
-21.1708675559904;2.25839302751835;-286.567096208123;38.9780453477009;"T25";13.7721957522444;1;1;2;"S-3";2;"S-1"
-21.200847159293;2.3814103114036;-286.820241822005;39.0050495452297;"T25";13.7841530144215;1;1;2;"S-3";2;"S-1"
-21.224234889683;2.37416852072531;-286.99485816626;39.0246635332757;"T25";13.7923893053085;1;1;2;"S-3";2;"S-1"
-21.5153906926657;2.36230556318801;-287.601486998168;39.09252176628;"T25";13.8209711993113;1;1;2;"S-3";2;"S-1"
-20.8109060637513;2.53119176007725;-289.713113939338;39.3243701273791;"T25";13.9191161491908;1;1;2;"S-3";2;"S-1"
-20.7768373968624;2.33708039360081;-292.656480456027;39.6823663170265;"T25";14.0605499967933;1;1;2;"S-3";2;"S-1"
-20.7766318907522;2.4017923815013;-293.960743898418;39.8290762546881;"T25";14.1233248752542;1;1;2;"S-3";2;"S-1"
-20.7034876133165;2.48648604833029;-294.405887472739;39.8805351461534;"T25";14.1447500791401;1;1;2;"S-3";2;"S-1"
-20.8383455937244;2.63739837385875;-295.136257606916;39.9682524999957;"T25";14.1800277167931;1;1;2;"S-3";2;"S-1"
-20.6660759914935;2.69678646265275;-296.513858616922;40.1426081198925;"T25";14.246136660222;1;1;2;"S-3";2;"S-1"
-20.8709435115379;3.10047992720594;-300.721468602253;40.6916734409158;"T25";14.4497365108691;1;1;2;"S-3";2;"S-1"
-20.9042701022155;2.96003746151462;-301.207966953848;40.7639451315993;"T25";14.4730463507585;1;1;2;"S-3";2;"S-1"
-21.0778245571449;3.02306547353497;-301.390211719619;40.7897509277936;"T25";14.4817644148134;1;1;2;"S-3";2;"S-1"
-21.601383957496;2.73059740027193;-304.794966863897;41.2780744592189;"T25";14.6432969835587;1;1;2;"S-3";2;"S-1"
-21.6789529060794;2.69530312521314;-304.84467381232;41.2843578373768;"T25";14.6455980837345;1;1;2;"S-3";2;"S-1"
-21.4033196911398;2.62556696011261;-306.351114835824;41.4716507945685;"T25";14.7150867269374;1;1;2;"S-3";2;"S-1"
-21.2735630036118;2.69831217315422;-306.775048060567;41.5236551137228;"T25";14.7348936181515;1;1;2;"S-3";2;"S-1"
-21.4355456570342;2.67612461433339;-307.602997166844;41.6286711447394;"T25";14.7738127736375;1;1;2;"S-3";2;"S-1"
-21.503100450526;2.70801826294601;-308.195198177096;41.7026045880734;"T25";14.8014398291707;1;1;2;"S-3";2;"S-1"
-21.3529760799353;2.73198299359077;-310.393050063798;41.9793936521497;"T25";14.903650758788;1;1;2;"S-3";2;"S-1"
-21.4443037453837;2.63640920050087;-310.548385074418;41.9992678189044;"T25";14.9109253892675;1;1;2;"S-3";2;"S-1"
-21.8942059165022;2.54467735093756;-311.994724004458;42.1770838630845;"T25";14.9783716886304;1;1;2;"S-3";2;"S-1"
-21.2510114398344;2.59963252411107;-316.317902203078;42.6795498437211;"T25";15.1758293271996;1;1;2;"S-3";2;"S-1"
-21.3581103548517;2.60221738171947;-316.875382820943;42.7477463505022;"T25";15.2020624605939;1;1;2;"S-3";2;"S-1"
-21.2305879731976;2.6065564009781;-317.715342780407;42.8500849174518;"T25";15.2413899078965;1;1;2;"S-3";2;"S-1"
-20.9556801421457;2.76471718494201;-320.980408150164;43.2509488525391;"T25";15.3951805317774;1;1;2;"S-3";2;"S-1"
-20.7884004447597;2.84373268584304;-322.515992802679;43.4535410494491;"T25";15.4684582608752;1;1;2;"S-3";2;"S-1"
-21.2008036427122;2.94967466191022;-328.659234315845;44.2939008806175;"T25";15.7639712095261;1;1;2;"S-3";2;"S-1"
-21.2761082356669;2.85962481663097;-330.264349015743;44.5172210075116;"T25";15.839681297075;1;1;2;"S-3";2;"S-1"
-21.4663212599701;2.4888937877475;-340.163097336128;45.8476666903882;"T25";16.3049331284128;1;1;2;"S-3";2;"S-1"
-21.3989692617397;2.51985210130694;-341.844323930318;46.0425950330418;"T25";16.3832523976453;1;1;2;"S-3";2;"S-1"
-21.8336970883359;2.30421637564198;-343.131218914179;46.1941343426963;"T25";16.4433905738406;1;1;2;"S-3";2;"S-1"
-21.8032129036675;2.17667254720965;-343.569073786222;46.2403432995319;"T25";16.4634446613491;1;1;2;"S-3";2;"S-1"
-21.4212322534102;2.14032279499069;-344.623569713985;46.3456164236007;"T25";16.5118089062162;1;1;2;"S-3";2;"S-1"
-21.2470324511385;2.12796746092679;-344.886914972069;46.3719288155379;"T25";16.5241025621071;1;1;2;"S-3";2;"S-1"
-20.9173922135064;1.7833668021375;-347.918538108096;46.6755568822853;"T25";16.6667871060781;1;1;2;"S-3";2;"S-1"
-20.9205135431671;1.7700435761754;-348.07979027062;46.6893048557651;"T25";16.6744961054064;1;1;2;"S-3";2;"S-1"
-20.7602868063762;1.95599988060581;-351.522246558043;46.980564323428;"T25";16.839045425877;1;1;2;"S-3";2;"S-1"
-21.0838452342239;2.04830545677574;-353.258902000433;47.1441891263824;"T25";16.9226981932297;1;1;2;"S-3";2;"S-1"
-20.5009272042112;2.40836246062937;-356.071083991042;47.4173939262099;"T25";17.056079080794;1;1;2;"S-3";2;"S-1"
-20.5747364077604;2.51048492499473;-358.408869059827;47.6920270559507;"T25";17.1701122191735;1;1;2;"S-3";2;"S-1"
-20.4670774017036;2.57580707781914;-359.629329082155;47.8409449534581;"T25";17.2294305986725;1;1;2;"S-3";2;"S-1"
-20.4681719174897;2.50714100522048;-362.474410316484;48.1990019557611;"T25";17.3684382927604;1;1;2;"S-3";2;"S-1"
-21.1289084457275;2.38167929162294;-365.405888270801;48.5580779208641;"T25";17.5116595812142;1;1;2;"S-3";2;"S-1"
-21.1664496256089;2.39634164259606;-365.882527606505;48.6118053549308;"T25";17.5342182163149;1;1;2;"S-3";2;"S-1"
-21.1568548887291;2.43545813214741;-365.972047585583;48.6219402834381;"T25";17.5384475500323;1;1;2;"S-3";2;"S-1"
-21.3891884089768;2.3226369487827;-366.638850721589;48.6986989098345;"T25";17.5699646701105;1;1;2;"S-3";2;"S-1"
-21.1005730534942;2.29107758192348;-367.071515216424;48.7456816434902;"T25";17.5901928567328;1;1;2;"S-3";2;"S-1"
-20.9049979420076;2.15196271884089;-368.250187709291;48.8736606380887;"T25";17.646052595228;1;1;2;"S-3";2;"S-1"
-21.1369584199;2.36266314192669;-370.227020495729;49.0771560160646;"T25";17.7406152826734;1;1;2;"S-3";2;"S-1"
-20.6412475908978;2.57460870310635;-371.395477993678;49.2077647540141;"T25";17.7958955871873;1;1;2;"S-3";2;"S-1"
-20.7680368526627;2.55114962470312;-373.134238563121;49.4246425408336;"T25";17.8801327710971;1;1;2;"S-3";2;"S-1"
-21.2543260425215;2.4307728385608;-374.676019312478;49.6140351833832;"T25";17.9543709265999;1;1;2;"S-3";2;"S-1"
-20.9117186779714;2.56589989896748;-376.704427631107;49.846016185113;"T25";18.0498060071841;1;1;2;"S-3";2;"S-1"
-20.5062090012105;2.66393233829203;-379.84221328252;50.2310272886921;"T25";18.1998551590368;1;1;2;"S-3";2;"S-1"
-20.5257740653087;2.83162334649811;-381.888520065478;50.4968600817191;"T25";18.299644778017;1;1;2;"S-3";2;"S-1"
-20.7555097189565;2.86309846383983;-382.422364388242;50.5705063200011;"T25";18.3256532647647;1;1;2;"S-3";2;"S-1"
-21.3886336465225;2.51016915049709;-386.901648672273;51.1883968043286;"T25";18.5414650826715;1;1;2;"S-3";2;"S-1"
-21.19610732681;2.40270469435724;-388.355475548635;51.359017865754;"T25";18.6094370204955;1;1;2;"S-3";2;"S-1"
-21.1453159442844;3.04686469341256;-395.137315247224;52.1277796873912;"T25";18.9293938688934;1;1;2;"S-3";2;"S-1"
-20.979489939513;3.04056803378298;-396.946771127185;52.3885072759252;"T25";19.0149662899785;1;1;2;"S-3";2;"S-1"
-20.974524782884;3.02179884381109;-397.398969769282;52.45404465267;"T25";19.0365206100978;1;1;2;"S-3";2;"S-1"
-21.6210875054313;2.76501854385862;-402.039861423968;53.1226577050061;"T25";19.2577838664874;1;1;2;"S-3";2;"S-1"
-21.692515321872;2.66970987064465;-404.112774180096;53.3877527058498;"T25";19.3536584498361;1;1;2;"S-3";2;"S-1"
-21.4767654818404;2.61994899811688;-405.171434061176;53.5180425635375;"T25";19.4024614524096;1;1;2;"S-3";2;"S-1"
-21.4080192245392;2.68603246337119;-405.265645523068;53.5295354126541;"T25";19.4068481214345;1;1;2;"S-3";2;"S-1"
-21.3696459152534;2.39135053861825;-408.219128313199;53.9001045237472;"T25";19.5448096375912;1;1;2;"S-3";2;"S-1"
-21.5207723117832;2.4220729013174;-409.582550215689;54.0526769956455;"T25";19.6086114388891;1;1;2;"S-3";2;"S-1"
-21.5362740522542;2.49782071075711;-410.99339063774;54.2114611835375;"T25";19.674168585334;1;1;2;"S-3";2;"S-1"
-21.0121038546008;2.75285273947053;-413.116939588702;54.4577546945296;"T25";19.7727719438262;1;1;2;"S-3";2;"S-1"
-21.1920162264422;2.94847016491137;-413.693963995333;54.5333522277193;"T25";19.8002334684134;1;1;2;"S-3";2;"S-1"
-21.7556095425516;2.99560974705672;-415.978971687851;54.8512680378996;"T25";19.9080574559048;1;1;2;"S-3";2;"S-1"
-21.4142236965028;3.23431253236697;-419.421236289917;55.3252460881918;"T25";20.0662816874683;1;1;2;"S-3";2;"S-1"
-21.4289554224617;3.29933471886381;-423.205566773704;55.8968151389219;"T25";20.243002101779;1;1;2;"S-3";2;"S-1"
-21.0345548194076;3.27777751425974;-426.164682826457;56.3524189766975;"T25";20.3810917097144;1;1;2;"S-3";2;"S-1"
-21.2009371048062;3.82599156485656;-431.480258150911;57.180735688101;"T25";20.6337985233404;1;1;2;"S-3";2;"S-1"
-21.5562840874695;3.105010672686;-435.494793028641;57.9052119932326;"T25";20.8231550059281;1;1;2;"S-3";2;"S-1"
-21.7161158104651;2.87792101720445;-436.017178042272;57.9804573850633;"T25";20.8473885431886;1;1;2;"S-3";2;"S-1"
-21.7538014844864;2.89110806884585;-436.504132403092;58.0449908495951;"T25";20.8698121830821;1;1;2;"S-3";2;"S-1"
-21.6496463443628;2.84159153021967;-437.227193244341;58.1410865611373;"T25";20.9030505502596;1;1;2;"S-3";2;"S-1"
-21.7852690242648;2.66076466903575;-439.15374542165;58.3939532483104;"T25";20.9920382476412;1;1;2;"S-3";2;"S-1"
-21.857495371188;2.58736581629103;-445.644524781229;59.1867107935691;"T25";21.2899817503057;1;1;2;"S-3";2;"S-1"
-22.0794084066122;2.13173251949229;-449.249457288407;59.6134421724718;"T25";21.4549106429331;1;1;2;"S-3";2;"S-1"
-21.5351949401481;2.09419052153945;-453.409457964616;60.015083763554;"T25";21.6433215187863;1;1;2;"S-3";2;"S-1"
-21.224656322459;2.34146910101336;-454.524779718528;60.1235432528691;"T25";21.6951121692546;1;1;2;"S-3";2;"S-1"
-21.4265065446414;2.79212549043359;-456.691120288274;60.3625303737567;"T25";21.7971793375909;1;1;2;"S-3";2;"S-1"
-21.4246896531466;2.7745294579481;-456.745729111829;60.3696465449314;"T25";21.7997279949486;1;1;2;"S-3";2;"S-1"
-21.4542606161703;3.12409690921712;-457.473783271526;60.4639306510615;"T25";21.8337100115605;1;1;2;"S-3";2;"S-1"
-21.6219473699239;3.01233619757978;-458.084647917369;60.552882695887;"T25";21.862182894256;1;1;2;"S-3";2;"S-1"
-21.670073484992;3.0023808863495;-458.198609033292;60.5687595819389;"T25";21.867453516461;1;1;2;"S-3";2;"S-1"
-21.7638781298385;2.89193452010229;-458.526696696328;60.6142160096353;"T25";21.8825936433859;1;1;2;"S-3";2;"S-1"
-21.9008492985964;2.87371003405784;-459.752078746725;60.7770419835135;"T25";21.9388971221633;1;1;2;"S-3";2;"S-1"
-21.4570610598694;2.88841926978722;-461.543742740043;61.0121343639532;"T25";22.0207050908357;1;1;2;"S-3";2;"S-1"
-21.4902374218158;2.85041598644991;-461.74435479936;61.0391395412356;"T25";22.0300545566715;1;1;2;"S-3";2;"S-1"
-21.5360167562536;2.8988477807402;-465.874402591031;61.5869396431662;"T25";22.2222370677628;1;1;2;"S-3";2;"S-1"
-21.0786392414797;3.12161944357226;-467.159087168305;61.7598641480982;"T25";22.2818899084814;1;1;2;"S-3";2;"S-1"
-21.2312297437048;3.16722029259226;-468.357645880472;61.9373634703884;"T25";22.3387512029149;1;1;2;"S-3";2;"S-1"
-21.3454006481427;3.01848850353731;-468.96668898123;62.0282189550245;"T25";22.3674373934045;1;1;2;"S-3";2;"S-1"
-21.3039256668998;2.46087245728204;-471.949784365037;62.4500634202283;"T25";22.5071909371763;1;1;2;"S-3";2;"S-1"
-20.9976283468106;2.73825305009391;-475.370105328956;62.8451536860683;"T25";22.6677397964522;1;1;2;"S-3";2;"S-1"
-21.01126340098;2.65532846164117;-476.272761378411;62.9628670125347;"T25";22.7107282727957;1;1;2;"S-3";2;"S-1"
-20.8466996139941;2.98801149806461;-479.066166521401;63.3158875824796;"T25";22.8436762583442;1;1;2;"S-3";2;"S-1"
-20.8983197502529;3.08342871747119;-479.237547354736;63.3404520416043;"T25";22.8518972638994;1;1;2;"S-3";2;"S-1"
-21.1538240586131;3.05874829108746;-479.648697556755;63.4011149252835;"T25";22.8715711040422;1;1;2;"S-3";2;"S-1"
-21.2386508538231;2.74979025505323;-484.055173381759;64.0382716096778;"T25";23.0798774515279;1;1;2;"S-3";2;"S-1"
-21.260138387791;2.77505226839377;-484.145783002314;64.0500029316592;"T25";23.0841437121853;1;1;2;"S-3";2;"S-1"
-21.058342025058;2.85654789994846;-486.250023573087;64.324666128232;"T25";23.1831195764244;1;1;2;"S-3";2;"S-1"
-21.4807434806213;2.85542027954137;-488.432416195827;64.6207060090514;"T25";23.2867551152594;1;1;2;"S-3";2;"S-1"
-21.6215762096378;3.34778501217189;-494.606419238077;65.4414119361388;"T25";23.5741754760966;1;1;2;"S-3";2;"S-1"
-21.4836965750566;3.36698639750168;-494.676536353782;65.4522685465347;"T25";23.577418399509;1;1;2;"S-3";2;"S-1"
-21.5366792131455;3.2403172956611;-494.99067190648;65.5015007691744;"T25";23.5920404433273;1;1;2;"S-3";2;"S-1"
-21.5142324432014;3.25325386084807;-495.105092465961;65.5187160006496;"T25";23.5973532660864;1;1;2;"S-3";2;"S-1"
-21.6268329886678;3.27940891113566;-495.373033608582;65.5592324615094;"T25";23.6098074004985;1;1;2;"S-3";2;"S-1"
-21.3089256950009;3.24700338080214;-495.973550629013;65.6502925288398;"T25";23.6375746200792;1;1;2;"S-3";2;"S-1"
-21.6417245388969;2.80746655488926;-499.253473974417;66.1500794417858;"T25";23.7914971308783;1;1;2;"S-3";2;"S-1"
-21.1582903285627;2.69562912203556;-501.504926330807;66.4421484577798;"T25";23.8955300766975;1;1;2;"S-3";2;"S-1"
-21.1191371548687;2.66449602478643;-501.655366368941;66.4613149661138;"T25";23.902640293818;1;1;2;"S-3";2;"S-1"
-21.0406436791076;2.73359053272921;-502.027811703845;66.5083045333023;"T25";23.9202757366002;1;1;2;"S-3";2;"S-1"
-21.60218029345;3.08699402386712;-506.069322212188;67.033375678084;"T25";24.1123568615876;1;1;2;"S-3";2;"S-1"
-21.5896497862171;2.95797825060913;-508.189674838903;67.3363782360778;"T25";24.2105114273727;1;1;2;"S-3";2;"S-1"
-21.6757463180515;2.53361762301142;-509.961945989833;67.5791954920566;"T25";24.2926003527828;1;1;2;"S-3";2;"S-1"
-21.7126962685541;2.47377861323694;-510.041705268822;67.5885183320585;"T25";24.2962800082751;1;1;2;"S-3";2;"S-1"
-21.6594763534898;1.98949215690497;-512.115793134006;67.824824046439;"T25";24.3918042047881;1;1;2;"S-3";2;"S-1"
-20.812248829861;2.35815237419617;-515.255096910587;68.1131791359028;"T25";24.5367432478815;1;1;2;"S-3";2;"S-1"
-20.8796595389218;2.79341587045056;-518.926390052783;68.5291586252129;"T25";24.7131438460201;1;1;2;"S-3";2;"S-1"
-21.0216096926655;2.66034889885528;-519.546654109138;68.6121415615803;"T25";24.7428504633717;1;1;2;"S-3";2;"S-1"
-20.8106110898107;2.76701235120596;-522.857212334835;69.0311028142669;"T25";24.9003340373747;1;1;2;"S-3";2;"S-1"
-21.0441773431299;2.56939990835614;-524.703449325209;69.2765814565602;"T25";24.989050172735;1;1;2;"S-3";2;"S-1"
-21.0630418079544;2.53080440847515;-525.333909505778;69.3535578241208;"T25";25.019009062089;1;1;2;"S-3";2;"S-1"
-21.2267209434286;2.50207318378428;-526.703509286469;69.5181204354674;"T25";25.0840328983031;1;1;2;"S-3";2;"S-1"
-21.3629568998328;2.47480205198883;-526.971953734897;69.5497629890929;"T25";25.0966794323176;1;1;2;"S-3";2;"S-1"
-21.3104403621186;2.4685458753913;-527.284196991022;69.5859349597898;"T25";25.1112955389544;1;1;2;"S-3";2;"S-1"
-21.2589162739632;2.38834207734586;-527.834955499134;69.6497333900631;"T25";25.1371400780044;1;1;2;"S-3";2;"S-1"
-21.0183559555211;2.50357716145979;-528.556571024497;69.7308035961206;"T25";25.1710842130706;1;1;2;"S-3";2;"S-1"
-21.0220369734012;2.74732154218605;-532.913934502223;70.2498259073851;"T25";25.3783965017647;1;1;2;"S-3";2;"S-1"
-20.9084030800325;2.68171929736891;-533.715811647167;70.3546213825942;"T25";25.4165410995483;1;1;2;"S-3";2;"S-1"
-20.8479192444038;2.60168176974482;-535.602226679964;70.5965736530251;"T25";25.5067639169283;1;1;2;"S-3";2;"S-1"
-20.7883679384985;2.72229108111301;-535.830008314379;70.6249992871996;"T25";25.5176897859201;1;1;2;"S-3";2;"S-1"
-21.4390607259394;3.02029260571247;-543.736926202555;71.6604308376588;"T25";25.8980427752249;1;1;2;"S-3";2;"S-1"
-21.545426411159;2.84088344631017;-544.386494256424;71.7519407043961;"T25";25.9283411200158;1;1;2;"S-3";2;"S-1"
-21.5940004030497;2.63284211424126;-547.475256812457;72.1592111035781;"T25";26.0717015946284;1;1;2;"S-3";2;"S-1"
-21.8492650295762;2.49108083355568;-549.305167205329;72.3823223871623;"T25";26.1564432061277;1;1;2;"S-3";2;"S-1"
-22.2567630258644;1.89902048893788;-556.572192450234;73.2108512772665;"T25";26.4890413614921;1;1;2;"S-3";2;"S-1"
-22.1927209053362;2.06282605977102;-557.441992335916;73.285065474644;"T25";26.5281216125004;1;1;2;"S-3";2;"S-1"
-21.7955159922469;2.04840981560298;-563.23104047553;73.8231607994401;"T25";26.7889750772156;1;1;2;"S-3";2;"S-1"
-21.6651864285538;2.00853283011427;-565.385947072478;74.0256855676753;"T25";26.8878443399444;1;1;2;"S-3";2;"S-1"
-21.7272802631276;1.78678086506571;-566.011848733511;74.0837115643014;"T25";26.9167340826243;1;1;2;"S-3";2;"S-1"
-21.9161773442715;2.1429322153348;-567.637018419732;74.2173602337463;"T25";26.9915326614864;1;1;2;"S-3";2;"S-1"
-21.8336189038999;2.23255287297845;-568.835486786621;74.3345447423458;"T25";27.0462168497033;1;1;2;"S-3";2;"S-1"
-21.7155343478026;2.1894790446301;-569.327729854225;74.3848780691122;"T25";27.0687620388344;1;1;2;"S-3";2;"S-1"
-22.2105385992527;1.95427759262456;-570.038910929753;74.4565832381799;"T25";27.10151191568;1;1;2;"S-3";2;"S-1"
-22.3236805011206;1.92192629046221;-570.116201089846;74.4633839029781;"T25";27.1049918024801;1;1;2;"S-3";2;"S-1"
-22.0755147416618;2.04323498586936;-570.503238183835;74.4967053244293;"T25";27.1223293151706;1;1;2;"S-3";2;"S-1"
-22.2988093218519;2.19420514040678;-572.521406874385;74.6835001930507;"T25";27.2137504536659;1;1;2;"S-3";2;"S-1"
-22.284672690622;2.19025689990239;-572.69343454233;74.7004277333445;"T25";27.2214651107788;1;1;2;"S-3";2;"S-1"
-21.5337238275404;2.38247681821908;-574.550447320418;74.8829448879323;"T25";27.3047965019941;1;1;2;"S-3";2;"S-1"
-21.5567863316892;2.42517156182816;-574.613107424307;74.8898775599651;"T25";27.3077063611709;1;1;2;"S-3";2;"S-1"
-21.7125710951485;2.47804019158968;-574.824127634556;74.9136176576306;"T25";27.3174953996204;1;1;2;"S-3";2;"S-1"
-21.7382239375996;2.25224771669536;-575.624957051358;75.0050157455284;"T25";27.354378614109;1;1;2;"S-3";2;"S-1"
-21.7066494393615;2.06419698913238;-582.246330030077;75.6910410719542;"T25";27.6589744724333;1;1;2;"S-3";2;"S-1"
-21.5812901985866;1.92409170475017;-584.389472402775;75.894843507948;"T25";27.7577065397054;1;1;2;"S-3";2;"S-1"
-21.6354293173509;1.91376658565986;-584.588286590649;75.9125688953626;"T25";27.7669188799337;1;1;2;"S-3";2;"S-1"
-21.4170301815499;1.87351835046794;-585.159510854748;75.9630966613484;"T25";27.7933211415075;1;1;2;"S-3";2;"S-1"
-21.4463215550262;1.79816164456232;-585.251414050582;75.9711361664713;"T25";27.7976122684777;1;1;2;"S-3";2;"S-1"
-21.6378617867935;1.77830178053047;-585.880305130057;76.0238653869494;"T25";27.8269362286665;1;1;2;"S-3";2;"S-1"
-21.479537145555;1.78255585447801;-586.151286524718;76.0461359191011;"T25";27.8394597116858;1;1;2;"S-3";2;"S-1"
-20.871414362096;2.15053919817246;-588.833446999161;76.2687245542271;"T25";27.9643302084878;1;1;2;"S-3";2;"S-1"
-21.220358768209;2.58320843777001;-592.278612636398;76.6237059473679;"T25";28.1293964362703;1;1;2;"S-3";2;"S-1"
-21.4364787045399;2.76466755337795;-595.730810365614;77.0439507886719;"T25";28.2920797239058;1;1;2;"S-3";2;"S-1"
-21.412778553967;2.46658154388239;-597.227295101869;77.2369527668174;"T25";28.3618899178691;1;1;2;"S-3";2;"S-1"
-21.5416300470051;2.31290186845508;-598.962087623882;77.436787048318;"T25";28.442906611599;1;1;2;"S-3";2;"S-1"
-21.3389410319178;2.4454554356743;-599.342582915649;77.4776404224287;"T25";28.4605698660016;1;1;2;"S-3";2;"S-1"
-21.2846723352399;2.66255240083013;-600.851457510776;77.6505583556516;"T25";28.5312797757797;1;1;2;"S-3";2;"S-1"
-21.4114663534938;2.59457097605169;-601.104263361563;77.6821824659201;"T25";28.5431571421213;1;1;2;"S-3";2;"S-1"
-5.6604825051196;-7.49487278713223;-609.950174193727;78.7541008073805;"T25";28.9562960970215;2;1;1;"S-4-NA";8;"S-2"
-4.17687677999968;-7.47423468402492;-610.282978108266;78.3134452625084;"T25";29.0150903631002;2;1;1;"S-4-NA";8;"S-2"
-4.1353529559467;-7.53729478151995;-610.300421977447;78.2822306543404;"T25";29.0192666579969;2;1;1;"S-4-NA";8;"S-2"
-3.27241760469586;-7.45663394780738;-610.469912706794;77.9733086340359;"T25";29.0602524532005;2;1;1;"S-4-NA";8;"S-2"
1.41786454211065;-5.74131971151453;-611.370601233956;75.9209713533655;"T25";29.3354888795875;2;1;1;"S-4-NA";8;"S-2"
1.80886805359542;-5.39099449775842;-611.326271369753;75.7414676591844;"T25";29.3667541118339;2;1;1;"S-4-NA";8;"S-2"
1.870879122585;-5.38526774233356;-611.313474910124;75.7033301934292;"T25";29.3738284031861;2;1;1;"S-4-NA";8;"S-2"
2.32873766752482;-5.09715457172395;-611.223439811153;75.4441669432155;"T25";29.4219528906979;2;1;1;"S-4-NA";8;"S-2"
2.87157559101772;-4.70378029549073;-611.0620843618;75.0909911957659;"T25";29.4912416953593;2;1;1;"S-4-NA";8;"S-2"
2.68179967204191;-4.69632173586484;-610.995608184432;74.9820999883732;"T25";29.5143914176151;2;1;1;"S-4-NA";8;"S-2"
2.66980807272717;-3.74935767842474;-610.556904939275;74.213850365814;"T25";29.6779768075794;2;1;1;"S-4-NA";8;"S-2"
2.38843963867308;-3.45203253120654;-610.406321862064;74.0023783043763;"T25";29.7343790181912;2;1;1;"S-4-NA";8;"S-2"
2.98259468426576;-2.96387627862966;-610.18939553255;73.6888527983383;"T25";29.8252024687827;2;1;1;"S-4-NA";8;"S-2"
3.18298186011148;-2.97355248246255;-610.144870436745;73.6446071366814;"T25";29.8401307780296;2;1;1;"S-4-NA";8;"S-2"
3.10045989458705;-3.13994392168929;-610.067762466068;73.5725726081477;"T25";29.8643558518961;2;1;1;"S-4-NA";8;"S-2"
3.46979405037724;-2.7267670373524;-609.844391867833;73.3463574090937;"T25";29.9364001955837;2;1;1;"S-4-NA";8;"S-2"
3.36212650770537;-2.18770240208292;-609.517894929855;73.0897770255466;"T25";30.030497116968;2;1;1;"S-4-NA";8;"S-2"
3.61240042416897;-1.89578492315641;-609.409878845962;73.0194920301266;"T25";30.0626244279556;2;1;1;"S-4-NA";8;"S-2"
3.51425911653546;-1.84994474276188;-609.104583435842;72.859273237176;"T25";30.1471375976689;2;1;1;"S-4-NA";8;"S-2"
3.48149148759188;-1.38598208080025;-608.903430212559;72.7533839627762;"T25";30.204376752954;2;1;8;"S-5-NA";8;"S-2"
3.54509165184427;-1.34132578354935;-608.879099549054;72.7436979234014;"T25";30.2113653277047;2;1;8;"S-5-NA";8;"S-2"
3.26111752614067;-1.28632120186969;-608.722656764833;72.6845060150579;"T25";30.2554947324097;2;1;8;"S-5-NA";8;"S-2"
3.07431407229972;-1.01639575366113;-608.42303982322;72.5663245569086;"T25";30.3473702748306;2;1;8;"S-5-NA";8;"S-2"
2.89594455842592;-1.1199987045844;-608.295618734678;72.5241980043589;"T25";30.3888172726147;2;1;8;"S-5-NA";8;"S-2"
2.94261242712551;-1.22041512714554;-608.259577907667;72.5102593122498;"T25";30.4012625478208;2;1;8;"S-5-NA";8;"S-2"
3.06781330469194;-1.20821799097941;-608.198014972374;72.4847267831235;"T25";30.4221837315708;2;1;8;"S-5-NA";8;"S-2"
3.07402830235836;-1.10408284532669;-607.271904475744;72.1199903234597;"T25";30.7240634108894;2;1;8;"S-5-NA";8;"S-2"
2.79131260818852;-1.22765527620836;-607.143897670211;72.0740147812157;"T25";30.7657047989778;2;1;8;"S-5-NA";8;"S-2"
2.7861261409151;-0.944288339081062;-606.585680810246;71.8285038085664;"T25";30.9656884404831;2;1;8;"S-5-NA";8;"S-2"
2.2026875696289;-1.35321832067415;-606.421108924196;71.7727262503806;"T25";31.0247567947954;2;1;8;"S-5-NA";8;"S-2"
1.71809669506581;-1.65326080493105;-606.290225104046;71.6923179411183;"T25";31.0841768514365;2;1;8;"S-5-NA";8;"S-2"
1.72750370033293;-1.68292902676473;-606.267857654892;71.6707945733719;"T25";31.0971955885179;2;1;8;"S-5-NA";8;"S-2"
1.80494428390286;-1.66374616462362;-606.257313306295;71.6605222999645;"T25";31.1032993951812;2;1;8;"S-5-NA";8;"S-2"
1.55162968068634;-1.83143907815588;-606.192694716265;71.6009587265708;"T25";31.1391002731398;2;1;8;"S-5-NA";8;"S-2"
1.81534322017756;-1.70427030108785;-606.120561450068;71.5158174817286;"T25";31.1855889856815;2;1;8;"S-5-NA";8;"S-2"
2.46093446318394;-1.6946078786052;-605.811845191526;71.2259902220412;"T25";31.3556484295987;2;1;8;"S-5-NA";8;"S-2"
2.50740154748156;-1.52267336759377;-605.461459143884;70.9847131926154;"T25";31.4980276976712;2;1;8;"S-5-NA";8;"S-2"
2.28788911996593;-1.90202757307616;-605.245430348313;70.8535250731941;"T25";31.5841841395013;2;1;8;"S-5-NA";8;"S-2"
2.28699224011477;-1.90746562700506;-605.236778652368;70.8463325199802;"T25";31.5879656584002;2;1;8;"S-5-NA";8;"S-2"
2.13843166868496;-1.8554211796497;-605.202325450966;70.8175968311306;"T25";31.6030305111781;2;1;8;"S-5-NA";8;"S-2"
2.041406580325;-2.11993448299237;-605.150643321374;70.7727545669333;"T25";31.6271987510845;2;1;8;"S-5-NA";8;"S-2"
2.13540300677695;-2.17365603081055;-605.129885908313;70.7511986671191;"T25";31.6373669425957;2;1;8;"S-5-NA";8;"S-2"
2.22402478764043;-2.3548637929718;-604.801986885416;70.4174257510206;"T25";31.7909206380136;2;1;8;"S-5-NA";8;"S-2"
2.17278528188146;-2.15904866484483;-604.758375161939;70.3712483571646;"T25";31.8105300073512;2;1;8;"S-5-NA";8;"S-2"
3.30871259789105;-1.830148486847;-604.384424736811;69.9996620928325;"T25";31.9826364866458;2;1;1;"S-6-NA";8;"S-2"
1.94049530213677;-1.27448898608454;-603.55532800013;69.5410637428112;"T25";32.2332163457759;2;1;8;"S-7";8;"S-2"
2.15919503953025;-1.63435191065908;-603.322279629812;69.3880009753478;"T25";32.3533137096092;2;1;8;"S-7";8;"S-2"
2.02083047722224;-1.73375239411487;-603.125313995726;69.2389124703684;"T25";32.4445354985073;2;1;8;"S-7";8;"S-2"
2.29166455884811;-1.51065939135138;-602.884204546564;69.0320548989683;"T25";32.5638475595042;2;1;8;"S-7";8;"S-2"
2.30229543966771;-1.29325833083203;-602.654666155011;68.880743780796;"T25";32.6640098588541;2;1;8;"S-7";8;"S-2"
2.24635035157144;-1.36285759241182;-602.64505722803;68.8753462003402;"T25";32.66818348784;2;1;8;"S-7";8;"S-2"
2.02022614935149;-1.31146061062612;-602.485505671343;68.7785464957619;"T25";32.7392105013132;2;1;8;"S-7";8;"S-2"
1.88237050611394;-1.28117487290442;-602.391135791402;68.7172848491826;"T25";32.7859230339527;2;1;8;"S-7";8;"S-2"
1.87087674203156;-1.6518176544181;-602.307479256346;68.6603467223262;"T25";32.8303651534952;2;1;8;"S-7";8;"S-2"
1.96426020446863;-1.95354293946635;-602.11805674922;68.4931035072142;"T25";32.9316131421365;2;1;8;"S-7";8;"S-2"
2.30825822142983;-2.01513340026;-601.965534281594;68.3414132224639;"T25";33.0092619522475;2;1;8;"S-7";8;"S-2"
2.24428517666664;-1.82560315483312;-601.861436094993;68.2505344244251;"T25";33.0543601070531;2;1;8;"S-7";8;"S-2"
2.26594827886718;-1.91433446534873;-601.592099365725;68.0314437367635;"T25";33.174370136112;2;1;8;"S-7";8;"S-2"
2.20366427875255;-1.93283953301929;-601.50607962102;67.9587719271178;"T25";33.2123320549726;2;1;8;"S-7";8;"S-2"
2.11423721586334;-1.93097532357256;-601.059898983088;67.567425756933;"T25";33.4148042020388;2;1;8;"S-7";8;"S-2"
2.05557362778271;-2.13302099872469;-601.001684728668;67.5142575088664;"T25";33.4423386026174;2;1;8;"S-7";8;"S-2"
2.25423388046208;-2.06423657249007;-600.815408041741;67.3209625183988;"T25";33.5329588968307;2;1;8;"S-7";8;"S-2"
2.35515585875773;-1.75545394302759;-600.466816958351;67.0017523115899;"T25";33.6875972803682;2;1;8;"S-7";8;"S-2"
2.78414686997375;-1.58856178611706;-600.309100428576;66.8841957163245;"T25";33.7545637739822;2;1;8;"S-7";8;"S-2"
3.07276233222745;-0.916919328033901;-600.070305315105;66.7479454358303;"T25";33.8403333560564;2;1;8;"S-7";8;"S-2"
3.07560616370379;-0.768274963047645;-599.669616667276;66.6283790242452;"T25";33.9707334991544;2;1;8;"S-7";8;"S-2"
2.88407333981559;-0.875680415812935;-599.017323360502;66.4654385860082;"T25";34.1828195960261;2;1;8;"S-7";8;"S-2"
2.37077197241201;-0.659317918712723;-598.648577708385;66.3534777209646;"T25";34.3106754473411;2;1;8;"S-7";8;"S-2"
2.4148710858555;-0.671350000618194;-598.626957952521;66.3474652100167;"T25";34.3197947368026;2;1;8;"S-7";8;"S-2"
2.54471450452695;-0.741981650063744;-598.423432557642;66.2908838153499;"T25";34.4040747615509;2;1;8;"S-7";8;"S-2"
2.63450402900802;-0.782611907708393;-598.391573555926;66.2815944453163;"T25";34.4165944377892;2;1;8;"S-7";8;"S-2"
2.35605632363777;-0.636798738473589;-598.185668231317;66.2204277296366;"T25";34.4947515870444;2;1;8;"S-7";8;"S-2"
2.52000976247896;-1.04125716249331;-597.736420164269;66.0990042307635;"T25";34.6854295697995;2;1;8;"S-7";8;"S-2"
2.71423400499896;-1.11730053540627;-597.638905018366;66.0587113931582;"T25";34.7241259063594;2;1;8;"S-7";8;"S-2"
2.98690051801063;-1.17099872542335;-597.195887277719;65.8763454077984;"T25";34.8873460781761;2;1;8;"S-7";8;"S-2"
3.00929385807341;-1.21838327520278;-596.740722316413;65.6979003654097;"T25";35.0397331290878;2;1;8;"S-7";8;"S-2"
2.91480123887074;-1.09403466878596;-596.595511466556;65.639108343365;"T25";35.087987256702;2;1;8;"S-7";8;"S-2"
2.42445495918494;-1.19293945191643;-596.288635801519;65.5239263501365;"T25";35.1932691060938;2;1;8;"S-7";8;"S-2"
2.42026890340322;-1.23872448394909;-596.134023377673;65.4478501749683;"T25";35.2570411399938;2;1;8;"S-7";8;"S-2"
2.47398978714754;-1.35141095870948;-595.967747214823;65.3627479147488;"T25";35.3257426642813;2;1;8;"S-7";8;"S-2"
2.43880049361287;-1.36431508558068;-595.954092847289;65.3552892493912;"T25";35.3312618331984;2;1;8;"S-7";8;"S-2"
2.68284688538565;-1.28391303918998;-595.609071268888;65.1622770921867;"T25";35.4727336671203;2;1;8;"S-7";8;"S-2"
2.75319163360119;-1.2153876858633;-595.537200408025;65.1278823095767;"T25";35.4995226953179;2;1;8;"S-7";8;"S-2"
2.76278244766885;-1.31424781624355;-595.298347965139;65.0224416587047;"T25";35.586277442053;2;1;8;"S-7";8;"S-2"
2.42335018125216;-1.40357304609744;-594.579104696558;64.680299664905;"T25";35.8466103789397;2;1;8;"S-7";8;"S-2"
2.55602839997921;-1.51558384657453;-594.102225499436;64.4040974088283;"T25";36.0433954745531;2;1;8;"S-7";8;"S-2"
2.57264792030824;-1.6868223506028;-594.04614592835;64.3708453166129;"T25";36.065335595049;2;1;8;"S-7";8;"S-2"
2.90671781945213;-1.42261646609045;-593.602109595933;64.079701548324;"T25";36.2379345460795;2;1;8;"S-7";8;"S-2"
2.85525345915149;-1.39325135561768;-593.236305340136;63.9006682915763;"T25";36.3637824193574;2;1;8;"S-7";8;"S-2"
2.30856388944574;-1.49029180017519;-592.321735065755;63.4543939790437;"T25";36.684093833901;2;1;8;"S-7";8;"S-2"
2.21447333410878;-1.49207927626595;-592.301069015332;63.4410530246829;"T25";36.6930457414128;2;1;8;"S-7";8;"S-2"
2.14233273872141;-1.52151797515137;-592.293608993376;63.4360265725736;"T25";36.6964144981466;2;1;8;"S-7";8;"S-2"
2.15912314437812;-1.42847040293089;-592.239259892422;63.3974269971953;"T25";36.7217836203054;2;1;8;"S-7";8;"S-2"
2.49770982746021;-1.27457639982967;-592.133640816444;63.3275496840774;"T25";36.7707011988387;2;1;8;"S-7";8;"S-2"
2.43284816521933;-1.22730181944923;-592.045764871122;63.2827067624581;"T25";36.8058838066645;2;1;8;"S-7";8;"S-2"
2.70499550319081;-1.74776302293777;-591.444542591197;62.9794074408672;"T25";37.0530107291415;2;1;8;"S-7";8;"S-2"
2.73053460069674;-1.72250467404931;-591.439842161241;62.9763703793787;"T25";37.0547484140843;2;1;8;"S-7";8;"S-2"
2.80121702575403;-1.30754736123516;-590.991604137556;62.6936081354259;"T25";37.21890602028;2;1;8;"S-7";8;"S-2"
3.49706699171743;-1.41404333375267;-590.154676295257;62.302948368017;"T25";37.5176789588295;2;1;8;"S-7";8;"S-2"
3.77675419158352;-1.08621878375118;-589.779047199993;62.15106228194;"T25";37.6250915694982;2;1;1;"S-8-NA";8;"S-2"
3.57303999731925;-1.03282103823782;-589.641898185553;62.1116173437467;"T25";37.6614055596292;2;1;8;"S-9-NA";8;"S-2"
3.68323104410879;-0.959535489661954;-589.485666050825;62.0664569661084;"T25";37.7051308285445;2;1;8;"S-9-NA";8;"S-2"
3.52335518913743;-0.851795058988915;-589.392621266255;62.0422174405793;"T25";37.7303925575688;2;1;8;"S-9-NA";8;"S-2"
3.46581909945112;-0.913991130817971;-589.232350165444;62.003470812879;"T25";37.7758807619102;2;1;8;"S-9-NA";8;"S-2"
2.94893909420806;-1.1141725068969;-589.022075503936;61.948018069923;"T25";37.8365517477505;2;1;8;"S-9-NA";8;"S-2"
2.72902581519998;-1.18776751409934;-588.935704745771;61.9153853430089;"T25";37.8658405039459;2;1;8;"S-9-NA";8;"S-2"
2.05377545241998;-1.78794676097136;-588.39340175914;61.6793561098917;"T25";38.0645571975037;2;1;8;"S-9-NA";8;"S-2"
2.18137914713486;-1.67729477820117;-588.324078874095;61.6190059739352;"T25";38.0983110750094;2;1;8;"S-9-NA";8;"S-2"
2.21207734431289;-1.88525439568697;-587.994539327818;61.3656181294114;"T25";38.249380432535;2;1;8;"S-9-NA";8;"S-2"
2.21641349114555;-1.91175492611098;-587.984355968961;61.3569393089821;"T25";38.2539839600213;2;1;8;"S-9-NA";8;"S-2"
2.35257865053748;-1.09925195108461;-587.647073993324;61.0660186477475;"T25";38.4061586228199;2;1;8;"S-9-NA";8;"S-2"
2.78319777499376;-1.35487103080049;-587.327828200652;60.9168497515706;"T25";38.5418589925393;2;1;8;"S-9-NA";8;"S-2"
2.77099423619205;-1.34271861583023;-587.113130365482;60.8123340467;"T25";38.6189996963367;2;1;8;"S-9-NA";8;"S-2"
2.56824260733331;-1.55983571964111;-586.987389528383;60.7514048103493;"T25";38.6643772129901;2;1;8;"S-9-NA";8;"S-2"
2.62918146619916;-1.39181281595297;-586.623785495511;60.5305679794911;"T25";38.8059541932307;2;1;8;"S-9-NA";8;"S-2"
2.34040558849483;-1.32809701973558;-586.227945285277;60.3210215922387;"T25";38.9565106364898;2;1;8;"S-9-NA";8;"S-2"
2.09880368300165;-1.45139875691432;-586.200911705651;60.3056809962709;"T25";38.9680614462122;2;1;8;"S-9-NA";8;"S-2"
2.2155516310725;-1.47356801146285;-585.73023167826;59.9801887112169;"T25";39.1923225484788;2;1;8;"S-9-NA";8;"S-2"
2.08941838163617;-1.71932720310724;-585.586689508729;59.8847185148329;"T25";39.2571110045537;2;1;8;"S-9-NA";8;"S-2"
2.18322847263463;-1.71404684126853;-585.573885435931;59.8741823814932;"T25";39.2632390605286;2;1;8;"S-9-NA";8;"S-2"
2.30510813081358;-1.59252452361252;-585.53528782299;59.8438794986885;"T25";39.2809182056226;2;1;8;"S-9-NA";8;"S-2"
2.55123592378355;-1.83332152745239;-585.208638096207;59.6182077856877;"T25";39.4226251053624;2;1;8;"S-9-NA";8;"S-2"
3.07688297058728;-1.42031524858661;-584.686292264099;59.2428493761217;"T25";39.6273673744872;2;1;8;"S-9-NA";8;"S-2"
3.54666857885403;-1.23388450386537;-584.488284060007;59.1514471114579;"T25";39.6917208796367;2;1;8;"S-9-NA";8;"S-2"
3.80536085327836;-1.01701519853846;-584.335286507678;59.0982193274825;"T25";39.7348592639901;2;1;1;"S-10-NA";8;"S-2"
3.73515546610964;-1.07608342627563;-584.268536514657;59.0803798215794;"T25";39.7524003055878;2;1;8;"S-11-NA";8;"S-2"
3.5697111525506;-1.22501863964105;-584.134159381865;59.0416663043563;"T25";39.7883766214363;2;1;8;"S-11-NA";8;"S-2"
3.69652918892269;-1.14801556996487;-584.046074779428;59.0114382900329;"T25";39.8130521760322;2;1;8;"S-11-NA";8;"S-2"
3.41034083419289;-1.00586099894135;-583.869658624642;58.9566494645869;"T25";39.8607769864611;2;1;8;"S-11-NA";8;"S-2"
3.61825878568764;-0.8354046528112;-583.738943870498;58.9180958772559;"T25";39.8991059279069;2;1;8;"S-11-NA";8;"S-2"
3.90264036011961;-0.282610563529407;-583.444581576387;58.8501317971062;"T25";39.9804606102407;2;1;1;"S-12-NA";8;"S-2"
2.5009430596481;-1.30189281694527;-582.245946246961;58.7633323550216;"T25";40.2875950676389;2;1;8;"S-13";8;"S-2"
2.70272611729994;-1.19576555527944;-582.163496281059;58.7204121382053;"T25";40.3205626178533;2;1;8;"S-13";8;"S-2"
2.76710621446044;-1.11828456384306;-581.875007710103;58.5927763063562;"T25";40.4273024643771;2;1;8;"S-13";8;"S-2"
2.64911729085073;-1.07169639264883;-581.839806339787;58.5785501993697;"T25";40.4400238301605;2;1;8;"S-13";8;"S-2"
2.12886965012861;-1.3751193712291;-581.149407532525;58.2992504062698;"T25";40.700638492126;2;1;8;"S-13";8;"S-2"
2.1785025183437;-1.3271348281645;-581.139499340851;58.2928503214625;"T25";40.7052926952019;2;1;8;"S-13";8;"S-2"
2.18540169613775;-1.40492998058857;-580.925337572736;58.1623838478489;"T25";40.8035995671526;2;1;8;"S-13";8;"S-2"
2.3710997781443;-1.42306063300846;-580.797158665768;58.0799814274626;"T25";40.8622518996708;2;1;8;"S-13";8;"S-2"
2.48264653287212;-1.46871696924946;-580.730504142005;58.0399774471773;"T25";40.8903631265275;2;1;8;"S-13";8;"S-2"
2.48076264180488;-1.5557434787989;-580.659874246744;57.9981932768043;"T25";40.9188125631772;2;1;8;"S-13";8;"S-2"
2.14735328562204;-1.79804152684461;-580.105942069197;57.6508096301812;"T25";41.1421036464162;2;1;8;"S-13";8;"S-2"
3.0132659328862;-1.68165836256707;-579.305249152981;56.9803661017475;"T25";41.5149779757485;2;1;8;"S-13";8;"S-2"
2.93951919485953;-1.92159545935539;-578.982401979993;56.8001899538801;"T25";41.6221199207939;2;1;8;"S-13";8;"S-2"
3.28042330306921;-1.75716434929035;-578.660952055235;56.5900546647812;"T25";41.7314745136537;2;1;8;"S-13";8;"S-2"
2.62451206227794;-1.84001298242553;-578.173774552169;56.3290972025649;"T25";41.879985074047;2;1;8;"S-13";8;"S-2"
2.57559372029512;-1.78173528668465;-578.13273985613;56.3003282841338;"T25";41.8956202454865;2;1;8;"S-13";8;"S-2"
2.83636651334251;-1.25289810426044;-577.638806091947;55.9586364986644;"T25";42.0873949653469;2;1;8;"S-13";8;"S-2"
2.65983924337297;-1.46254165122118;-577.578133240762;55.9318356956401;"T25";42.1087860129774;2;1;8;"S-13";8;"S-2"
3.1057703277343;-0.941878788920261;-577.434217316025;55.8527019529799;"T25";42.1628930140287;2;1;8;"S-13";8;"S-2"
2.98528301651946;-0.879014600465843;-577.36420776643;55.8314703412293;"T25";42.1854347805493;2;1;8;"S-13";8;"S-2"
3.10215792829628;-0.846032396431719;-577.270089138956;55.8037571739123;"T25";42.2169623197988;2;1;8;"S-13";8;"S-2"
2.53655705282998;-1.02291705072764;-576.551602837668;55.6078088368733;"T25";42.4485708703287;2;1;8;"S-13";8;"S-2"
2.53716663971632;-0.859676116199233;-576.150436552454;55.4460305583738;"T25";42.6067247288302;2;1;8;"S-13";8;"S-2"
2.56491773616251;-0.693506546848564;-576.021693504694;55.4024081484171;"T25";42.6574675715528;2;1;8;"S-13";8;"S-2"
2.34891122744112;-1.0898609084244;-575.579434928041;55.2828295693521;"T25";42.8298935992643;2;1;8;"S-13";8;"S-2"
2.36033219396764;-0.965236489335507;-575.386353419799;55.1932425362133;"T25";42.9120940272696;2;1;8;"S-13";8;"S-2"
2.15349487447689;-0.855931010386759;-575.296768568669;55.1566076221012;"T25";42.9500483674929;2;1;8;"S-13";8;"S-2"
2.38549062824449;-1.2399292026361;-574.68132061844;54.911990840272;"T25";43.2358386693522;2;1;8;"S-13";8;"S-2"
1.99815612802639;-1.65345650572304;-573.673341984688;54.3880641776293;"T25";43.6583842965774;2;1;8;"S-13";8;"S-2"
2.04427085975536;-2.02529615141924;-573.556212972204;54.2911409567734;"T25";43.7170028453693;2;1;8;"S-13";8;"S-2"
2.36405183586539;-2.05981904093321;-573.452241897298;54.1881349305122;"T25";43.7678625807166;2;1;8;"S-13";8;"S-2"
2.31283300242933;-1.90848726223574;-573.143538520578;53.9191589784107;"T25";43.8984449021518;2;1;8;"S-13";8;"S-2"
2.4732750193103;-1.8664605238513;-572.310196231482;53.231507452273;"T25";44.2587572499178;2;1;8;"S-13";8;"S-2"
2.41236389351928;-1.70927549134588;-572.003739891869;53.0002397381268;"T25";44.3826643517241;2;1;8;"S-13";8;"S-2"
2.24089135840362;-1.72149340910939;-571.875505626543;52.9093796123136;"T25";44.4358214503154;2;1;8;"S-13";8;"S-2"
2.77577583256075;-1.82479244158181;-571.646277964873;52.733282762606;"T25";44.5381145225838;2;1;8;"S-13";8;"S-2"
2.58061529124927;-1.66441610096404;-571.391678635476;52.5659094010887;"T25";44.6298363851383;2;1;8;"S-13";8;"S-2"
2.53537263134982;-1.49557585030719;-571.207817348517;52.4473246250483;"T25";44.7010834584944;2;1;8;"S-13";8;"S-2"
2.51207138197553;-1.5197063251502;-571.177242381242;52.4292889398337;"T25";44.7131428169087;2;1;8;"S-13";8;"S-2"
2.30086945091735;-1.61359459273318;-570.963294651141;52.2998588125614;"T25";44.7983106714673;2;1;8;"S-13";8;"S-2"
2.63918946974431;-1.64949266607742;-570.92094022378;52.2701557475135;"T25";44.8167186812498;2;1;8;"S-13";8;"S-2"
2.4013603562057;-2.02653855067428;-570.468509376481;51.9873865969535;"T25";44.9881466338411;2;1;8;"S-13";8;"S-2"
2.66098315496805;-1.74255947985196;-570.315013896703;51.857849809057;"T25";45.0520668528043;2;1;8;"S-13";8;"S-2"
2.27916030777334;-1.12277716468729;-569.662527649704;51.4305655953037;"T25";45.2972718048841;2;1;8;"S-13";8;"S-2"
2.31472742721806;-1.22068828130548;-569.460422459341;51.3310030099822;"T25";45.3859470901079;2;1;8;"S-13";8;"S-2"
2.30481273784523;-1.25083902508193;-569.434405856722;51.3172829660741;"T25";45.3971866867505;2;1;8;"S-13";8;"S-2"
2.478396184669;-1.45630837864221;-569.263682086634;51.2246299055331;"T25";45.471259416081;2;1;8;"S-13";8;"S-2"
2.29506891797879;-1.20096084840921;-568.525616574612;50.790941782628;"T25";45.7690590643324;2;1;8;"S-13";8;"S-2"
1.85485568564317;-1.55910777865225;-568.208036279274;50.6247587552079;"T25";45.9074341226369;2;1;8;"S-13";8;"S-2"
1.97827235159704;-1.79243588394717;-568.01132236951;50.459409941683;"T25";46.0134876077063;2;1;8;"S-13";8;"S-2"
1.89889291391053;-1.94813605469813;-567.944801637607;50.3991380853869;"T25";46.0471132770181;2;1;8;"S-13";8;"S-2"
1.93917047324361;-2.13571853019867;-567.81445731962;50.2654136064886;"T25";46.1157555459067;2;1;8;"S-13";8;"S-2"
2.20080686230197;-2.02988918403307;-567.660778221346;50.0961580910931;"T25";46.1950054625049;2;1;8;"S-13";8;"S-2"
2.25938115387174;-2.0227313426846;-567.566610205267;50.0093032922495;"T25";46.2377934134565;2;1;8;"S-13";8;"S-2"
2.33562752061072;-1.93805004848723;-567.487463796422;49.9384467563529;"T25";46.2728235404938;2;1;8;"S-13";8;"S-2"
2.6976287473656;-1.79055663597696;-567.372297966291;49.8428847967943;"T25";46.3221318437718;2;1;8;"S-13";8;"S-2"
2.47637348019237;-1.87405683145243;-567.243144505002;49.7571589209127;"T25";46.3700085063465;2;1;8;"S-13";8;"S-2"
1.90190884070566;-1.62926710211128;-566.686683810073;49.3360435378308;"T25";46.5947164106183;2;1;8;"S-13";8;"S-2"
1.83892615462234;-1.76706951373578;-566.499789288847;49.1759406514664;"T25";46.6929832240567;2;1;8;"S-13";8;"S-2"
1.80965493894019;-1.67285226461008;-566.487272507345;49.1639129672945;"T25";46.6997897950932;2;1;8;"S-13";8;"S-2"
1.89412312544934;-1.60285818245789;-566.477548350448;49.1549239177602;"T25";46.7051632818766;2;1;8;"S-13";8;"S-2"
2.07909634351874;-1.68193101340962;-566.02759489539;48.7741611429042;"T25";46.9427156611346;2;1;8;"S-13";8;"S-2"
2.17464027510168;-1.63851648975184;-565.862745600612;48.6408026565166;"T25";47.0220045768656;2;1;8;"S-13";8;"S-2"
2.01594429272653;-1.36158090914395;-565.274144931418;48.1973123407183;"T25";47.2926703398116;2;1;8;"S-13";8;"S-2"
2.30861288340377;-1.24344525632767;-565.132511703587;48.1016524061601;"T25";47.3629268584773;2;1;8;"S-13";8;"S-2"
2.04516702948178;-1.38492334882328;-565.071200525561;48.0686295056883;"T25";47.3894844413735;2;1;8;"S-13";8;"S-2"
2.1423861359572;-1.51442283065916;-564.936917169131;47.9776970033559;"T25";47.4551433115266;2;1;8;"S-13";8;"S-2"
2.19443391289084;-1.5398777455261;-564.745106531064;47.8421087428753;"T25";47.544674621895;2;1;8;"S-13";8;"S-2"
2.25863263149847;-1.39978360827189;-564.715227003794;47.821141686716;"T25";47.5582906743512;2;1;8;"S-13";8;"S-2"
2.32577056277184;-0.977780337476516;-564.394503960452;47.6223741436437;"T25";47.7002894389443;2;1;8;"S-13";8;"S-2"
2.65819079999789;-1.21460444601563;-563.855021666874;47.3955696653687;"T25";47.9322479572147;2;1;8;"S-13";8;"S-2"
2.74009641712712;-1.06047264189009;-563.530488355368;47.2472809860778;"T25";48.0543359997682;2;1;8;"S-13";8;"S-2"
2.46830549680077;-0.909696503629359;-562.949271934917;47.022338495349;"T25";48.2664513168857;2;1;8;"S-13";8;"S-2"
2.4444518491311;-0.937731133192902;-562.937465184103;47.017987105317;"T25";48.2712346594781;2;1;8;"S-13";8;"S-2"
2.32719959562962;-0.997882850554121;-562.79023797227;46.9615083735972;"T25";48.3314637909643;2;1;8;"S-13";8;"S-2"
2.52851188595352;-0.929438403966766;-562.545375860449;46.8565136397565;"T25";48.4366812859662;2;1;8;"S-13";8;"S-2"
1.87443254153355;-1.35780682648181;-562.120584159707;46.7003673615646;"T25";48.6046819598414;2;1;8;"S-13";8;"S-2"
1.99080579402685;-1.24991531704274;-561.95398773474;46.5796877648999;"T25";48.6935602850281;2;1;8;"S-13";8;"S-2"
2.32273499417523;-1.49206846083553;-561.484384150982;46.2848500092342;"T25";48.9294464699924;2;1;8;"S-13";8;"S-2"
2.18317018847926;-1.68404438216405;-561.264177786871;46.1433947973443;"T25";49.0242512430996;2;1;8;"S-13";8;"S-2"
2.67879838887561;-1.26583312774999;-560.82726583595;45.8063715454089;"T25";49.2243785411119;2;1;8;"S-13";8;"S-2"
2.69557987049136;-1.2611185416307;-560.810793470496;45.7985877323494;"T25";49.2305277031846;2;1;8;"S-13";8;"S-2"
2.46537231838196;-1.1062021456559;-560.424205430291;45.6177237368831;"T25";49.3739432422444;2;1;8;"S-13";8;"S-2"
2.46080749793098;-1.09040408777525;-560.3744427022;45.5953954109838;"T25";49.3941279128194;2;1;8;"S-13";8;"S-2"
1.66352383274532;-1.33517642678007;-559.915805997658;45.3921697064716;"T25";49.5805044192821;2;1;8;"S-13";8;"S-2"
1.45657055050986;-1.54308483388194;-559.790195435759;45.2913522382149;"T25";49.6560131432489;2;1;1;"S-14-NA";8;"S-2"
1.43048884419094;-1.80913227496271;-559.329989686993;44.8038121659964;"T25";49.9719647108577;2;1;8;"S-15-NA";8;"S-2"
1.44228438379703;-1.8848072019466;-559.289885518631;44.7530926195712;"T25";50;2;1;8;"S-15-NA";8;"S-2"
