"Vx";"Vy";"X";"Y";"Traj";"Time";"TrueMovMode";"TrueTrajClust";"firstEstMovMode";"firstSegment";"finalEstMovMode";"finalSegment"
0;0;0;0;"T26";0;1;1;1;"S-1-NA";2;"S-1"
-1.81053705664004;1.98818576050306;0;0;"T26";0.0493823434226215;1;1;1;"S-1-NA";2;"S-1"
-12.098666405;7.79375677779747;-0.513596365099834;0.563990102269768;"T26";0.333053071517497;1;1;1;"S-1-NA";2;"S-1"
-15.6017632388736;8.60121329546275;-2.30667068966561;1.71905833064937;"T26";0.481257366482168;1;1;1;"S-1-NA";2;"S-1"
-19.5446744753978;7.47660817306871;-5.86719961971537;3.68196908010353;"T26";0.709470605943352;1;1;4;"S-2-NA";2;"S-1"
-20.9817279940106;6.80556266160921;-7.77776093183325;4.41283407042661;"T26";0.807224155869335;1;1;4;"S-2-NA";2;"S-1"
-21.616827568806;5.95095828032202;-9.74122766888324;5.04969753166267;"T26";0.900803995318711;1;1;4;"S-2-NA";2;"S-1"
-21.9437471963102;5.17085456572089;-11.8671357904884;5.63494485804307;"T26";0.999149051494896;1;1;4;"S-2-NA";2;"S-1"
-22.4264075780804;4.16280098278967;-16.3100669807038;6.68188323299721;"T26";1.20161817176268;1;1;4;"S-2-NA";2;"S-1"
-22.2474835985509;4.00804262842232;-16.9924448399694;6.80854655226912;"T26";1.23204559786245;1;1;4;"S-2-NA";2;"S-1"
-22.1998859021626;4.01453155623849;-17.1948065391337;6.84500345369879;"T26";1.24114153441042;1;1;4;"S-2-NA";2;"S-1"
-22.2451425541459;3.54476004506749;-19.6252057532117;7.28450635845124;"T26";1.35061953915283;1;1;2;"S-3";2;"S-1"
-22.1510727040968;3.35358095038017;-20.3252390462951;7.39605655605052;"T26";1.38208857970312;1;1;2;"S-3";2;"S-1"
-22.3144635151969;3.05983105454684;-21.6136222913965;7.59111245990126;"T26";1.44025204936042;1;1;2;"S-3";2;"S-1"
-21.8536639072154;3.32052784477372;-25.4449165224501;8.116471855582;"T26";1.61194760585204;1;1;2;"S-3";2;"S-1"
-22.144688833822;2.79947824155086;-29.4086831075713;8.71874145082974;"T26";1.79332527332008;1;1;2;"S-3";2;"S-1"
-21.993610431602;2.05336235725256;-31.9619614546387;9.04152075158564;"T26";1.9086250802502;1;1;2;"S-3";2;"S-1"
-22.1513996262286;1.83756942612035;-33.4858245522812;9.18379130475545;"T26";1.97791170794517;1;1;2;"S-3";2;"S-1"
-22.0946225246192;1.912325858443;-34.2276173949016;9.24532673236338;"T26";2.01139911077917;1;1;2;"S-3";2;"S-1"
-22.2075928803869;1.72817545667264;-37.8429288481013;9.55823787490838;"T26";2.17502767918631;1;1;2;"S-3";2;"S-1"
-22.1199255090867;1.78771955985011;-37.9916939662047;9.56981464629913;"T26";2.18172651948407;1;1;2;"S-3";2;"S-1"
-22.028728686015;1.98531600205773;-39.5753299461792;9.69780318839073;"T26";2.25331970723346;1;1;2;"S-3";2;"S-1"
-21.8932190356575;2.14856993758795;-40.9785409003781;9.82426609967996;"T26";2.31701884185895;1;1;2;"S-3";2;"S-1"
-22.0319519617207;2.07903416181185;-41.604232200866;9.88567056999787;"T26";2.34559806995094;1;1;2;"S-3";2;"S-1"
-22.3206433074466;2.21732051205101;-44.7355824834021;10.1811588781288;"T26";2.48772575287148;1;1;2;"S-3";2;"S-1"
-22.429690170832;2.21107520696089;-48.9626531466228;10.6010737684995;"T26";2.67710518091917;1;1;2;"S-3";2;"S-1"
-21.6430964299842;2.51231916057319;-53.7794430710291;11.0759035453656;"T26";2.89185580331832;1;1;2;"S-3";2;"S-1"
-21.5948894988406;2.55540611353477;-53.8300552957068;11.0817785855767;"T26";2.89419429609552;1;1;2;"S-3";2;"S-1"
-21.5568994020456;2.64423414167073;-54.7075269461874;11.1856131720056;"T26";2.93482759734616;1;1;2;"S-3";2;"S-1"
-21.9288409662552;2.5184458521899;-57.0244229183925;11.4698106030992;"T26";3.04230576148257;1;1;2;"S-3";2;"S-1"
-22.3767356460277;2.60250507334689;-60.8586553262173;11.9101579392251;"T26";3.21715460158885;1;1;2;"S-3";2;"S-1"
-22.312307975585;2.61625455911888;-61.1431194647981;11.9432422717905;"T26";3.22986709652469;1;1;2;"S-3";2;"S-1"
-22.2814629829991;2.45521989200502;-62.1588803440999;12.0623464466861;"T26";3.27539178542793;1;1;2;"S-3";2;"S-1"
-21.6773905106671;2.35392408064553;-67.185492420837;12.6162345809443;"T26";3.50098792696372;1;1;2;"S-3";2;"S-1"
-21.746825148981;2.23758412423489;-67.7303026399331;12.6753949256123;"T26";3.52612057467923;1;1;2;"S-3";2;"S-1"
-21.5391394398186;2.32280608823291;-68.0676617579023;12.7101066318665;"T26";3.54163360316306;1;1;2;"S-3";2;"S-1"
-22.1892308346848;2.15973871496636;-87.7539025730541;14.8330939567602;"T26";4.4556088745594;1;1;2;"S-3";2;"S-1"
-22.0736075352712;2.10990102272168;-88.2076432509531;14.8772577818119;"T26";4.47605756344274;1;1;2;"S-3";2;"S-1"
-22.1117823048301;2.07248255114225;-88.2789140503327;14.8840701858225;"T26";4.47928634239361;1;1;2;"S-3";2;"S-1"
-22.4145158546405;1.83232950926622;-91.0642316305563;15.1451310991773;"T26";4.60525165544823;1;1;2;"S-3";2;"S-1"
-22.4545348514113;1.7491316765206;-91.5645723154629;15.1860326741918;"T26";4.62757382774726;1;1;2;"S-3";2;"S-1"
-21.7768158784594;1.98223374918603;-93.8160873708058;15.3614180174876;"T26";4.72784377634525;1;1;2;"S-3";2;"S-1"
-21.6067055667634;2.03514364472203;-94.1153172962028;15.3886554088583;"T26";4.74158453289419;1;1;2;"S-3";2;"S-1"
-21.4901770605515;2.10456702658366;-96.4822651473104;15.6115991085207;"T26";4.8511314438656;1;1;2;"S-3";2;"S-1"
-21.941660504157;1.98461385726834;-97.6733846678735;15.7282473269432;"T26";4.90655767498538;1;1;2;"S-3";2;"S-1"
-21.8434254685971;1.83282562637065;-98.2543105176811;15.7807918228966;"T26";4.93303360417485;1;1;2;"S-3";2;"S-1"
-21.8082056688366;1.88064427993;-99.6186810959036;15.895272647492;"T26";4.99549498781562;1;1;2;"S-3";2;"S-1"
-21.6967505018515;1.88205796435101;-99.8987112518808;15.9194212234475;"T26";5.00833557453007;1;1;2;"S-3";2;"S-1"
-21.315371085884;1.81450390766579;-104.167839831646;16.2897415367912;"T26";5.20509907510132;1;1;2;"S-3";2;"S-1"
-21.3274420511315;1.89064301209806;-104.900464888203;16.3521073770396;"T26";5.23946981411427;1;1;2;"S-3";2;"S-1"
-21.2347351895219;1.8941686867428;-105.460845088112;16.4017841693401;"T26";5.265744891949;1;1;2;"S-3";2;"S-1"
-21.1078221980618;2.0072721794321;-107.766366541868;16.6074399736316;"T26";5.37431801203638;1;1;2;"S-3";2;"S-1"
-21.3643950589389;2.00256478034114;-108.504595023377;16.6776426444279;"T26";5.4092921782285;1;1;2;"S-3";2;"S-1"
-21.6126916605715;2.25200436261323;-112.359377304612;17.0389658277424;"T26";5.58972238795832;1;1;2;"S-3";2;"S-1"
-21.8625871112712;2.14767048524138;-112.713238636635;17.0758375545958;"T26";5.60609523672611;1;1;2;"S-3";2;"S-1"
-21.8868451074717;2.13903082899124;-113.263857812208;17.1299276101765;"T26";5.63128069043159;1;1;2;"S-3";2;"S-1"
-22.0516884851943;2.72408580026456;-117.818673632632;17.5750758904528;"T26";5.83938815398142;1;1;2;"S-3";2;"S-1"
-21.9857658210354;2.69947473113366;-119.674285235258;17.8043030183851;"T26";5.92353643151;1;1;2;"S-3";2;"S-1"
-21.3758799794704;2.98632552021018;-120.257283846442;17.875885242629;"T26";5.95005352515727;1;1;2;"S-3";2;"S-1"
-21.5690514397847;2.72443787864102;-121.561577560034;18.058102096695;"T26";6.01107060210779;1;1;2;"S-3";2;"S-1"
-21.2358686457081;2.85780855484353;-123.118038528464;18.2547023612387;"T26";6.08323237393051;1;1;2;"S-3";2;"S-1"
-21.2552094647396;2.87684419997531;-123.493265834905;18.3051984263749;"T26";6.10090187983587;1;1;2;"S-3";2;"S-1"
-21.3046829522082;2.96527809893372;-125.147722324504;18.5291253448138;"T26";6.17873957380652;1;1;2;"S-3";2;"S-1"
-21.0701251057958;2.57457426462059;-129.034687406945;19.0701299894799;"T26";6.36118608526886;1;1;2;"S-3";2;"S-1"
-21.0854661763116;2.60233278108331;-129.475545970742;19.1239988254261;"T26";6.38210948091;1;1;2;"S-3";2;"S-1"
-21.364351798599;2.38995473442336;-137.171571934223;20.0738294092685;"T26";6.74710145685822;1;1;2;"S-3";2;"S-1"
-21.4354762157955;2.36222684645764;-140.906968019388;20.4916950034529;"T26";6.92194392904639;1;1;2;"S-3";2;"S-1"
-21.6940866148236;2.12539225185335;-143.627948199376;20.7915517626468;"T26";7.04888210166246;1;1;2;"S-3";2;"S-1"
-21.9780166968442;1.7349357318409;-144.848328659719;20.9111137069121;"T26";7.10513616213575;1;1;2;"S-3";2;"S-1"
-21.5529453387078;1.74964419864994;-146.916408743924;21.0743671107058;"T26";7.19923382857814;1;1;2;"S-3";2;"S-1"
-21.6929506902303;1.89877015289611;-148.080933284068;21.1689019213234;"T26";7.25326470565051;1;1;2;"S-3";2;"S-1"
-21.3765333165226;2.22731385650103;-152.91359936823;21.5919021046804;"T26";7.47604058124125;1;1;2;"S-3";2;"S-1"
-21.6460501036056;1.75201517494684;-159.47159793776;22.2752084606992;"T26";7.78282552491874;1;1;2;"S-3";2;"S-1"
-21.6865707025823;1.76679256351658;-160.709033423279;22.3753655673432;"T26";7.83999232808128;1;1;2;"S-3";2;"S-1"
-21.4971201892986;1.97084422785242;-161.577575075148;22.4461251610416;"T26";7.88004207424819;1;1;2;"S-3";2;"S-1"
-21.4463874862987;2.44052077675545;-162.869382400273;22.5645573504605;"T26";7.94013418490067;1;1;2;"S-3";2;"S-1"
-21.5149893889567;2.31257523404367;-164.08251416059;22.7026073259114;"T26";7.99669997068122;1;1;2;"S-3";2;"S-1"
-21.2842429792738;2.61560199632329;-165.672627751468;22.8735233902004;"T26";8.07060721563175;1;1;2;"S-3";2;"S-1"
-21.7834149184992;2.10893540788039;-168.415064369977;23.2105390266573;"T26";8.19945542607456;1;1;2;"S-3";2;"S-1"
-22.2726355064582;2.16213641650602;-169.858248152541;23.3502591481587;"T26";8.26570692006499;1;1;2;"S-3";2;"S-1"
-20.3257097416284;2.78296275143729;-186.644648401492;24.9798142706219;"T26";9.01938513852656;1;1;2;"S-3";2;"S-1"
-20.089523653593;3.1476253856129;-187.888014897426;25.1500539664827;"T26";9.08055724576116;1;1;2;"S-3";2;"S-1"
-20.8313316760903;3.41252137744883;-190.060851175536;25.490493826864;"T26";9.18871492613107;1;1;2;"S-3";2;"S-1"
-20.6728502035041;3.4622889563505;-190.700443889971;25.5952698366174;"T26";9.21941832639277;1;1;2;"S-3";2;"S-1"
-21.4056823031383;3.02277524135767;-195.841497191655;26.4562934446447;"T26";9.46810456225649;1;1;2;"S-3";2;"S-1"
-21.4281287636734;3.08019010970317;-196.464599668278;26.5442840404357;"T26";9.49721377110109;1;1;2;"S-3";2;"S-1"
-21.4335080656849;3.02329228080263;-196.529940991283;26.5536765403173;"T26";9.50026309583336;1;1;2;"S-3";2;"S-1"
-21.3223060121971;2.93763538618844;-197.627139356806;26.7084412824598;"T26";9.5514538930729;1;1;2;"S-3";2;"S-1"
-21.2943512310195;2.70753442700021;-198.355281049049;26.8087594563041;"T26";9.58560318686068;1;1;2;"S-3";2;"S-1"
-21.8282134830358;2.21047098879682;-202.352109495747;27.316948247822;"T26";9.77329749148339;1;1;2;"S-3";2;"S-1"
-21.8729762177506;2.71364104937577;-205.06615010602;27.5917901645041;"T26";9.89763385150582;1;1;2;"S-3";2;"S-1"
-21.8209768545608;2.75158947106236;-205.147807462433;27.6019208733816;"T26";9.90136710461229;1;1;2;"S-3";2;"S-1"
-21.6583383115515;2.91894043746649;-206.593979963669;27.7842808591083;"T26";9.96764152077958;1;1;2;"S-3";2;"S-1"
-21.7388664376329;2.7105344369595;-207.268711424577;27.8752158568604;"T26";9.99879494775087;1;1;2;"S-3";2;"S-1"
-21.7781674730257;2.30012209357536;-210.092151336148;28.2272595631389;"T26";10.1286747609265;1;1;2;"S-3";2;"S-1"
-21.3021841839544;2.55154866916406;-215.60169671729;28.8091554950357;"T26";10.3816595626995;1;1;2;"S-3";2;"S-1"
-21.2766062317358;2.53989995391679;-215.656708104917;28.8157446894431;"T26";10.3842419921421;1;1;2;"S-3";2;"S-1"
-21.2994086424959;2.84794360321941;-220.313427551656;29.3716416863304;"T26";10.6031076982617;1;1;2;"S-3";2;"S-1"
-21.5578731165477;2.63016153347481;-221.091950669317;29.4757380004635;"T26";10.6396590941586;1;1;2;"S-3";2;"S-1"
-21.2261729311001;2.62198159092951;-222.137889919132;29.6033474898757;"T26";10.6881768326275;1;1;2;"S-3";2;"S-1"
-21.2569513053458;2.63368816936795;-222.549117903961;29.6541447866563;"T26";10.7075504609384;1;1;2;"S-3";2;"S-1"
-21.497880409953;3.02161391039489;-224.12581391425;29.8494938547959;"T26";10.7817236566916;1;1;2;"S-3";2;"S-1"
-21.4153813761318;2.9085982729212;-224.412699181264;29.8898167376553;"T26";10.7950684730895;1;1;2;"S-3";2;"S-1"
-21.3906028960602;2.8477887290537;-224.668586017652;29.9245708238567;"T26";10.8070172136649;1;1;2;"S-3";2;"S-1"
-21.5107698087556;2.58624974888712;-225.404058815523;30.0224863035877;"T26";10.8414001995698;1;1;2;"S-3";2;"S-1"
-21.2853023773905;2.49745516970728;-226.044846489052;30.0995285003332;"T26";10.8711893553846;1;1;2;"S-3";2;"S-1"
-20.825832002202;3.06208307793622;-233.85353211792;31.0157401635113;"T26";11.2380474573001;1;1;2;"S-3";2;"S-1"
-21.0184397040834;2.99390878206349;-234.212193254626;31.068475160956;"T26";11.2552693928592;1;1;2;"S-3";2;"S-1"
-21.0216504871122;3.02190261289351;-234.322166043065;31.0841399059005;"T26";11.260501598008;1;1;2;"S-3";2;"S-1"
-21.060558306133;3.05262054656731;-234.577153263387;31.120794808322;"T26";11.2726313411258;1;1;2;"S-3";2;"S-1"
-21.2107249034633;2.76515843159952;-236.503376155002;31.3999909953719;"T26";11.3640924915671;1;1;2;"S-3";2;"S-1"
-21.7960678326712;2.2698446023081;-239.73426059757;31.8211886394199;"T26";11.5164156421088;1;1;2;"S-3";2;"S-1"
-21.7143853308827;2.37740934117107;-241.449705901686;31.999835278529;"T26";11.5951199899428;1;1;2;"S-3";2;"S-1"
-21.7940026266371;2.35957043762206;-243.282226915;32.2004696740488;"T26";11.6795120178722;1;1;2;"S-3";2;"S-1"
-21.7298453964019;2.34085600824597;-250.617305274276;32.994616318458;"T26";12.0160760940053;1;1;2;"S-3";2;"S-1"
-21.3221685253681;2.47362935214572;-252.497894786738;33.1972035517763;"T26";12.102620175574;1;1;2;"S-3";2;"S-1"
-21.4645084514548;2.29335850625719;-252.676816447343;33.217960627722;"T26";12.1110115200281;1;1;2;"S-3";2;"S-1"
-22.1543156706157;2.01798269910582;-257.041695208591;33.6843226624515;"T26";12.3143648263067;1;1;2;"S-3";2;"S-1"
-22.3272894158852;1.73219701282182;-259.211253171096;33.8819424173622;"T26";12.4122941866517;1;1;2;"S-3";2;"S-1"
-22.1450709582577;1.7249885344298;-259.531335626612;33.9067750722795;"T26";12.4266301165335;1;1;2;"S-3";2;"S-1"
-21.6389050405998;2.00937526213341;-267.472902381243;34.5253827806481;"T26";12.7852456644177;1;1;2;"S-3";2;"S-1"
-21.5195733174937;2.0111387809012;-268.007283618624;34.5750050899528;"T26";12.8099410561845;1;1;2;"S-3";2;"S-1"
-21.0490518977013;2.0427197338304;-271.817572291719;34.9311004085649;"T26";12.9870025906712;1;1;2;"S-3";2;"S-1"
-20.8683430414583;2.02522327244844;-272.714682608388;35.0181610969128;"T26";13.0296225775965;1;1;2;"S-3";2;"S-1"
-20.5227044602074;2.37841079030039;-275.489317812938;35.2874328727143;"T26";13.1625816342421;1;1;2;"S-3";2;"S-1"
-20.6584446259274;2.46052470986769;-277.444090910856;35.5139748198388;"T26";13.2578309276141;1;1;2;"S-3";2;"S-1"
-20.6866750031097;2.5597242749658;-278.940180850193;35.6921666600562;"T26";13.3302511880174;1;1;2;"S-3";2;"S-1"
-20.6620456568595;3.35369633990138;-291.976407639332;37.3052410744367;"T26";13.960426254198;1;1;2;"S-3";2;"S-1"
-21.670770130878;3.00819620003101;-301.29606952161;38.8179333055342;"T26";14.4114784896374;1;1;2;"S-3";2;"S-1"
-21.7253967338092;2.87126159940274;-303.507917427317;39.1249677313902;"T26";14.5135444472544;1;1;2;"S-3";2;"S-1"
-22.1985924671429;1.9447367298793;-309.439170663042;39.9088512139675;"T26";14.7865545703098;1;1;2;"S-3";2;"S-1"
-22.0661542450318;2.01496548891801;-310.638232759769;40.0138966173805;"T26";14.8405698011629;1;1;2;"S-3";2;"S-1"
-22.1898890381771;1.95447743048304;-310.971601714276;40.0443381220917;"T26";14.8556775064208;1;1;2;"S-3";2;"S-1"
-22.1765489267641;1.93027453212497;-311.010063362076;40.0477258101705;"T26";14.8574108025059;1;1;2;"S-3";2;"S-1"
-22.2893222173222;1.34616726310343;-315.618844601493;40.4488798887406;"T26";15.0652330950834;1;1;2;"S-3";2;"S-1"
-21.2968898161059;1.64525103965536;-321.964792697519;40.8321444625546;"T26";15.3499410836957;1;1;2;"S-3";2;"S-1"
-21.1817666220994;1.88095597769441;-324.330979716217;41.0149397761495;"T26";15.4610458994284;1;1;2;"S-3";2;"S-1"
-20.8100866210104;2.04739702389086;-328.861139157971;41.4172211643783;"T26";15.6749166082591;1;1;2;"S-3";2;"S-1"
-20.9295149661014;2.08834600926931;-332.532382783204;41.7784158777483;"T26";15.8513331552967;1;1;2;"S-3";2;"S-1"
-20.4897901671661;2.27497356560778;-333.261712980327;41.8511884101776;"T26";15.8861801261082;1;1;2;"S-3";2;"S-1"
-20.4628863899765;2.56407980543639;-335.042434808793;42.0489012737263;"T26";15.9730878891423;1;1;2;"S-3";2;"S-1"
-20.4648594232397;3.20415607002322;-339.129670450461;42.5610479068617;"T26";16.1728268489242;1;1;2;"S-3";2;"S-1"
-21.0578655672371;2.91519347921172;-343.046647210218;43.1743237960996;"T26";16.3642269792035;1;1;2;"S-3";2;"S-1"
-21.7531768330888;2.90379509539706;-351.206985751473;44.3040188085248;"T26";16.7517467169091;1;1;2;"S-3";2;"S-1"
-21.2817360767743;2.70917816918325;-353.038754950386;44.5485386070129;"T26";16.835953691043;1;1;2;"S-3";2;"S-1"
-21.2472666423237;2.806461867729;-354.239776449593;44.7014293869113;"T26";16.8923880672082;1;1;2;"S-3";2;"S-1"
-21.1057873292774;3.27759511932181;-361.361334669028;45.6420859860922;"T26";17.227563331835;1;1;2;"S-3";2;"S-1"
-21.1844958796332;3.18459356998975;-362.268057007753;45.7828942234548;"T26";17.270524171181;1;1;2;"S-3";2;"S-1"
-21.2581904050742;3.16450212913355;-366.479109623432;46.4159275115242;"T26";17.4693041015416;1;1;2;"S-3";2;"S-1"
-21.0642068719814;3.2025357712336;-366.905702389167;46.4794302692716;"T26";17.4893713206984;1;1;2;"S-3";2;"S-1"
-21.1206246229123;3.09663411338173;-369.144771308789;46.8198512665078;"T26";17.5956686493009;1;1;2;"S-3";2;"S-1"
-21.3756327254498;3.07862132881583;-369.854494119392;46.9239084099681;"T26";17.6292719552293;1;1;2;"S-3";2;"S-1"
-21.2605163697658;3.44299509258752;-371.439171672157;47.152141285032;"T26";17.7034067222849;1;1;2;"S-3";2;"S-1"
-21.6387143249189;2.75473016995531;-376.279482626448;47.935996510953;"T26";17.9310733918101;1;1;2;"S-3";2;"S-1"
-21.6415385604534;2.95918375958925;-377.541744695678;48.0966895795099;"T26";17.9894068976864;1;1;2;"S-3";2;"S-1"
-21.6548166508956;3.00773064239921;-378.58105260527;48.2388006904499;"T26";18.0374306510203;1;1;2;"S-3";2;"S-1"
-21.6027523982837;3.18413957705691;-379.115807122671;48.3130750458545;"T26";18.0621251347475;1;1;2;"S-3";2;"S-1"
-21.6123450919651;3.19652624514699;-379.242926582424;48.3318118297305;"T26";18.0680095450953;1;1;2;"S-3";2;"S-1"
-21.3981878401964;2.90707985163057;-382.133528546289;48.7593399393572;"T26";18.2017572689801;1;1;2;"S-3";2;"S-1"
-21.7418903607231;2.75739295937504;-383.851337079554;48.9927151491323;"T26";18.2820354937576;1;1;2;"S-3";2;"S-1"
-21.6160815504663;2.64730764205788;-385.891497201313;49.2514563653928;"T26";18.3758709463291;1;1;2;"S-3";2;"S-1"
-21.7233715247718;2.64391353264303;-385.955502428027;49.2592950444529;"T26";18.3788319467567;1;1;2;"S-3";2;"S-1"
-21.8964768538156;2.58106753832127;-386.772047442525;49.3586753092236;"T26";18.4164202655666;1;1;2;"S-3";2;"S-1"
-21.9051806181145;2.60646924477813;-387.134010941676;49.4013420927411;"T26";18.4329509385861;1;1;2;"S-3";2;"S-1"
-21.9489341905131;2.49208711103739;-387.376724486123;49.430222264967;"T26";18.4440311277285;1;1;2;"S-3";2;"S-1"
-22.0789914158746;2.28299769298574;-388.693394349074;49.5797172685271;"T26";18.5040190001018;1;1;2;"S-3";2;"S-1"
-21.7850052086453;2.13715658954436;-390.729946208832;49.7902994962158;"T26";18.596258352045;1;1;2;"S-3";2;"S-1"
-21.9301631558624;2.10438529043807;-391.684820944637;49.8839747932501;"T26";18.6400900944136;1;1;2;"S-3";2;"S-1"
-21.513695962095;1.94191877298941;-394.298301022989;50.1347603890821;"T26";18.7592629459687;1;1;2;"S-3";2;"S-1"
-21.0284116841791;2.0971124253207;-401.155772698746;50.7537452908795;"T26";19.0780120668933;1;1;2;"S-3";2;"S-1"
-20.8588681239615;2.22160566307489;-402.012700463956;50.8392046156737;"T26";19.1187630174682;1;1;2;"S-3";2;"S-1"
-20.7781100182377;3.16596378870984;-408.581704637351;51.5388464555687;"T26";19.4336892222054;1;1;2;"S-3";2;"S-1"
-20.9023675172718;3.15376746853304;-414.059554719112;52.3735073069943;"T26";19.6973248501308;1;1;2;"S-3";2;"S-1"
-20.7467741098163;3.26471705375168;-416.365765284507;52.7214703714999;"T26";19.807657354977;1;1;2;"S-3";2;"S-1"
-20.899317187827;3.23132103065203;-417.313687539507;52.8706356313686;"T26";19.853347458411;1;1;2;"S-3";2;"S-1"
-20.9627246185213;3.47143037793294;-420.753591469845;53.4024919505789;"T26";20.0179415405728;1;1;2;"S-3";2;"S-1"
-20.9094889793706;3.14268869002959;-423.633805618794;53.879455850719;"T26";20.1553384773433;1;1;2;"S-3";2;"S-1"
-21.114271564873;3.17776382905589;-426.71602943223;54.3427129837929;"T26";20.3027463750914;1;1;2;"S-3";2;"S-1"
-21.1462496769369;3.13511798914941;-427.246965721242;54.4226205538728;"T26";20.3278922243044;1;1;2;"S-3";2;"S-1"
-21.6834888967559;2.96009090704972;-429.82563732495;54.8049313586917;"T26";20.4498368548229;1;1;2;"S-3";2;"S-1"
-21.1868161618859;3.24085051909054;-436.694725591367;55.7426552560755;"T26";20.766625739634;1;1;2;"S-3";2;"S-1"
-20.7992403886274;3.07346360195451;-440.93486898337;56.391250628216;"T26";20.9667569608428;1;1;2;"S-3";2;"S-1"
-21.0485035508479;3.08302387733306;-445.824285589741;57.1137502817462;"T26";21.2018336518668;1;1;2;"S-3";2;"S-1"
-20.8465034686162;3.2263230907472;-446.687915206904;57.2402481453332;"T26";21.2428641039878;1;1;2;"S-3";2;"S-1"
-21.1813631443504;3.21062163748211;-449.066457722349;57.6083648729877;"T26";21.3569620158523;1;1;2;"S-3";2;"S-1"
-21.3920477998782;3.0773533319605;-449.868343139805;57.7299127948339;"T26";21.3948200806044;1;1;2;"S-3";2;"S-1"
-20.9961483298312;3.09570294822532;-457.211688892232;58.7862898995587;"T26";21.7380946385674;1;1;2;"S-3";2;"S-1"
-21.1131664987547;3.06522523563862;-459.190063466348;59.07798435254;"T26";21.832320233807;1;1;2;"S-3";2;"S-1"
-20.9725874728911;3.33398122004734;-459.998803199592;59.1953977892952;"T26";21.8706252286211;1;1;2;"S-3";2;"S-1"
-21.2156429077357;3.15088588908974;-462.105698035;59.53032774598;"T26";21.9710846897215;1;1;2;"S-3";2;"S-1"
-21.3745504026945;3.05495627653237;-466.604538760422;60.1984825514054;"T26";22.1831376897171;1;1;2;"S-3";2;"S-1"
-21.1727035994591;3.00962710627714;-467.390177913295;60.3107699780854;"T26";22.2198935109191;1;1;2;"S-3";2;"S-1"
-21.2536220222477;3.0713404068037;-468.920874735306;60.5283532746812;"T26";22.2921892767772;1;1;2;"S-3";2;"S-1"
-21.2535955850444;3.11766719927225;-469.141114905566;60.5601799691342;"T26";22.302551753819;1;1;2;"S-3";2;"S-1"
-21.4987172016413;3.04954190412822;-470.525232331561;60.7632146736245;"T26";22.3676756722853;1;1;2;"S-3";2;"S-1"
-21.5240573774861;2.98424865206476;-470.722322258563;60.7911714110259;"T26";22.3768431926146;1;1;2;"S-3";2;"S-1"
-21.6797240429612;2.90806178756437;-476.031313782208;61.5272478170865;"T26";22.6234970381483;1;1;2;"S-3";2;"S-1"
-21.719866644764;2.7967373649896;-476.144460088762;61.5424249683197;"T26";22.6287160301581;1;1;2;"S-3";2;"S-1"
-21.6692739014875;2.89564377857485;-477.542544921182;61.7224479930557;"T26";22.6930849719793;1;1;2;"S-3";2;"S-1"
-21.7047560193194;2.7447256371852;-478.061542109645;61.7918010773677;"T26";22.7170358062722;1;1;2;"S-3";2;"S-1"
-21.7830032495206;2.74454979632976;-478.3911084722;61.8334771618008;"T26";22.7322198683396;1;1;2;"S-3";2;"S-1"
-21.6728303746758;2.7451878950114;-485.246269257147;62.6971932399108;"T26";23.0469221482053;1;1;2;"S-3";2;"S-1"
-21.5030236482371;2.74185970607667;-488.082206440643;63.0564070708944;"T26";23.1777743319981;1;1;2;"S-3";2;"S-1"
-21.4797846144628;2.73489628676602;-488.172922855959;63.0679743596583;"T26";23.1819931068458;1;1;2;"S-3";2;"S-1"
-21.2167595627458;2.75562309072032;-493.864775294675;63.792684889995;"T26";23.446979583241;1;1;2;"S-3";2;"S-1"
-21.3348346063508;2.52547017736;-494.81055894929;63.9155228412746;"T26";23.4915567794815;1;1;2;"S-3";2;"S-1"
-21.4340917036843;2.40404177028048;-495.567643862668;64.0051413176183;"T26";23.5270426375791;1;1;2;"S-3";2;"S-1"
-21.3025495415153;2.28893784512736;-496.445933043614;64.1036499881311;"T26";23.5680189100094;1;1;2;"S-3";2;"S-1"
-21.3077490842155;2.46654477065021;-498.628715775032;64.3381878302751;"T26";23.6704847076908;1;1;2;"S-3";2;"S-1"
-20.9240062421913;2.75976352957299;-504.396535689358;65.0058597646266;"T26";23.9411758957431;1;1;2;"S-3";2;"S-1"
-21.0615051923162;2.76334902358119;-505.320800415416;65.1277652951985;"T26";23.9853483508341;1;1;2;"S-3";2;"S-1"
-21.2028766116764;3.02046526964775;-506.954330201664;65.3420905724568;"T26";24.062908324413;1;1;2;"S-3";2;"S-1"
-20.8378162314176;3.09032453439378;-507.809753319777;65.463950255293;"T26";24.1032529971562;1;1;2;"S-3";2;"S-1"
-21.0086349153975;3.0005793867246;-508.095255165904;65.5062912256664;"T26";24.1169541375712;1;1;2;"S-3";2;"S-1"
-20.9434044954554;2.75576407848868;-509.09163945214;65.6486008122995;"T26";24.1643815068528;1;1;2;"S-3";2;"S-1"
-21.1650602425004;2.87368119660962;-509.88851889889;65.7534553861926;"T26";24.2024306906387;1;1;2;"S-3";2;"S-1"
-21.3293204482518;2.29259441891839;-513.334281744966;66.2213030457451;"T26";24.3652349920012;1;1;2;"S-3";2;"S-1"
-20.7706862663444;2.83887989528671;-516.452708007973;66.5564889070914;"T26";24.5114387245849;1;1;2;"S-3";2;"S-1"
-21.4889973700729;2.06451759492683;-525.682025261401;67.8179264379464;"T26";24.9557821196504;1;1;2;"S-3";2;"S-1"
-21.4849658537131;2.21306834640177;-526.547555131118;67.9010806965743;"T26";24.9960599350743;1;1;2;"S-3";2;"S-1"
-21.2930517297837;2.59295913666463;-527.330840171297;67.9817633162458;"T26";25.0325172906741;1;1;2;"S-3";2;"S-1"
-21.2918419546218;2.59085246347216;-528.618269773964;68.1385399208119;"T26";25.0929797184654;1;1;2;"S-3";2;"S-1"
-21.4859593104723;3.21049962004217;-535.951988263961;69.0309278436941;"T26";25.437417672947;1;1;2;"S-3";2;"S-1"
-21.6475856549915;3.19352043732208;-539.122431786073;69.5046654867765;"T26";25.5849765264429;1;1;2;"S-3";2;"S-1"
-22.0334801294641;2.77973973802164;-542.366181121766;69.9831936682643;"T26";25.734819995705;1;1;2;"S-3";2;"S-1"
-22.1411993810362;2.33426559995029;-545.028748424183;70.3191026618594;"T26";25.8556618820876;1;1;2;"S-3";2;"S-1"
-22.1220750009427;2.30948934337599;-545.083390948977;70.3248634232222;"T26";25.8581297937781;1;1;2;"S-3";2;"S-1"
-22.143997413006;2.19105837599125;-545.340517861849;70.3517068303234;"T26";25.8697528857738;1;1;2;"S-3";2;"S-1"
-21.9857176551584;2.19155956068451;-546.742604477524;70.4904375917953;"T26";25.9330696659163;1;1;2;"S-3";2;"S-1"
-22.1831488491178;1.66698319667041;-549.722506584567;70.7874773816728;"T26";26.0686077526771;1;1;2;"S-3";2;"S-1"
-21.5223481485341;1.95219640431085;-554.128600027376;71.1185793267609;"T26";26.2672311975621;1;1;2;"S-3";2;"S-1"
-21.3740293416462;2.08020249386385;-554.464434899787;71.1490414132321;"T26";26.2828352046199;1;1;2;"S-3";2;"S-1"
-20.7723392494001;2.58124747047136;-557.178025440674;71.4131384498859;"T26";26.4097925741225;1;1;2;"S-3";2;"S-1"
-20.8216251417397;2.58206969933754;-557.79315930293;71.4895772518371;"T26";26.4394056983292;1;1;2;"S-3";2;"S-1"
-21.1488352289149;2.64569110285059;-559.630961195533;71.7174812962127;"T26";26.5276697929949;1;1;2;"S-3";2;"S-1"
-21.1180490890474;2.80896601028872;-563.370739928786;72.185322631875;"T26";26.7045012209564;1;1;2;"S-3";2;"S-1"
-21.4653237153244;2.78995318285068;-565.174036655505;72.4251837663225;"T26";26.7898924765177;1;1;2;"S-3";2;"S-1"
-21.655914344414;2.70873985999105;-566.569485485931;72.6065570806776;"T26";26.854901923798;1;1;2;"S-3";2;"S-1"
-21.8552212988667;2.83072000321593;-569.488119152337;72.9716222182272;"T26";26.9896749756299;1;1;2;"S-3";2;"S-1"
-21.8454789427974;2.76810849617399;-570.788450351047;73.14004300357;"T26";27.0491724833846;1;1;2;"S-3";2;"S-1"
-21.7453285046608;2.87233058925531;-571.399188725672;73.2174315601755;"T26";27.077129681129;1;1;2;"S-3";2;"S-1"
-21.7394916555214;2.83085796067895;-572.138659061223;73.3151078617403;"T26";27.1111356210895;1;1;2;"S-3";2;"S-1"
-21.5634328678861;2.85431193468497;-572.987928259916;73.4256974058739;"T26";27.1502013551071;1;1;2;"S-3";2;"S-1"
-21.5677368135025;3.08545052314261;-574.908049095638;73.6798602681147;"T26";27.2392465849407;1;1;2;"S-3";2;"S-1"
-21.1394147228756;3.23693254632229;-577.043163082559;73.9853067145767;"T26";27.3382423212752;1;1;2;"S-3";2;"S-1"
-21.1038264392012;3.29902970676094;-577.079603133676;73.990886527878;"T26";27.3399661178701;1;1;2;"S-3";2;"S-1"
-21.1816455155885;3.33516119854907;-577.908073192704;74.1203960906945;"T26";27.3792229825631;1;1;2;"S-3";2;"S-1"
-21.9317990094463;2.62083951588708;-584.696001165492;75.1891909573033;"T26";27.6996857137419;1;1;2;"S-3";2;"S-1"
-21.5800740547406;2.21311127720113;-586.830685119381;75.4442846711328;"T26";27.7970185386948;1;1;2;"S-3";2;"S-1"
-21.7713679278212;2.01484080161976;-587.721195540158;75.5356095966028;"T26";27.8382839402184;1;1;2;"S-3";2;"S-1"
-21.4821069524329;1.9143396011971;-591.296661273003;75.8665026423321;"T26";28.0025118263438;1;1;2;"S-3";2;"S-1"
-9.36293228543889;-7.02904411370587;-597.827593122299;76.4484949720188;"T26";28.3065291121602;2;1;1;"S-4-NA";8;"S-2"
-8.22396406591164;-7.17419139648124;-598.133842036536;76.2185843988865;"T26";28.3392377663404;2;1;1;"S-4-NA";8;"S-2"
-5.03778726384949;-7.18009840972547;-598.845216994097;75.5980150409336;"T26";28.4257380175404;2;1;1;"S-4-NA";8;"S-2"
-3.71233597969634;-7.40613378774834;-599.102155601829;75.2318136925741;"T26";28.4767402918078;2;1;6;"S-5-NA";8;"S-2"
0.12439052519642;-6.28850837705278;-599.916052264967;73.6080846956368;"T26";28.6959814024158;2;1;6;"S-5-NA";8;"S-2"
2.59771359644861;-5.04590628435261;-599.89568711467;72.5785334654136;"T26";28.8597008679062;2;1;6;"S-5-NA";8;"S-2"
2.54322383343424;-5.02332289100122;-599.890224072307;72.5679218260735;"T26";28.861803887412;2;1;6;"S-5-NA";8;"S-2"
3.57198302177354;-3.53092125606638;-599.37064597073;71.5416619518943;"T26";29.0661028935574;2;1;6;"S-5-NA";8;"S-2"
3.23841445530549;-1.50153931474233;-597.974310914806;70.1613784792408;"T26";29.4570160214789;2;1;8;"S-6";8;"S-2"
2.90966394582758;-1.55794950544816;-597.589307553862;69.9828659105918;"T26";29.57590239821;2;1;8;"S-6";8;"S-2"
2.75561218412558;-1.53450649923024;-597.441236778343;69.9035829432851;"T26";29.6267917030491;2;1;8;"S-6";8;"S-2"
2.50215602021663;-1.80765612121752;-597.194251077826;69.7660450252707;"T26";29.7164217685349;2;1;8;"S-6";8;"S-2"
2.56746702650861;-1.53171888198892;-597.130668799329;69.7201106814493;"T26";29.7418327652849;2;1;8;"S-6";8;"S-2"
2.60191170645473;-1.53838912100691;-597.115036811237;69.710784831857;"T26";29.7479212516919;2;1;8;"S-6";8;"S-2"
2.81286765526855;-1.45689525451854;-596.927387660716;69.5998366351861;"T26";29.8200409743004;2;1;8;"S-6";8;"S-2"
2.70526804796774;-1.47256901525663;-596.652542397808;69.4574834183514;"T26";29.9177509616129;2;1;8;"S-6";8;"S-2"
2.27091684059649;-1.2696370449484;-596.05749494884;69.1335789399702;"T26";30.1377097377554;2;1;8;"S-6";8;"S-2"
1.96702654851024;-1.49387012001541;-595.788248715307;68.9830472312811;"T26";30.2562725264579;2;1;8;"S-6";8;"S-2"
2.00674318551022;-1.7039293200206;-595.564678691178;68.8132556344006;"T26";30.3699314012192;2;1;8;"S-6";8;"S-2"
2.66478595218059;-1.70819939452172;-595.054638623343;68.3801796771756;"T26";30.6240945006721;2;1;8;"S-6";8;"S-2"
2.64151212433211;-1.56693567338841;-594.970814056255;68.3264458774206;"T26";30.6555508985184;2;1;8;"S-6";8;"S-2"
2.52900790202425;-1.54396113909873;-594.372415949877;67.9714782317548;"T26";30.882087093778;2;1;8;"S-6";8;"S-2"
2.16831462186364;-1.40055865602959;-593.318347165891;67.3279684826908;"T26";31.2988785095513;2;1;8;"S-6";8;"S-2"
1.73635240774559;-2.07870487686597;-592.656136641933;66.900233193683;"T26";31.6042818478309;2;1;8;"S-6";8;"S-2"
1.5723750616378;-2.07873792320769;-592.462489930638;66.6684056214911;"T26";31.7158068530262;2;1;8;"S-6";8;"S-2"
1.49708072960794;-2.29714886947497;-592.415067781055;66.6057117877211;"T26";31.7459664191119;2;1;8;"S-6";8;"S-2"
1.73461499006465;-2.00915471491645;-591.981508471341;65.9404502166753;"T26";32.0355695788749;2;1;8;"S-6";8;"S-2"
2.39271493672303;-2.08494003862331;-591.272762228459;65.1195298027956;"T26";32.4441595235839;2;1;8;"S-6";8;"S-2"
2.69726257227797;-1.48250188231016;-590.342258693738;64.3087169283302;"T26";32.8330497839488;2;1;8;"S-6";8;"S-2"
2.70583320091751;-1.69724612776298;-589.8873454434;64.05868203857;"T26";33.001707168296;2;1;8;"S-6";8;"S-2"
2.48547797288526;-1.73559831803431;-589.768452337734;63.9841057996726;"T26";33.0456467228942;2;1;8;"S-6";8;"S-2"
2.48197008292937;-1.77712722545369;-589.551703148426;63.8327507957245;"T26";33.1328529631719;2;1;8;"S-6";8;"S-2"
2.65646086402901;-1.83752150235712;-589.456104329691;63.7643006300022;"T26";33.1713702762499;2;1;8;"S-6";8;"S-2"
2.49448531833808;-1.97931917462548;-589.253850219342;63.6243978436519;"T26";33.2475069561042;2;1;8;"S-6";8;"S-2"
2.58464779723248;-1.9673565556173;-589.242204427037;63.615157163884;"T26";33.2521755713969;2;1;8;"S-6";8;"S-2"
2.54039549051878;-1.8029928812823;-589.165049876213;63.5564294287079;"T26";33.282026660163;2;1;8;"S-6";8;"S-2"
3.03757450247855;-1.67034604876333;-588.595450660621;63.1521682281474;"T26";33.5062434081919;2;1;8;"S-6";8;"S-2"
2.56884925863161;-2.05762124252179;-588.07895131509;62.8681479875599;"T26";33.6762801744044;2;1;8;"S-6";8;"S-2"
2.53080576363086;-2.02605534506916;-587.97944012555;62.7884405711834;"T26";33.7150178267621;2;1;8;"S-6";8;"S-2"
2.98264506151959;-1.5439268055922;-587.555606245216;62.4491372113552;"T26";33.8824877631851;2;1;8;"S-6";8;"S-2"
2.73231736552989;-1.59321345956922;-587.44114253259;62.3898865829547;"T26";33.9208643417805;2;1;8;"S-6";8;"S-2"
2.89718129921779;-1.58472542097994;-587.406922684808;62.3699329996855;"T26";33.9333884534426;2;1;8;"S-6";8;"S-2"
2.6432200780435;-1.37167860144746;-585.930150103697;61.562155091232;"T26";34.4431158155203;2;1;8;"S-6";8;"S-2"
2.89189635102413;-1.25152237224308;-585.757862076277;61.4727475528808;"T26";34.5082969288342;2;1;8;"S-6";8;"S-2"
2.77500471261562;-0.954583036853441;-585.456703150993;61.3424153808929;"T26";34.6124358358793;2;1;8;"S-6";8;"S-2"
3.02552657701456;-0.93527582211895;-585.271681420382;61.2787691446584;"T26";34.6791102201678;2;1;8;"S-6";8;"S-2"
2.47601639287673;-1.14697858759853;-583.663262931479;60.7815615061771;"T26";35.2107262704521;2;1;8;"S-6";8;"S-2"
2.49347100118179;-1.2567408421829;-583.56117726655;60.7342718064355;"T26";35.2519560721703;2;1;8;"S-6";8;"S-2"
2.81511857530007;-1.018400146953;-583.076175466692;60.4898247805327;"T26";35.4464647709392;2;1;8;"S-6";8;"S-2"
2.09820520458711;-1.23264845553231;-582.940151670174;60.4406166741395;"T26";35.4947838000953;2;1;8;"S-6";8;"S-2"
1.98145362281395;-1.40845964656515;-582.900349244859;60.4172336427829;"T26";35.5137535487302;2;1;8;"S-6";8;"S-2"
2.34795362732603;-1.03414864165083;-582.543412869049;60.163515626913;"T26";35.6938921962865;2;1;8;"S-6";8;"S-2"
2.60717503820861;-1.31532984145794;-582.27443696147;60.0450460514398;"T26";35.8084497856908;2;1;8;"S-6";8;"S-2"
3.16156228262355;-1.079588712711;-582.070731391753;59.9422758074808;"T26";35.8865824644454;2;1;8;"S-6";8;"S-2"
3.21436503347706;-1.13221779655475;-581.851839714884;59.8675301714538;"T26";35.9558177529834;2;1;8;"S-6";8;"S-2"
3.53512288612467;-0.89393741572896;-581.293619253155;59.6709043574633;"T26";36.1294820555486;2;1;8;"S-6";8;"S-2"
3.05638695065316;-1.01195613426499;-580.939815863764;59.5814370043396;"T26";36.2295644008555;2;1;8;"S-6";8;"S-2"
2.87635660329223;-1.01646273532787;-580.912367805554;59.572349074268;"T26";36.238544958178;2;1;8;"S-6";8;"S-2"
2.75226280435108;-1.26548614108984;-580.512935469451;59.4311954758339;"T26";36.3774124183692;2;1;8;"S-6";8;"S-2"
2.78779976786247;-1.17902743063117;-580.425359241987;59.3909280631547;"T26";36.4092321367934;2;1;8;"S-6";8;"S-2"
2.63431250166585;-1.46462854603788;-580.229035337802;59.307897972188;"T26";36.4796546637081;2;1;8;"S-6";8;"S-2"
2.81634335795421;-1.51126445995621;-579.672230632818;58.9983249564687;"T26";36.6910208947957;2;1;8;"S-6";8;"S-2"
2.91402272023711;-1.2219674967285;-579.538118914634;58.926359912582;"T26";36.7386399884708;2;1;8;"S-6";8;"S-2"
2.88816823820978;-1.17441500066802;-579.531192409681;58.9234553491207;"T26";36.7410169448704;2;1;8;"S-6";8;"S-2"
2.11074274464375;-1.12459314732665;-578.766076018216;58.6123362960459;"T26";37.0059310109355;2;1;8;"S-6";8;"S-2"
2.11109119647795;-1.18279995193275;-578.758498811792;58.6082991984688;"T26";37.0095208403654;2;1;8;"S-6";8;"S-2"
2.19700845679247;-1.23510820332489;-578.740607927246;58.5982753125197;"T26";37.0179955498315;2;1;8;"S-6";8;"S-2"
2.72474937560601;-1.33161186942704;-578.288429835782;58.3440710701994;"T26";37.2238109121099;2;1;8;"S-6";8;"S-2"
2.71222804024422;-1.524285867918;-577.984568102802;58.1955708470506;"T26";37.3353300616145;2;1;8;"S-6";8;"S-2"
2.08412715839421;-1.82676212248962;-577.435215391424;57.8868318464836;"T26";37.5378767144866;2;1;8;"S-6";8;"S-2"
1.96492964642163;-1.91054536788354;-577.013077752945;57.5168232098482;"T26";37.7404256025329;2;1;8;"S-6";8;"S-2"
1.96221906386581;-1.81861264806878;-576.424759452201;56.9447880703851;"T26";38.0398349487223;2;1;8;"S-6";8;"S-2"
1.7859094555452;-1.6404626832136;-576.336489029354;56.8629777820252;"T26";38.0848199478351;2;1;8;"S-6";8;"S-2"
2.23706173406307;-1.82890636437847;-576.084503290815;56.6315140874396;"T26";38.2259165402502;2;1;8;"S-6";8;"S-2"
2.33521677808517;-2.03030800449396;-575.978176134935;56.5445864854272;"T26";38.2734463666566;2;1;8;"S-6";8;"S-2"
1.36886845039379;-2.54094456296803;-575.35393977298;56.001856536642;"T26";38.540760462638;2;1;8;"S-6";8;"S-2"
2.66983434650584;-2.25001019072032;-575.167403732499;55.6556013959669;"T26";38.6770307086408;2;1;8;"S-6";8;"S-2"
3.26490135942276;-1.57527693807199;-574.528362764504;55.1170478740382;"T26";38.9163867454045;2;1;8;"S-6";8;"S-2"
3.71981883219924;-1.45767776754588;-574.410196190624;55.0600338763116;"T26";38.9525797450915;2;1;8;"S-6";8;"S-2"
3.32875497324437;-1.58602893867;-574.127353952841;54.949197069376;"T26";39.028616307769;2;1;8;"S-6";8;"S-2"
3.05846571250051;-0.882243351891991;-573.498535298576;54.6495881793085;"T26";39.2175213666633;2;1;8;"S-6";8;"S-2"
2.62647422472174;-0.619534598137741;-572.176979932574;54.2683730389698;"T26";39.6496188594028;2;1;8;"S-6";8;"S-2"
2.36234631369415;-0.412159963551163;-571.961310022239;54.2175006679516;"T26";39.7317327093333;2;1;8;"S-6";8;"S-2"
2.3326679806581;-0.14958305367392;-571.863961609587;54.2005162326138;"T26";39.7729410673492;2;1;8;"S-6";8;"S-2"
2.14652423176676;-0.277252233984438;-571.849970817673;54.1996190687674;"T26";39.7789388312958;2;1;8;"S-6";8;"S-2"
2.02780520752113;-0.200482213633096;-571.824986784604;54.1963920476698;"T26";39.7905781283043;2;1;8;"S-6";8;"S-2"
1.65687522007037;-0.54439395456201;-571.629954842559;54.177109901966;"T26";39.8867569630966;2;1;8;"S-6";8;"S-2"
1.45102216088315;-0.544882778484615;-571.586793936716;54.1629286673567;"T26";39.9128065444529;2;1;8;"S-6";8;"S-2"
1.57410739864203;-0.915467721400694;-571.475102285491;54.1209866082387;"T26";39.9897810071707;2;1;8;"S-6";8;"S-2"
1.28350841879878;-1.24863168135511;-571.392475347962;54.0729325210205;"T26";40.0422723032534;2;1;8;"S-6";8;"S-2"
1.67499527791668;-1.48372694455001;-571.118511706991;53.806413286206;"T26";40.2557213441469;2;1;8;"S-6";8;"S-2"
1.990979236014;-1.5617696844678;-570.941580920547;53.6496862920292;"T26";40.3613519622013;2;1;8;"S-6";8;"S-2"
2.03260071505769;-1.77331691166114;-570.832618015641;53.5642132953579;"T26";40.4160802601837;2;1;8;"S-6";8;"S-2"
2.38425979724234;-1.64458997648489;-570.656464137354;53.410530061308;"T26";40.5027445405722;2;1;8;"S-6";8;"S-2"
2.52945103358281;-1.57131669612764;-570.48304735823;53.2909124353133;"T26";40.5754785519093;2;1;8;"S-6";8;"S-2"
2.63320555349834;-1.68260499369888;-570.189075707022;53.108294721984;"T26";40.6916980980895;2;1;8;"S-6";8;"S-2"
3.0764826090765;-1.40422755257412;-570.036517712471;53.0108109372034;"T26";40.7496343250386;2;1;8;"S-6";8;"S-2"
2.88348806626094;-1.45492364696599;-569.984918367015;52.987258968351;"T26";40.7664065132849;2;1;8;"S-6";8;"S-2"
2.95389947102109;-1.33561577087857;-569.869283337854;52.9289129185395;"T26";40.8065089955926;2;1;8;"S-6";8;"S-2"
2.79793810439509;-1.4453316486415;-569.764703943257;52.8816269868066;"T26";40.841912839096;2;1;8;"S-6";8;"S-2"
3.16581967857994;-1.00624378656263;-569.496356770162;52.7430068145133;"T26";40.9378217416815;2;1;8;"S-6";8;"S-2"
2.90049131320152;-0.485569524034013;-569.039480032971;52.5977902751336;"T26";41.0821372061037;2;1;8;"S-6";8;"S-2"
2.59405360998629;-0.294452246807931;-568.755951944331;52.5503250066033;"T26";41.1798889515921;2;1;8;"S-6";8;"S-2"
2.49901378099028;-0.339089237314098;-568.685911419969;52.5423746737009;"T26";41.206889366731;2;1;8;"S-6";8;"S-2"
2.47017098042055;-0.357134997495442;-568.665160690851;52.5395590233976;"T26";41.2151929340325;2;1;8;"S-6";8;"S-2"
2.42584936412897;-0.347283659637201;-568.612596432446;52.5319593323468;"T26";41.2364725372754;2;1;8;"S-6";8;"S-2"
2.72194592506281;-0.415249824117069;-568.08160290982;52.4559425043822;"T26";41.4553622715175;2;1;8;"S-6";8;"S-2"
2.57681274752431;-0.696044078677846;-567.943014310489;52.4347999493568;"T26";41.5062775369734;2;1;8;"S-6";8;"S-2"
2.75289685715355;-0.497426618060468;-567.737288203644;52.3792295790856;"T26";41.5861149667762;2;1;8;"S-6";8;"S-2"
2.46185461209052;-0.885457638830879;-567.567357188548;52.3485243930475;"T26";41.6478430386633;2;1;8;"S-6";8;"S-2"
2.14409777502375;-0.918699803441523;-567.47662769759;52.3158916289348;"T26";41.684697160963;2;1;8;"S-6";8;"S-2"
2.32316864149899;-0.912799919172651;-567.37166287881;52.2709164605892;"T26";41.7336523998529;2;1;8;"S-6";8;"S-2"
2.32348312221638;-0.922570329610895;-566.951856726076;52.1059697514098;"T26";41.9143565231934;2;1;8;"S-6";8;"S-2"
1.91319306901877;-1.12276628292348;-566.589046942716;51.9619112307258;"T26";42.0705056167208;2;1;8;"S-6";8;"S-2"
2.14791168455773;-1.03138099672787;-566.437924319633;51.873224213962;"T26";42.1494953567162;2;1;8;"S-6";8;"S-2"
2.41793713850129;-1.4470408614367;-566.208745123726;51.7631772929443;"T26";42.2561939689331;2;1;8;"S-6";8;"S-2"
2.36838141164677;-1.50600041053571;-566.113286546794;51.7060490660784;"T26";42.2956733149476;2;1;8;"S-6";8;"S-2"
2.48885541208736;-1.3702226770405;-565.938515348514;51.5949159964367;"T26";42.3694668337703;2;1;8;"S-6";8;"S-2"
2.52946942524077;-1.58157413681914;-565.671656906456;51.4479988685504;"T26";42.4766881857067;2;1;8;"S-6";8;"S-2"
2.53208366592222;-1.55092523173884;-565.653761318771;51.43680948695;"T26";42.4837630242109;2;1;8;"S-6";8;"S-2"
2.19528327085816;-2.15958863255889;-564.627652244999;50.808307958961;"T26";42.8890059818514;2;1;8;"S-6";8;"S-2"
2.86291064769512;-1.73443729913199;-564.363964029868;50.548907234008;"T26";43.0091217858717;2;1;8;"S-6";8;"S-2"
3.03962743974182;-1.73181686871717;-564.091141365567;50.3836230658162;"T26";43.1044173426926;2;1;8;"S-6";8;"S-2"
2.86440261465676;-1.09535591748602;-562.702171721489;49.5922625759412;"T26";43.561371252872;2;1;8;"S-6";8;"S-2"
2.75994596011586;-1.08523300828612;-562.650745232546;49.5725969365193;"T26";43.5793249052949;2;1;8;"S-6";8;"S-2"
3.0715961830543;-1.43321399751257;-561.621054150719;49.1677140995058;"T26";43.9524086890742;2;1;8;"S-6";8;"S-2"
3.07019641610143;-1.05547345075917;-561.103348727289;48.9261515322837;"T26";44.1209547454491;2;1;8;"S-6";8;"S-2"
2.64206571708605;-1.13166607988335;-560.756298230123;48.8068423623848;"T26";44.233993277885;2;1;8;"S-6";8;"S-2"
2.35651963348787;-1.30892557895824;-560.594306165128;48.7374569099415;"T26";44.2953059333377;2;1;8;"S-6";8;"S-2"
2.2920698862582;-1.21237876699634;-560.570293431286;48.7241190700608;"T26";44.3054958479479;2;1;8;"S-6";8;"S-2"
1.84505382893506;-1.45175013934302;-560.233609389109;48.5460317497883;"T26";44.4523866754025;2;1;8;"S-6";8;"S-2"
1.91779098281728;-1.60606069919685;-559.516777643068;47.982004526907;"T26";44.840902031865;2;1;8;"S-6";8;"S-2"
2.17362862208984;-1.27955613581857;-559.192175652052;47.710165465548;"T26";45.0101603055373;2;1;8;"S-6";8;"S-2"
2.42687075853636;-0.859363971899492;-559.142515349938;47.6809317944273;"T26";45.0330070336349;2;1;8;"S-6";8;"S-2"
2.46705218218339;-0.831483867263591;-558.965229706735;47.6181542880571;"T26";45.1060581603087;2;1;8;"S-6";8;"S-2"
2.5992293045162;-0.756897218651489;-558.823590567246;47.5704168869966;"T26";45.163470460102;2;1;8;"S-6";8;"S-2"
2.20520025865167;-1.00872632872233;-558.563386639267;47.4946453384736;"T26";45.2635785681196;2;1;8;"S-6";8;"S-2"
2.40020039985157;-1.30100020434067;-558.395984274439;47.4180703552128;"T26";45.3394911135547;2;1;8;"S-6";8;"S-2"
1.79647011843244;-1.9486459091407;-557.963107490684;47.1834346205658;"T26";45.519841380883;2;1;8;"S-6";8;"S-2"
1.54266405056208;-2.12118915485615;-557.873331987814;47.0860543944128;"T26";45.5698146601208;2;1;8;"S-6";8;"S-2"
1.65559542722332;-2.43876020420524;-557.773722704636;46.9490899457235;"T26";45.6343843135983;2;1;8;"S-6";8;"S-2"
1.89054068659398;-2.3979882263439;-557.714800963872;46.8622957965156;"T26";45.6699737696908;2;1;8;"S-6";8;"S-2"
2.25283671063233;-1.92964885439983;-557.300365715661;46.3366203361355;"T26";45.8891889662482;2;1;8;"S-6";8;"S-2"
2.63109093719192;-1.79111328714392;-557.179275344955;46.2329013697281;"T26";45.9429391426966;2;1;8;"S-6";8;"S-2"
2.57177010000595;-1.79592979636055;-557.171826513582;46.2278305830601;"T26";45.945770223625;2;1;8;"S-6";8;"S-2"
1.8629448525312;-2.02504677981324;-556.891276414052;46.0319156048445;"T26";46.0548585513607;2;1;8;"S-6";8;"S-2"
2.16144073114049;-1.88745988840466;-556.84259985352;45.9790035113795;"T26";46.0809873766266;2;1;8;"S-6";8;"S-2"
2.29222217057052;-2.21260335156884;-556.719597841953;45.8715930422045;"T26";46.1378947948106;2;1;8;"S-6";8;"S-2"
2.46492780398812;-2.04575657693041;-556.50982085086;45.669102515966;"T26";46.2294116616249;2;1;8;"S-6";8;"S-2"
2.70677777939575;-2.0398053348492;-556.400009948842;45.5779654146444;"T26";46.2739609996788;2;1;8;"S-6";8;"S-2"
3.13618391329479;-1.33115608842539;-555.470914100376;44.8778064718926;"T26";46.6172089218162;2;1;8;"S-6";8;"S-2"
3.16941079999588;-1.12486278414858;-555.3197948873;44.813663785709;"T26";46.6653946205042;2;1;8;"S-6";8;"S-2"
1.84042932511103;-1.4886383365052;-554.091835289139;44.3778458562656;"T26";47.0528355916031;2;1;8;"S-6";8;"S-2"
1.82841318963741;-1.53684369109496;-554.085377068477;44.3726220996503;"T26";47.0563446753658;2;1;8;"S-6";8;"S-2"
1.67041205836487;-1.62197390199656;-554.036717067501;44.3317217080252;"T26";47.0829579164274;2;1;8;"S-6";8;"S-2"
1.79834587891696;-1.63610817747303;-553.983042216255;44.2796033055751;"T26";47.1150906174444;2;1;8;"S-6";8;"S-2"
2.25522801010556;-1.86431540777453;-553.442916851917;43.7882053293497;"T26";47.4154362687841;2;1;8;"S-6";8;"S-2"
2.3404071386478;-1.90767057743635;-553.32431077732;43.690157978334;"T26";47.4680278799497;2;1;8;"S-6";8;"S-2"
2.42504971140915;-1.87321130770093;-553.317381757143;43.6845101200176;"T26";47.4709884845652;2;1;8;"S-6";8;"S-2"
2.30255402560156;-1.34054285774757;-552.557509595943;43.097552616396;"T26";47.784331406001;2;1;8;"S-6";8;"S-2"
2.26874870090793;-1.67336374429992;-551.62964008342;42.5573486367694;"T26";48.1873054523021;2;1;8;"S-6";8;"S-2"
3.30489177839644;-1.02245455515079;-551.054389267027;42.1330601910524;"T26";48.4408596763387;2;1;8;"S-6";8;"S-2"
3.47595192029705;-0.749097604604665;-550.70575646421;42.0252015314602;"T26";48.5463496064767;2;1;8;"S-6";8;"S-2"
3.3515414116404;-0.473698076524978;-550.512360108153;41.9835229494822;"T26";48.601987992879;2;1;8;"S-6";8;"S-2"
3.45818018749201;-0.331861461667334;-550.212009066886;41.9410721207273;"T26";48.6916037858464;2;1;8;"S-6";8;"S-2"
2.79654829848676;-0.346090041355472;-549.726744389347;41.8945040888572;"T26";48.8319274969399;2;1;8;"S-6";8;"S-2"
2.73920045601865;-0.344236215441371;-549.675737206346;41.8881916364373;"T26";48.8501668325625;2;1;8;"S-6";8;"S-2"
2.5418190712624;-0.396584255617779;-549.60348292579;41.8791114174145;"T26";48.8765447051264;2;1;8;"S-6";8;"S-2"
2.72143889956708;-0.140640032293637;-549.079625028676;41.7973771206955;"T26";49.0826403722167;2;1;8;"S-6";8;"S-2"
2.35318242394963;-0.158011494849795;-548.926154887253;41.7894460054133;"T26";49.1390333860181;2;1;8;"S-6";8;"S-2"
2.26739979242579;-1.01467230902;-548.252918925475;41.744239556638;"T26";49.425129336305;2;1;8;"S-6";8;"S-2"
2.83392953322794;-0.54204755605619;-547.802227340511;41.5425529053917;"T26";49.6238995692693;2;1;8;"S-6";8;"S-2"
2.73926500757034;-0.61431799727877;-547.753033644227;41.5331435949161;"T26";49.6412583976053;2;1;8;"S-6";8;"S-2"
2.60796191420171;-0.495616945678194;-547.576956653829;41.4936558988336;"T26";49.7055373154581;2;1;8;"S-6";8;"S-2"
2.52384363026324;-0.327213114336058;-547.506763477176;41.4803163912163;"T26";49.7324522701092;2;1;8;"S-6";8;"S-2"
2.03494395925806;-0.916445513783089;-546.8315148433;41.3927712652852;"T26";50;2;1;8;"S-6";8;"S-2"
