"Vx";"Vy";"X";"Y";"Traj";"Time";"TrueMovMode";"TrueTrajClust";"firstEstMovMode";"firstSegment";"finalEstMovMode";"finalSegment"
0;0;0;0;"T27";0;1;2;1;"S-1-NA";2;"S-1"
-5.51285417526724;4.33210024630319;0;0;"T27";0.144428422208875;1;2;1;"S-1-NA";2;"S-1"
-13.6099966363833;8.30809586670141;-1.57589223494602;1.23836454259667;"T27";0.430286198388785;1;2;1;"S-1-NA";2;"S-1"
-15.4956116699586;8.32487475544513;-2.91087654967925;2.05329330148383;"T27";0.528374710120261;1;2;1;"S-1-NA";2;"S-1"
-16.6214939099251;8.0516489616053;-3.54854801353467;2.39587642661528;"T27";0.569526455365121;1;2;1;"S-1-NA";2;"S-1"
-20.9100551074131;5.93047045014221;-8.99250933265263;5.03299591416758;"T27";0.897051848005503;1;2;4;"S-2-NA";2;"S-1"
-22.6463069021495;4.4263322603666;-14.2740363401215;6.53093265744845;"T27";1.14963497035205;1;2;4;"S-2-NA";2;"S-1"
-22.80168990226;3.70206360790815;-17.1138587130469;7.08598993178919;"T27";1.27503388794139;1;2;4;"S-2-NA";2;"S-1"
-22.5051822071305;3.48749809153779;-18.7716423196298;7.35514631388299;"T27";1.34773830650374;1;2;4;"S-2-NA";2;"S-1"
-22.3858185003726;3.29860615035438;-21.2255220612593;7.73540988327034;"T27";1.45677451509982;1;2;2;"S-3";2;"S-1"
-22.5164595746105;3.11146359713984;-23.8462716792989;8.12158387143434;"T27";1.57384638441727;1;2;2;"S-3";2;"S-1"
-22.5335386487078;2.96715876291705;-24.4617272218064;8.20663132349156;"T27";1.6011799685657;1;2;2;"S-3";2;"S-1"
-22.2627247510828;2.92400678712398;-25.9282735485701;8.39974239461622;"T27";1.66626279242337;1;2;2;"S-3";2;"S-1"
-22.1822739713187;2.76087412645243;-26.9561386775978;8.53474314798891;"T27";1.71243257354945;1;2;2;"S-3";2;"S-1"
-22.0933824602968;2.7776254473782;-27.3987119836512;8.58982718451831;"T27";1.73238423885778;1;2;2;"S-3";2;"S-1"
-21.8787617930976;2.69711430198933;-29.2686000321184;8.82491335280895;"T27";1.81701990077272;1;2;2;"S-3";2;"S-1"
-21.8254155848653;2.63848147781735;-29.6556392941253;8.87262579370766;"T27";1.83471008203924;1;2;2;"S-3";2;"S-1"
-21.3646120841367;2.44725504716604;-31.8320169444743;9.13572878466118;"T27";1.93442766321823;1;2;2;"S-3";2;"S-1"
-21.1340687873833;2.4569598939174;-32.7900564729392;9.24546946528702;"T27";1.97927001863718;1;2;2;"S-3";2;"S-1"
-21.6133135302979;2.47228038250972;-35.9305503571834;9.61057036461254;"T27";2.12786865886301;1;2;2;"S-3";2;"S-1"
-22.0805313795906;2.23995529775792;-38.6265670548351;9.91895941301918;"T27";2.2526073618792;1;2;2;"S-3";2;"S-1"
-22.0701466430338;2.215094188172;-38.7732661841867;9.93384127823875;"T27";2.25925118429586;1;2;2;"S-3";2;"S-1"
-21.9318814776134;2.1887466261441;-39.0592668879387;9.9625460488477;"T27";2.27220989763737;1;2;2;"S-3";2;"S-1"
-21.3461019757657;2.35593859893629;-41.064568463572;10.162670103984;"T27";2.36364307347685;1;2;2;"S-3";2;"S-1"
-21.4692267421418;2.33737226190565;-41.6319427313438;10.2252903865538;"T27";2.39022283349186;1;2;2;"S-3";2;"S-1"
-21.309126542718;2.32384690264753;-42.5407760104506;10.3242358084265;"T27";2.43255473906174;1;2;2;"S-3";2;"S-1"
-21.4655773289828;2.23026717872575;-42.8597574584842;10.3590220324666;"T27";2.4475239799358;1;2;2;"S-3";2;"S-1"
-20.6294266515597;2.80016359819661;-48.4061527775202;10.9352908767983;"T27";2.70590954460204;1;2;2;"S-3";2;"S-1"
-20.7242457063731;2.70768162815278;-49.411993162131;11.0718200047355;"T27";2.75466709863394;1;2;2;"S-3";2;"S-1"
-20.7406996653886;2.72299302268386;-49.464650517911;11.0786998379923;"T27";2.75720795616508;1;2;2;"S-3";2;"S-1"
-21.2440361624849;2.56185231758095;-55.8348758271587;11.9150303065807;"T27";3.06434442754835;1;2;2;"S-3";2;"S-1"
-21.2899245998914;2.35317214510491;-57.4211887421823;12.1063263195737;"T27";3.1390154035762;1;2;2;"S-3";2;"S-1"
-21.2315133189479;2.27041158752861;-58.1913835290319;12.1914558328425;"T27";3.17519189557061;1;2;2;"S-3";2;"S-1"
-21.7334639243403;2.2483085033362;-58.7858449704079;12.2550251189581;"T27";3.20319090969861;1;2;2;"S-3";2;"S-1"
-21.259696959692;2.24835122525816;-63.7884647166859;12.7725419102837;"T27";3.43337141675875;1;2;2;"S-3";2;"S-1"
-21.3921518352197;2.04605334722932;-64.1916627657764;12.8151827263505;"T27";3.45233678817749;1;2;2;"S-3";2;"S-1"
-21.349676969551;2.00298149850242;-65.1604335366012;12.9078408513307;"T27";3.49762305850163;1;2;2;"S-3";2;"S-1"
-21.5553934209592;2.20907446212801;-66.5233496306482;13.0357067541395;"T27";3.56146084377542;1;2;2;"S-3";2;"S-1"
-21.6358698791752;2.16368322516542;-68.6770441803754;13.2564251393767;"T27";3.66137525998056;1;2;2;"S-3";2;"S-1"
-21.4773501344835;2.18157095704258;-70.1347305798751;13.4022002631763;"T27";3.72874885797501;1;2;2;"S-3";2;"S-1"
-20.8344586719572;1.91391476140118;-77.2863425863713;14.1286282885946;"T27";4.06173276714981;1;2;2;"S-3";2;"S-1"
-20.8182130216116;2.10821615715099;-80.2822317649778;14.4038394957941;"T27";4.20552768046036;1;2;2;"S-3";2;"S-1"
-20.9215575765784;1.98178280032284;-80.7060046225979;14.4467540718179;"T27";4.22588355140761;1;2;2;"S-3";2;"S-1"
-21.2679800431021;1.88806944299652;-81.4007166860323;14.5125602821563;"T27";4.25908911274746;1;2;2;"S-3";2;"S-1"
-21.1958804798669;2.30767330226894;-82.8865954948777;14.6444694888272;"T27";4.3289537075907;1;2;2;"S-3";2;"S-1"
-20.9944859849633;2.18506267615863;-84.2663788601816;14.7946915679737;"T27";4.39405047800392;1;2;2;"S-3";2;"S-1"
-21.2458332849357;2.22450750488366;-86.3084830906831;15.0072295523802;"T27";4.49131907662377;1;2;2;"S-3";2;"S-1"
-21.25455709055;2.19355391319501;-86.5425533594147;15.0317374670607;"T27";4.5023363083601;1;2;2;"S-3";2;"S-1"
-21.4692290314751;1.99731660654682;-87.190832679174;15.0986424433744;"T27";4.5328370295465;1;2;2;"S-3";2;"S-1"
-21.2220829669565;2.19073340247317;-88.2805453121769;15.2000201470204;"T27";4.58359398180619;1;2;2;"S-3";2;"S-1"
-21.3192869612588;1.88029507217204;-93.1420654498309;15.7018697802037;"T27";4.81267235009;1;2;2;"S-3";2;"S-1"
-21.4624657070712;1.86253552019803;-93.666145662245;15.7480920315678;"T27";4.83725479571149;1;2;2;"S-3";2;"S-1"
-20.6799272327702;3.12485658786271;-108.142719994511;17.0043844945418;"T27";5.51176137523726;1;2;2;"S-3";2;"S-1"
-20.6955437593276;3.11496057636999;-108.232178814926;17.0179022396078;"T27";5.51608725218102;1;2;2;"S-3";2;"S-1"
-20.5794667957084;3.21659866265262;-108.722633929698;17.0917223993852;"T27";5.53978583775461;1;2;2;"S-3";2;"S-1"
-20.5732927983921;3.24783791946497;-109.631240598335;17.2337388580344;"T27";5.58393696555868;1;2;2;"S-3";2;"S-1"
-20.4598891496901;3.28851278351156;-109.871209408563;17.2716219431092;"T27";5.59560105903074;1;2;2;"S-3";2;"S-1"
-20.5768114637942;3.49063720210935;-111.635084650396;17.5551291624713;"T27";5.68181243725121;1;2;2;"S-3";2;"S-1"
-21.0176924977434;2.90075988167906;-115.408681184553;18.1952796770957;"T27";5.86520317010581;1;2;2;"S-3";2;"S-1"
-21.1835843422297;2.7579125196351;-115.933323730271;18.2676882942171;"T27";5.89016511803493;1;2;2;"S-3";2;"S-1"
-21.2010984876993;2.72360352394064;-116.002192358632;18.2766543714067;"T27";5.89341615559533;1;2;2;"S-3";2;"S-1"
-20.8984829018758;2.89998760143382;-117.087677368458;18.4161014288156;"T27";5.94461562577635;1;2;2;"S-3";2;"S-1"
-21.0622571295528;2.5223100679632;-119.087877639006;18.6936601402402;"T27";6.04032593546435;1;2;2;"S-3";2;"S-1"
-21.0148124107077;2.54607969917961;-119.168145310663;18.7032725932223;"T27";6.04413690743968;1;2;2;"S-3";2;"S-1"
-20.8205946215579;2.64297952050326;-121.357417126995;18.9685169560369;"T27";6.14831446437165;1;2;2;"S-3";2;"S-1"
-20.8205792061004;2.82411943331046;-122.534045152863;19.1178788658261;"T27";6.20482716476545;1;2;2;"S-3";2;"S-1"
-20.7727532416798;2.78044764502546;-123.881287467314;19.3006198531903;"T27";6.26953440951183;1;2;2;"S-3";2;"S-1"
-20.8035582160525;2.86538568046638;-126.866443829963;19.7001851338246;"T27";6.41323978779837;1;2;2;"S-3";2;"S-1"
-20.6508537683232;3.15955566892427;-129.143703416545;20.013844313775;"T27";6.52270469581708;1;2;2;"S-3";2;"S-1"
-20.9916577515261;3.42171210737998;-132.78471225776;20.5709142661326;"T27";6.6990174469538;1;2;2;"S-3";2;"S-1"
-21.0091864786264;2.87421490630313;-136.357100264379;21.153225746207;"T27";6.86919876607135;1;2;2;"S-3";2;"S-1"
-21.466384379765;2.25492768678168;-146.203528654356;22.5002912920867;"T27";7.33787128701806;1;2;2;"S-3";2;"S-1"
-21.0513258691167;2.50492293228238;-148.915533588876;22.785172756303;"T27";7.46420858195052;1;2;2;"S-3";2;"S-1"
-20.9294797362579;2.41096538418415;-150.057649989126;22.9210745793098;"T27";7.5184624758549;1;2;2;"S-3";2;"S-1"
-20.905203062114;2.3611297891895;-150.167015272107;22.9336728815524;"T27";7.52368789399043;1;2;2;"S-3";2;"S-1"
-20.7990291012122;2.55815019492487;-151.287600366776;23.0602369163759;"T27";7.5772910611704;1;2;2;"S-3";2;"S-1"
-21.3878100544603;2.6753920420844;-161.472630025408;24.3129317166839;"T27";8.06697880616412;1;2;2;"S-3";2;"S-1"
-21.249136333869;2.48140824897663;-163.621379571131;24.581717881346;"T27";8.16744489129633;1;2;2;"S-3";2;"S-1"
-21.3423483175268;2.56778865309796;-165.363759680352;24.7851876275015;"T27";8.24944258201867;1;2;2;"S-3";2;"S-1"
-21.4352313387222;2.73440972668372;-165.889238385006;24.8484102042855;"T27";8.27406399184838;1;2;2;"S-3";2;"S-1"
-21.3987482524964;2.57972899417824;-168.011190227413;25.119099410562;"T27";8.37305764434859;1;2;2;"S-3";2;"S-1"
-21.4772289664473;2.59929123775153;-170.800614032159;25.4553787751885;"T27";8.50341217592359;1;2;2;"S-3";2;"S-1"
-21.6871140376477;2.27231386237177;-175.568474904798;26.0324112689255;"T27";8.72540826676413;1;2;2;"S-3";2;"S-1"
-21.3166325161207;2.22885336783047;-178.329114313382;26.3216631807403;"T27";8.85270226281136;1;2;2;"S-3";2;"S-1"
-21.4378958991405;2.05993337645684;-180.146267094453;26.5116635052704;"T27";8.93794803414494;1;2;2;"S-3";2;"S-1"
-21.323794289765;2.02066278216041;-181.638336543991;26.6550340894712;"T27";9.00754765607417;1;2;2;"S-3";2;"S-1"
-21.5664702422823;1.92116590802253;-183.280641405401;26.8106604412038;"T27";9.08456513425335;1;2;2;"S-3";2;"S-1"
-21.0300318689056;1.99413178654136;-193.79333227122;27.7471430026104;"T27";9.57202046411112;1;2;2;"S-3";2;"S-1"
-20.3315481943172;2.32378744107969;-195.982977256006;27.9547718208938;"T27";9.67614037217572;1;2;2;"S-3";2;"S-1"
-20.5473959961634;3.02946078011358;-199.812660621781;28.3924841890639;"T27";9.86450199270621;1;2;2;"S-3";2;"S-1"
-20.9161569069608;3.12721059133567;-201.109628830378;28.5837061970366;"T27";9.92762279929593;1;2;2;"S-3";2;"S-1"
-20.6833786907801;3.18240695197562;-201.55535504103;28.6503474893633;"T27";9.94893293827772;1;2;2;"S-3";2;"S-1"
-20.6669011608757;3.27415463312353;-201.685196842375;28.6703253400537;"T27";9.95521052973345;1;2;2;"S-3";2;"S-1"
-20.912145705655;3.1791601277049;-205.276173808404;29.2392260078046;"T27";10.1289655081928;1;2;2;"S-3";2;"S-1"
-20.8818753113446;3.14493373100305;-207.678280931046;29.6044053296336;"T27";10.2438321104273;1;2;2;"S-3";2;"S-1"
-20.9952299264195;2.95887484501737;-208.926697672885;29.7924242629534;"T27";10.303616814781;1;2;2;"S-3";2;"S-1"
-21.4682075193764;2.87165241570199;-210.699805513439;30.0423097943483;"T27";10.3880697046407;1;2;2;"S-3";2;"S-1"
-22.67542560988;1.82977255561855;-219.412062089808;31.2076876034254;"T27";10.793891036883;1;2;2;"S-3";2;"S-1"
-21.9274642184611;1.50876391490367;-224.297273975153;31.6018952707907;"T27";11.0093318391591;1;2;2;"S-3";2;"S-1"
-21.604554603858;1.63764256865599;-226.689217331404;31.7664778137811;"T27";11.1184161971323;1;2;2;"S-3";2;"S-1"
-21.2391612657795;1.73735961691867;-227.647310416437;31.8391020381428;"T27";11.1627630074508;1;2;2;"S-3";2;"S-1"
-20.5715794524758;2.23076068497482;-233.898821041327;32.3504744962408;"T27";11.4571018726565;1;2;2;"S-3";2;"S-1"
-20.6432299688489;2.28197659982686;-234.689062131067;32.4361674182994;"T27";11.4955160883255;1;2;2;"S-3";2;"S-1"
-20.5347870480983;2.38288760359879;-235.685756585072;32.5463455941299;"T27";11.5437979926355;1;2;2;"S-3";2;"S-1"
-20.6146199421195;2.49468566202385;-235.842505617191;32.5645349877982;"T27";11.5514313336462;1;2;2;"S-3";2;"S-1"
-21.1472034786951;2.86543051472738;-241.032426415847;33.1925951237502;"T27";11.8031905614771;1;2;2;"S-3";2;"S-1"
-21.1014795415267;2.70404122759813;-241.69472272856;33.2823357869141;"T27";11.8345089489594;1;2;2;"S-3";2;"S-1"
-21.50109204355;2.45637447654814;-245.959852576003;33.828889260847;"T27";12.0366336312145;1;2;2;"S-3";2;"S-1"
-21.1266512835528;2.34981501793799;-252.540692116704;34.5807118310353;"T27";12.3427036451176;1;2;2;"S-3";2;"S-1"
-20.9507580199014;2.44241522258239;-254.669769853305;34.8175188276896;"T27";12.4434805125929;1;2;2;"S-3";2;"S-1"
-21.3977529075233;1.90402554955124;-261.633059248406;35.629291079638;"T27";12.7758450689726;1;2;2;"S-3";2;"S-1"
-21.2914627780074;1.96603858788311;-262.158544981054;35.6760501138791;"T27";12.8004030557349;1;2;2;"S-3";2;"S-1"
-20.7918503120077;1.99017953225697;-268.34224904552;36.2470489660269;"T27";13.0908342078328;1;2;2;"S-3";2;"S-1"
-20.6485122094345;2.92035090037327;-271.853148169034;36.5831094642791;"T27";13.2596935960464;1;2;2;"S-3";2;"S-1"
-21.0985481962726;2.94563982994924;-273.558325146767;36.8242752718545;"T27";13.3422747021541;1;2;2;"S-3";2;"S-1"
-21.0598291885078;3.03171627619911;-276.042717272291;37.1711296776684;"T27";13.4600265068002;1;2;2;"S-3";2;"S-1"
-20.8269683146218;3.19432869626759;-277.518104628101;37.3835224668155;"T27";13.5300834546797;1;2;2;"S-3";2;"S-1"
-21.2344841816729;3.27410975858594;-280.69609822257;37.870946079413;"T27";13.6826737667434;1;2;2;"S-3";2;"S-1"
-21.4812584811964;3.08363853167664;-283.519608519632;38.3062984307104;"T27";13.8156419270672;1;2;2;"S-3";2;"S-1"
-21.4463763770383;2.8928260206378;-284.409613594064;38.4340588197634;"T27";13.857073627878;1;2;2;"S-3";2;"S-1"
-21.569408424309;2.34420193973183;-297.770886710212;40.2363137956028;"T27";14.4800820504315;1;2;2;"S-3";2;"S-1"
-21.4459423661438;2.33689087155472;-299.68910019488;40.4447886727585;"T27";14.5690141827799;1;2;2;"S-3";2;"S-1"
-21.1252547720932;2.55041084278471;-300.641844312921;40.5486059354539;"T27";14.6134395617992;1;2;2;"S-3";2;"S-1"
-21.1948975754673;2.77581132578278;-301.977570404832;40.70986554366;"T27";14.6766684367321;1;2;2;"S-3";2;"S-1"
-21.1902738347903;2.83049946592894;-302.970728181672;40.8399354623952;"T27";14.7235267795622;1;2;2;"S-3";2;"S-1"
-21.039824827872;2.648974510585;-304.150116511619;40.9974727393584;"T27";14.7791838389821;1;2;2;"S-3";2;"S-1"
-21.2675636483532;2.76529299213019;-304.666950884886;41.0625436747003;"T27";14.8037484148517;1;2;2;"S-3";2;"S-1"
-21.4101836013278;2.68936346425993;-304.920203940651;41.0954726416436;"T27";14.8156563634984;1;2;2;"S-3";2;"S-1"
-21.4014259078595;2.63595656271437;-308.277940746992;41.5172427141345;"T27";14.9724853225052;1;2;2;"S-3";2;"S-1"
-21.2813951464782;3.00642952864314;-310.547091669011;41.7967279825664;"T27";15.0785133475438;1;2;2;"S-3";2;"S-1"
-21.7888692428308;2.92558020171744;-311.710199377831;41.9610405822207;"T27";15.1331670815125;1;2;2;"S-3";2;"S-1"
-21.5857000031005;2.51893237093186;-314.631514422738;42.353284042086;"T27";15.2672408148646;1;2;2;"S-3";2;"S-1"
-21.8182172297031;2.33473117349641;-318.649902244918;42.8222077815429;"T27";15.453400532715;1;2;2;"S-3";2;"S-1"
-21.6985465310315;2.47852039989974;-319.274614630123;42.8890572158872;"T27";15.4820331372321;1;2;2;"S-3";2;"S-1"
-21.7059527271191;2.28640645887672;-323.57649765479;43.3804405820205;"T27";15.6802898738533;1;2;2;"S-3";2;"S-1"
-21.8843562688604;2.16656746170801;-324.41006464051;43.4682447417373;"T27";15.7186925644055;1;2;2;"S-3";2;"S-1"
-22.1061646829509;2.25816952465479;-325.225159428454;43.5489397287897;"T27";15.7559381099418;1;2;2;"S-3";2;"S-1"
-22.2047856036303;2.21885115578513;-325.954635734388;43.6234565518861;"T27";15.7889368827455;1;2;2;"S-3";2;"S-1"
-21.880932196285;2.168965930278;-327.313073080865;43.7592007256916;"T27";15.850114566274;1;2;2;"S-3";2;"S-1"
-21.8955489915964;2.34651650268881;-330.356013555541;44.0608347766648;"T27";15.989182703197;1;2;2;"S-3";2;"S-1"
-21.655917411314;2.86308951461331;-340.354737253746;45.1323845319446;"T27";16.4458382409066;1;2;2;"S-3";2;"S-1"
-21.6853913947299;2.8171886378482;-343.184592992986;45.5065146203174;"T27";16.5765117970295;1;2;2;"S-3";2;"S-1"
-21.5609351657999;2.62893031492516;-345.766129746351;45.84188675529;"T27";16.6955567663535;1;2;2;"S-3";2;"S-1"
-21.4542743040019;2.46477251792095;-347.875572325032;46.0990916260455;"T27";16.7933930875733;1;2;2;"S-3";2;"S-1"
-21.7980370999692;2.31358103229785;-349.192132509235;46.2503445332393;"T27";16.8547589564696;1;2;2;"S-3";2;"S-1"
-21.749411200166;2.29086640911048;-353.623294577691;46.720655344511;"T27";17.0580415753648;1;2;2;"S-3";2;"S-1"
-21.6987819516096;2.24221319381048;-353.757280073134;46.7347680424591;"T27";17.0642019947991;1;2;2;"S-3";2;"S-1"
-21.1978861659263;2.16935286196826;-355.124537555137;46.8760516763664;"T27";17.1272127889097;1;2;2;"S-3";2;"S-1"
-21.0287977150479;2.52050257165328;-357.004291574959;47.0684222613755;"T27";17.2158892732114;1;2;2;"S-3";2;"S-1"
-20.9216037596953;2.9936994777823;-362.498711974272;47.7269811069106;"T27";17.4771700403653;1;2;2;"S-3";2;"S-1"
-21.2628515435565;2.85325165013529;-363.780765221608;47.9104317726015;"T27";17.5384489586577;1;2;2;"S-3";2;"S-1"
-21.4380326224987;3.00975044688226;-366.714667006409;48.3041306182936;"T27";17.6764314761385;1;2;2;"S-3";2;"S-1"
-21.5775677178679;2.94182134164694;-370.965421750401;48.9009069743893;"T27";17.8747124853544;1;2;2;"S-3";2;"S-1"
-21.7908757823009;1.98482363507423;-374.98907544732;49.4494799401547;"T27";18.0611864081584;1;2;2;"S-3";2;"S-1"
-21.9718554461432;2.15422289359576;-380.451345055313;49.9470111971544;"T27";18.3118541492149;1;2;2;"S-3";2;"S-1"
-21.1809559558927;2.18474717096841;-386.450886951571;50.5352341870464;"T27";18.584909918718;1;2;2;"S-3";2;"S-1"
-21.2683249349817;2.28066938391289;-387.941902973122;50.6890276721816;"T27";18.6553040985018;1;2;2;"S-3";2;"S-1"
-21.3022608871934;2.4195916745378;-399.450466179373;51.9231271058493;"T27";19.1964169149287;1;2;2;"S-3";2;"S-1"
-21.2924852135618;2.27312258205336;-400.258057406236;52.0148563837554;"T27";19.2343279719353;1;2;2;"S-3";2;"S-1"
-21.3160844676105;2.35862910588344;-400.834369057669;52.0763817067054;"T27";19.2613944062032;1;2;2;"S-3";2;"S-1"
-21.3213280733252;2.2849667894567;-403.456487274029;52.3665196236184;"T27";19.3844056571834;1;2;2;"S-3";2;"S-1"
-21.7800516115783;2.207294469034;-405.637005321334;52.6002016580943;"T27";19.4866749923676;1;2;2;"S-3";2;"S-1"
-21.2989494623189;2.69997906959654;-412.777147832437;53.3238178071256;"T27";19.8145044501871;1;2;2;"S-3";2;"S-1"
-21.296257372054;2.70682763988644;-412.813580719157;53.3284362523575;"T27";19.8162149987184;1;2;2;"S-3";2;"S-1"
-21.6537589539285;2.50963997868342;-416.530979585862;53.8009304481725;"T27";19.9907714384608;1;2;2;"S-3";2;"S-1"
-21.4398929269164;2.26872198299727;-419.186469588718;54.1086979765883;"T27";20.1134055736475;1;2;2;"S-3";2;"S-1"
-20.9085942503933;2.84887461062453;-421.360824492381;54.3387833965853;"T27";20.2148218872026;1;2;2;"S-3";2;"S-1"
-20.8387026098356;3.12760164375898;-422.657326152295;54.515436624312;"T27";20.2768299612217;1;2;2;"S-3";2;"S-1"
-21.3764599485426;2.69164068718499;-426.912914923558;55.1541417627923;"T27";20.4810455907136;1;2;2;"S-3";2;"S-1"
-21.36857070136;2.52854976923462;-427.47482122653;55.2248948187756;"T27";20.5073318094946;1;2;2;"S-3";2;"S-1"
-21.3645417012427;2.38007226617989;-431.204654537026;55.6662471810063;"T27";20.6818794365972;1;2;2;"S-3";2;"S-1"
-21.3144448756176;2.50913501124222;-433.087784350083;55.8760333352963;"T27";20.7700222032145;1;2;2;"S-3";2;"S-1"
-21.1990409385249;2.58504429734441;-433.984596819141;55.9816060385858;"T27";20.8120975410566;1;2;2;"S-3";2;"S-1"
-21.6469227943296;2.17537245600077;-439.167933828075;56.6136702822001;"T27";21.0566056310199;1;2;2;"S-3";2;"S-1"
-21.6221231950984;1.75347013872713;-442.648058740467;56.9633998003302;"T27";21.2173732812516;1;2;2;"S-3";2;"S-1"
-21.6745019337107;1.6996394460318;-445.83281306736;57.2216709960403;"T27";21.3646647520363;1;2;2;"S-3";2;"S-1"
-21.2960989443854;2.26571703596649;-449.674042966898;57.5228869537817;"T27";21.5418881969526;1;2;2;"S-3";2;"S-1"
-21.1080112761451;2.11478262661409;-450.090637501156;57.5672089366868;"T27";21.5614502085373;1;2;2;"S-3";2;"S-1"
-21.2755964341669;2.01949871031332;-454.389347937216;57.9978908246247;"T27";21.7651032377034;1;2;2;"S-3";2;"S-1"
-21.1703039437297;2.11179411231837;-458.551859919709;58.3930001982359;"T27";21.9607504899614;1;2;2;"S-3";2;"S-1"
-21.8845398790223;2.46799387166301;-468.128371337038;59.3482826770052;"T27";22.4131063674577;1;2;2;"S-3";2;"S-1"
-21.882925336059;2.41667767483986;-469.032995425631;59.4503002071497;"T27";22.4544425844215;1;2;2;"S-3";2;"S-1"
-21.7846346899714;2.36254379544151;-469.786003574377;59.5334599289008;"T27";22.4888533470221;1;2;2;"S-3";2;"S-1"
-21.517559035471;2.20810715833852;-478.092230008726;60.4342702479757;"T27";22.8701416519471;1;2;2;"S-3";2;"S-1"
-21.466786993536;2.76977276138282;-484.93803542786;61.1367789259193;"T27";23.1882913736627;1;2;2;"S-3";2;"S-1"
-21.3305011753494;3.22890549645419;-490.111098913678;61.8042383990225;"T27";23.4292712411843;1;2;2;"S-3";2;"S-1"
-21.1442322717218;3.28299993967437;-490.414881086451;61.8502234379734;"T27";23.4435129212216;1;2;2;"S-3";2;"S-1"
-21.1499186130903;3.47861513759504;-493.200071521858;62.2826713941781;"T27";23.5752363339998;1;2;2;"S-3";2;"S-1"
-21.1418778108347;3.20189270473551;-494.608585575386;62.5143355626202;"T27";23.6418329994194;1;2;2;"S-3";2;"S-1"
-21.1666476853339;2.99056390667308;-498.771793649635;63.1448446252731;"T27";23.8387506105937;1;2;2;"S-3";2;"S-1"
-21.1836808536391;2.72203065119681;-499.778026288118;63.2870118241181;"T27";23.8862892030738;1;2;2;"S-3";2;"S-1"
-21.312570706679;2.58321205128443;-501.25041404612;63.4762086230795;"T27";23.9557949593291;1;2;2;"S-3";2;"S-1"
-21.20546992682;2.63817108873486;-501.434077204976;63.4984697051359;"T27";23.9644125569612;1;2;2;"S-3";2;"S-1"
-21.3166609691808;2.53110667808384;-502.252481270204;63.6002872998999;"T27";24.0030065644532;1;2;2;"S-3";2;"S-1"
-21.1543880619786;2.70648385764833;-503.959138402999;63.8029330741261;"T27";24.0830686874688;1;2;2;"S-3";2;"S-1"
-21.1848057446803;2.72295580476502;-504.108110757466;63.8219925369392;"T27";24.0901108365506;1;2;2;"S-3";2;"S-1"
-20.7373710567444;2.74420977096341;-507.039180427087;64.1987329832407;"T27";24.2284680018201;1;2;2;"S-3";2;"S-1"
-20.6844882010291;2.86068637040813;-507.177420561213;64.2170265232353;"T27";24.2351342341863;1;2;2;"S-3";2;"S-1"
-20.7756998572182;2.95680666285709;-509.069772108885;64.4787407231631;"T27";24.3266207398847;1;2;2;"S-3";2;"S-1"
-20.961173234769;2.79535281687396;-509.951303133568;64.6042006029846;"T27";24.3690516101196;1;2;2;"S-3";2;"S-1"
-20.9984188205296;2.55504125229068;-511.7840459238;64.8486126243873;"T27";24.4564867345616;1;2;2;"S-3";2;"S-1"
-21.4488072611438;2.19734775765571;-515.705086814835;65.3257162250983;"T27";24.6432170271873;1;2;2;"S-3";2;"S-1"
-21.4929020280868;2.30137698600613;-516.050537842437;65.3611063533996;"T27";24.659322865773;1;2;2;"S-3";2;"S-1"
-21.3966569888823;2.28603556147318;-519.232179375232;65.7017842475122;"T27";24.8073550639674;1;2;2;"S-3";2;"S-1"
-21.1648114256519;2.48234087112707;-522.834632666439;66.08667317369;"T27";24.9757203040645;1;2;2;"S-3";2;"S-1"
-21.3883877891533;2.18897595856582;-523.819237539507;66.2021537640516;"T27";25.022241147235;1;2;2;"S-3";2;"S-1"
-21.2552235737989;1.98593864899842;-525.882053941593;66.4132709158264;"T27";25.1186867710203;1;2;2;"S-3";2;"S-1"
-21.523854170708;1.58937232838637;-529.652655636606;66.7655694277713;"T27";25.2960832440294;1;2;2;"S-3";2;"S-1"
-21.5013366202719;1.79718424095235;-530.664067491436;66.8402544726485;"T27";25.3430735203438;1;2;2;"S-3";2;"S-1"
-21.4274515850923;1.84177214461499;-531.961919578614;66.9487351387278;"T27";25.4034349811263;1;2;2;"S-3";2;"S-1"
-21.3852211237351;1.76292885590202;-533.76682319551;67.103873569078;"T27";25.4876682185568;1;2;2;"S-3";2;"S-1"
-22.014157437413;1.53532108883799;-535.591795349593;67.2543184044638;"T27";25.5730062257499;1;2;2;"S-3";2;"S-1"
-21.5633441179572;1.92889353128329;-537.425793906526;67.382225941664;"T27";25.6563161849044;1;2;2;"S-3";2;"S-1"
-21.1740700982175;2.56555212690061;-544.776088243698;68.0397276316821;"T27";25.9971860563383;1;2;2;"S-3";2;"S-1"
-21.3324403397229;2.1800007833668;-546.122826790339;68.2029049484043;"T27";26.060789253097;1;2;2;"S-3";2;"S-1"
-21.4752979001427;2.12117193638422;-546.978189162262;68.2903159811394;"T27";26.1008860426955;1;2;2;"S-3";2;"S-1"
-21.7669392063986;2.1888622711503;-551.122570458804;68.6996674760885;"T27";26.2938696891069;1;2;2;"S-3";2;"S-1"
-21.5947748038437;2.04123707312307;-551.733185645367;68.761070346349;"T27";26.3219221029431;1;2;2;"S-3";2;"S-1"
-11.8929914862228;-2.28872928535348;-558.225177451829;69.3747231616311;"T27";26.6225500032306;3;2;1;"S-4-NA";3;"S-2"
-9.74119013126936;-2.54240306409326;-559.502526446057;69.1289056098322;"T27";26.7299535102211;3;2;1;"S-4-NA";3;"S-2"
-6.26893538105984;-1.7146466603664;-561.736120670679;68.5459484224563;"T27";26.9592472817749;3;2;7;"S-5-NA";3;"S-2"
-4.05189657073373;-0.642802824606788;-563.259001242919;68.1294180343433;"T27";27.2021721932106;3;2;7;"S-5-NA";3;"S-2"
-3.02161027988054;0.0944247845146679;-563.752777420762;68.0510841686337;"T27";27.3240351700224;3;2;7;"S-5-NA";3;"S-2"
-3.0828181937478;0.335698771837267;-563.912270271016;68.0560682918733;"T27";27.3768192273565;3;2;7;"S-5-NA";3;"S-2"
-2.90390360295134;1.17035429562287;-564.311830955504;68.0995778414565;"T27";27.5064281304367;3;2;7;"S-5-NA";3;"S-2"
-3.07686246766175;1.62122537494701;-564.580624066658;68.207908976124;"T27";27.5989908142947;3;2;7;"S-5-NA";3;"S-2"
-2.67756169954672;2.27696973956238;-564.924027278012;68.3888510903515;"T27";27.7105990564451;3;2;7;"S-5-NA";3;"S-2"
-3.03731397968491;2.50023344833484;-565.161562910189;68.5908488432423;"T27";27.7993124676868;3;2;3;"S-6";3;"S-2"
-3.11632079864188;2.45430741676182;-565.200142678172;68.6226066486535;"T27";27.812014403753;3;2;3;"S-6";3;"S-2"
-3.21734208554224;2.38301061618495;-565.321814273571;68.7184310256329;"T27";27.8510577511042;3;2;3;"S-6";3;"S-2"
-3.10514355698937;2.75530522545705;-565.703937906366;69.001461132297;"T27";27.969827724155;3;2;3;"S-6";3;"S-2"
-3.69485868725901;2.6617172906617;-566.366857991654;69.5896938956236;"T27";28.1833186862059;3;2;3;"S-6";3;"S-2"
-4.33891072368268;2.37158955159883;-567.023438476586;70.062684009016;"T27";28.3610197948292;3;2;3;"S-6";3;"S-2"
-4.42784041266281;2.21978163355346;-567.569680532667;70.3612524828436;"T27";28.4869136172347;3;2;3;"S-6";3;"S-2"
-4.45054693022181;2.27327897870572;-567.639658882199;70.3963342926109;"T27";28.5027177887969;3;2;3;"S-6";3;"S-2"
-4.0475595360687;2.33848290426223;-568.791251228469;70.9845520361509;"T27";28.7614707835019;3;2;3;"S-6";3;"S-2"
-4.18709641191884;2.43755561122937;-569.082884872731;71.1530437619274;"T27";28.8335225079209;3;2;3;"S-6";3;"S-2"
-4.68805170940297;2.9162028178589;-569.923131603234;71.6422009083747;"T27";29.0341977844946;3;2;3;"S-6";3;"S-2"
-4.7141323199278;3.02295466816449;-569.989852856152;71.6837048673391;"T27";29.0484299766831;3;2;3;"S-6";3;"S-2"
-4.85722673268968;2.48704743070961;-570.986361777116;72.3227198737194;"T27";29.2598175350577;3;2;3;"S-6";3;"S-2"
-4.64669521176103;2.09789189929357;-571.78258943891;72.7304125900586;"T27";29.4237439287826;3;2;3;"S-6";3;"S-2"
-5.09012554237501;1.47511943955535;-572.512947244887;73.0601548380259;"T27";29.5809218310751;3;2;3;"S-6";3;"S-2"
-5.36735088378904;1.42736835265733;-573.059347465263;73.2185017353948;"T27";29.6882669674233;3;2;3;"S-6";3;"S-2"
-5.22748390369861;1.31136028198749;-573.41514517879;73.3131209259849;"T27";29.7545562265441;3;2;3;"S-6";3;"S-2"
-4.63455238014489;1.5552839329739;-574.14876867502;73.4971568278856;"T27";29.8948959214613;3;2;3;"S-6";3;"S-2"
-4.62894861254444;1.30448905507717;-574.390260798559;73.5781978408836;"T27";29.9470028141513;3;2;3;"S-6";3;"S-2"
-3.98032328587596;1.54952040828321;-575.014281233432;73.7540537199554;"T27";30.081811058335;3;2;3;"S-6";3;"S-2"
-3.90134297155158;1.64620452531122;-575.092930054878;73.7846713218849;"T27";30.1015704637393;3;2;3;"S-6";3;"S-2"
-3.73457345685838;1.8496703708811;-575.212485327015;73.8351186758993;"T27";30.1322151091881;3;2;3;"S-6";3;"S-2"
-4.04689378297454;2.60180463762619;-576.574057006666;74.5094818455555;"T27";30.4968007025309;3;2;3;"S-6";3;"S-2"
-4.04855200306025;2.56145676422992;-576.979759878481;74.770313898481;"T27";30.5970511399209;3;2;3;"S-6";3;"S-2"
-4.53205852420412;2.58263128356026;-577.61164482392;75.1700978129492;"T27";30.7531279162504;3;2;3;"S-6";3;"S-2"
-4.61387492720093;2.29104913551881;-577.884228377204;75.3254318202958;"T27";30.8132735546678;3;2;3;"S-6";3;"S-2"
-4.94710797793364;2.14499181182401;-578.239543496097;75.5018658174938;"T27";30.8902836870402;3;2;3;"S-6";3;"S-2"
-4.49143954485191;2.48995716290366;-578.7697294983;75.7317465151743;"T27";30.9974545845762;3;2;3;"S-6";3;"S-2"
-4.72148273235127;2.27638050781559;-579.243668814403;75.9944882448866;"T27";31.1029751668684;3;2;3;"S-6";3;"S-2"
-5.05225892514504;1.68321982347;-580.187256298478;76.449422484389;"T27";31.3028249889612;3;2;3;"S-6";3;"S-2"
-4.96240979489224;1.77302104643457;-580.472227809967;76.5443641143352;"T27";31.3592297607102;3;2;3;"S-6";3;"S-2"
-4.84987450669163;1.72633426207176;-580.559761052544;76.5756388956947;"T27";31.3768690219149;3;2;3;"S-6";3;"S-2"
-4.82363929921272;1.89638095451445;-580.673973248644;76.616293231596;"T27";31.4004185376689;3;2;3;"S-6";3;"S-2"
-3.77541463090294;2.2438565568591;-582.64235741708;77.3901500680306;"T27";31.8084888858721;3;2;3;"S-6";3;"S-2"
-3.90176964343024;2.18767480485853;-582.885127128754;77.5344363153974;"T27";31.8727916805074;3;2;3;"S-6";3;"S-2"
-3.80967269106421;2.35951013169458;-583.054873070011;77.6296108010412;"T27";31.9162965402938;3;2;3;"S-6";3;"S-2"
-3.76908283623715;2.4726257840373;-583.270051186725;77.7628807661213;"T27";31.9727785885334;3;2;3;"S-6";3;"S-2"
-4.21986018715465;2.33925530864991;-583.600662907679;77.9797714796597;"T27";32.0604953449219;3;2;3;"S-6";3;"S-2"
-4.20444777581459;2.07183605583672;-583.952313117478;78.1747067579809;"T27";32.143827539403;3;2;3;"S-6";3;"S-2"
-4.27382343668242;1.99859605028612;-583.961558421019;78.1792625889118;"T27";32.1460264734924;3;2;3;"S-6";3;"S-2"
-4.13599067176172;2.05610977817593;-584.034241536309;78.2132518702407;"T27";32.1630330523476;3;2;3;"S-6";3;"S-2"
-4.50743763746137;1.86742670123198;-584.42427564888;78.4071480891458;"T27";32.2573355166242;3;2;3;"S-6";3;"S-2"
-4.18931099435428;1.54080377692719;-585.797524627206;78.9760837053042;"T27";32.5619984068908;3;2;3;"S-6";3;"S-2"
-4.35369897693712;1.71152203314847;-586.763639038573;79.3314148650066;"T27";32.7926125610247;3;2;3;"S-6";3;"S-2"
-3.59452572227071;1.89325897693568;-587.715603399405;79.7056501961506;"T27";33.0112690106034;3;2;3;"S-6";3;"S-2"
-3.50700453339646;1.93964999583134;-587.765415033963;79.7318862928073;"T27";33.0251266481355;3;2;3;"S-6";3;"S-2"
-3.60829024292026;2.70744847389755;-588.21026063479;79.9779209812636;"T27";33.1519715371542;3;2;3;"S-6";3;"S-2"
-4.6819067896694;1.72043971650483;-589.397784165612;80.8689686949417;"T27";33.4810812957585;3;2;3;"S-6";3;"S-2"
-4.33422492558871;2.15555979729135;-590.807828527911;81.3871115012626;"T27";33.7822501198389;3;2;3;"S-6";3;"S-2"
-4.77582390453283;1.88953634386106;-591.730695225495;81.8460849938075;"T27";33.9951755478978;3;2;3;"S-6";3;"S-2"
-4.81158855162591;2.03538380873322;-591.975100013808;81.9427828074962;"T27";34.0463509666733;3;2;3;"S-6";3;"S-2"
-4.20373007655055;2.25966790742238;-593.282655069996;82.4959008394802;"T27";34.3181021860801;3;2;3;"S-6";3;"S-2"
-4.12041267360893;2.27018716464668;-593.362831481426;82.5389987693047;"T27";34.3371748691425;3;2;3;"S-6";3;"S-2"
-4.30353655225605;1.91463155777808;-594.473533006723;83.1509521211215;"T27";34.6067356178537;3;2;3;"S-6";3;"S-2"
-4.13592564595201;2.14760805800176;-594.690312510805;83.2473967253571;"T27";34.6571080270223;3;2;3;"S-6";3;"S-2"
-3.98351919235671;1.85261141486026;-596.87021946941;84.3793285226743;"T27";35.184174310416;3;2;3;"S-6";3;"S-2"
-3.6970742866428;2.0872951918871;-597.075471093502;84.4747846968132;"T27";35.2356995106675;3;2;3;"S-6";3;"S-2"
-3.59988966538606;2.34638718922673;-597.524909674173;84.7285288511769;"T27";35.3572655236349;3;2;3;"S-6";3;"S-2"
-3.78238795633359;2.41490158660398;-597.628564026914;84.7960901566574;"T27";35.3860592818819;3;2;3;"S-6";3;"S-2"
-3.81147310658523;2.66364379752998;-598.091818667609;85.0918594906685;"T27";35.5085360468365;3;2;3;"S-6";3;"S-2"
-3.83771638191067;2.68142884700885;-598.112213531854;85.1061124191627;"T27";35.513886960689;3;2;3;"S-6";3;"S-2"
-4.62513991733063;2.43132436373371;-600.706253591073;86.9185793012581;"T27";36.1898201983422;3;2;3;"S-6";3;"S-2"
-4.73481237970696;2.33114438838134;-601.007933842983;87.0771653245212;"T27";36.2550463876687;3;2;3;"S-6";3;"S-2"
-4.63681369622996;2.32640654407361;-601.083534104086;87.1143864666272;"T27";36.2710132845677;3;2;3;"S-6";3;"S-2"
-4.44805124154672;2.1319372752131;-601.844594111704;87.4962294946523;"T27";36.4351475494914;3;2;3;"S-6";3;"S-2"
-4.5655690187187;2.47372941386058;-603.038763443496;88.0685911814028;"T27";36.7036177776754;3;2;3;"S-6";3;"S-2"
-4.57311962429396;2.45685251977199;-603.078276538506;88.09000027739;"T27";36.7122723604552;3;2;3;"S-6";3;"S-2"
-4.54938526135042;2.49382957846703;-603.089128649978;88.0958304413932;"T27";36.7146453820169;3;2;3;"S-6";3;"S-2"
-4.56078838073874;2.38478856288524;-603.183847731236;88.147752455669;"T27";36.7354655754752;3;2;3;"S-6";3;"S-2"
-4.69516710443183;2.34280182777707;-603.202237299197;88.1573681684996;"T27";36.7394976783544;3;2;3;"S-6";3;"S-2"
-4.66716291866672;2.23779190893052;-604.634391850897;88.8719868874401;"T27";37.0445250649936;3;2;3;"S-6";3;"S-2"
-4.37536837511514;1.99762765489101;-605.098655087596;89.0945898976208;"T27";37.1439994662069;3;2;3;"S-6";3;"S-2"
-3.98229361137179;2.46793185201035;-605.833711977053;89.4301890619446;"T27";37.3119983240031;3;2;3;"S-6";3;"S-2"
-4.09122675452798;2.61277668505271;-606.617152014891;89.9157074119727;"T27";37.5087291817181;3;2;3;"S-6";3;"S-2"
-4.53581158834997;2.8038797592658;-607.746276185224;90.6367990267335;"T27";37.7847158815712;3;2;3;"S-6";3;"S-2"
-4.43671328368532;2.87006809986408;-607.762662206575;90.6469282908589;"T27";37.7883284701966;3;2;3;"S-6";3;"S-2"
-4.58683243741447;2.86259641861817;-607.843294532128;90.6990885839835;"T27";37.8065023571253;3;2;3;"S-6";3;"S-2"
-4.46760642036913;2.15733703925199;-609.832959371917;91.9408185844462;"T27";38.2402798859403;3;2;3;"S-6";3;"S-2"
-4.25687397509122;2.33004960959064;-610.11792050994;92.0784218466764;"T27";38.3040637359954;3;2;3;"S-6";3;"S-2"
-4.27940566235552;2.35334685103422;-610.295804040577;92.1757884714673;"T27";38.3458510972559;3;2;3;"S-6";3;"S-2"
-3.9112382716689;2.32457493554169;-610.549258827419;92.3151692807559;"T27";38.4050777298398;3;2;3;"S-6";3;"S-2"
-4.27500878874257;2.57178062296985;-610.843333776803;92.4899474990657;"T27";38.4802649030462;3;2;3;"S-6";3;"S-2"
-4.29281377989934;2.36029606128119;-611.900063727613;93.1256602532392;"T27";38.7274526874535;3;2;3;"S-6";3;"S-2"
-4.35241037882305;2.52828528375685;-612.185366003994;93.2825265590567;"T27";38.7939131236635;3;2;3;"S-6";3;"S-2"
-4.48472097069656;2.48376766954981;-612.396930531197;93.4054229392545;"T27";38.8425217126496;3;2;3;"S-6";3;"S-2"
-4.35490291792183;2.59750029666204;-612.523502955255;93.4755223940001;"T27";38.8707447447814;3;2;3;"S-6";3;"S-2"
-4.64244593357821;2.3085655841996;-615.161173820055;95.0487723568451;"T27";39.4764231983572;3;2;3;"S-6";3;"S-2"
-4.88662898685278;2.21966592329078;-615.223562391173;95.0797965432742;"T27";39.4898619269952;3;2;3;"S-6";3;"S-2"
-4.69888928106544;2.34930232178524;-615.689770769014;95.2915635614439;"T27";39.5852668327279;3;2;3;"S-6";3;"S-2"
-4.6734762914262;2.12486132752415;-616.072220655888;95.4827769213373;"T27";39.6666583837941;3;2;3;"S-6";3;"S-2"
-4.49260144811588;2.36386869753252;-617.0572700839;95.9306434140211;"T27";39.8774328408763;3;2;3;"S-6";3;"S-2"
-4.39318856757747;2.12948263817161;-617.335399534084;96.0769865759386;"T27";39.9393411702476;3;2;3;"S-6";3;"S-2"
-4.49537254970018;2.16209365585662;-617.3946717195;96.1057172092426;"T27";39.9528330075555;3;2;3;"S-6";3;"S-2"
-3.9215407287066;1.56895334335236;-619.101218302869;96.9264975785075;"T27";40.3324559563771;3;2;3;"S-6";3;"S-2"
-4.21531882451745;1.4368481076424;-620.046509560759;97.3046953283485;"T27";40.5735069420189;3;2;3;"S-6";3;"S-2"
-4.04343070431467;1.7134603727556;-620.191924298519;97.3542618972068;"T27";40.6080036773346;3;2;3;"S-6";3;"S-2"
-4.17078382193804;1.78211776094265;-620.735501136828;97.5846101930228;"T27";40.7424382399768;3;2;3;"S-6";3;"S-2"
-3.87350634977935;2.06836191529826;-621.387522939993;97.8632100163537;"T27";40.8987689996138;3;2;3;"S-6";3;"S-2"
-4.37154241849385;2.1610468284167;-623.879261902561;99.1937404215337;"T27";41.5420463657938;3;2;3;"S-6";3;"S-2"
-4.45598177209973;2.60369148887653;-625.025025278762;99.7601419506101;"T27";41.8041422730312;3;2;3;"S-6";3;"S-2"
-4.27534252875441;2.48786930629614;-625.539860053128;100.060966996302;"T27";41.9196801725775;3;2;3;"S-6";3;"S-2"
-4.44291474345429;2.29403372563659;-627.570362249217;101.242538778221;"T27";42.3946133931167;3;2;3;"S-6";3;"S-2"
-4.40357627802419;2.19046943018111;-627.780075732035;101.350821252697;"T27";42.4418151727878;3;2;3;"S-6";3;"S-2"
-4.43816635259213;2.46887420945902;-628.748039868526;101.83231531948;"T27";42.6616283599287;3;2;3;"S-6";3;"S-2"
-4.2764670847788;1.9857472674955;-629.471156180143;102.234572258575;"T27";42.8245596820489;3;2;3;"S-6";3;"S-2"
-4.27737566382913;2.14461734626494;-629.552647992473;102.272412405699;"T27";42.8436155547388;3;2;3;"S-6";3;"S-2"
-4.32257734892874;2.1083159098305;-629.584909310826;102.288587787146;"T27";42.8511578706093;3;2;3;"S-6";3;"S-2"
-4.1214134159654;2.05674744379507;-629.70802605737;102.348637376674;"T27";42.8796401247382;3;2;3;"S-6";3;"S-2"
-4.12689650354841;2.73533704077268;-630.769186444517;102.878198159211;"T27";43.1371149956249;3;2;3;"S-6";3;"S-2"
-4.14251062990379;2.42722902925814;-631.815166176708;103.571481139024;"T27";43.3905693120323;3;2;3;"S-6";3;"S-2"
-4.21901672933346;2.32628750942659;-632.299627851537;103.855342677537;"T27";43.5075181187131;3;2;3;"S-6";3;"S-2"
-4.64276907215425;2.24167660736849;-632.444842847124;103.935411530563;"T27";43.5419372748584;3;2;3;"S-6";3;"S-2"
-4.75280682721381;2.15295704285631;-632.642292185025;104.030746352312;"T27";43.5844656312838;3;2;3;"S-6";3;"S-2"
-4.1245568244463;2.35172335221333;-633.723840842579;104.520673227971;"T27";43.8120256178081;3;2;3;"S-6";3;"S-2"
-3.75485039680505;2.43448318353357;-635.085971124777;105.297327237056;"T27";44.1422745003365;3;2;3;"S-6";3;"S-2"
-3.29905881612608;2.71031208050255;-635.730160611857;105.714991939394;"T27";44.3138364586048;3;2;3;"S-6";3;"S-2"
-3.2331073469392;2.73135554068226;-635.816022939095;105.785531361618;"T27";44.3398627685383;3;2;3;"S-6";3;"S-2"
-3.28909012366224;2.64768980554717;-635.859221797645;105.822026110783;"T27";44.3532241741195;3;2;3;"S-6";3;"S-2"
-3.27510249820834;2.5538704890512;-636.383455676566;106.244029961318;"T27";44.5126098580658;3;2;3;"S-6";3;"S-2"
-3.31488410977714;2.67952117967214;-637.048242721215;106.762419848584;"T27";44.7155919158831;3;2;3;"S-6";3;"S-2"
-3.32107016672178;2.67044148973822;-637.097554602657;106.802280135207;"T27";44.7304678149521;3;2;3;"S-6";3;"S-2"
-3.7910162131631;2.51285426614855;-638.040262393896;107.560302661695;"T27";45.0143244466744;3;2;3;"S-6";3;"S-2"
-3.69346086380706;2.60238843563623;-638.154413409244;107.635967034985;"T27";45.0444353744388;3;2;3;"S-6";3;"S-2"
-4.0819448073827;2.91185004901072;-638.735169362132;108.045163891661;"T27";45.2016743365675;3;2;3;"S-6";3;"S-2"
-4.3372302048816;2.67985530187174;-638.897174098922;108.160729761123;"T27";45.2413624618202;3;2;3;"S-6";3;"S-2"
-3.95635342019201;2.33648044283001;-639.475448479517;108.518029602628;"T27";45.3746904968284;3;2;3;"S-6";3;"S-2"
-4.04363402982599;2.80390089434648;-640.244236072907;108.97204798417;"T27";45.569007715676;3;2;3;"S-6";3;"S-2"
-4.00442864452753;2.47919868117828;-640.544608957634;109.180329889484;"T27";45.6432906212285;3;2;3;"S-6";3;"S-2"
-4.04102167293722;2.51845476979371;-640.872326807454;109.38322466754;"T27";45.7251294748858;3;2;3;"S-6";3;"S-2"
-4.43103857631934;2.65777308608954;-641.389034872586;109.705248649727;"T27";45.852995174937;3;2;3;"S-6";3;"S-2"
-4.42018927888889;2.66340156863728;-641.43608847594;109.733471784877;"T27";45.8636142662726;3;2;3;"S-6";3;"S-2"
-4.88063796325476;2.4290014046133;-642.210924483046;110.200352116591;"T27";46.0389090236276;3;2;3;"S-6";3;"S-2"
-4.59735018467175;2.31157991632098;-643.523734785473;110.853713028134;"T27";46.3078923639841;3;2;3;"S-6";3;"S-2"
-4.00908638585322;2.53529551584089;-644.974489884493;111.583162866777;"T27";46.6234556864947;3;2;3;"S-6";3;"S-2"
-3.95657613512107;2.51559619742757;-645.025368938496;111.615338136914;"T27";46.6361466213129;3;2;3;"S-6";3;"S-2"
-3.94326683713588;2.62467883845448;-645.206192569539;111.730306034187;"T27";46.681848668959;3;2;3;"S-6";3;"S-2"
-3.9240998536975;2.62509553557439;-645.278109536339;111.778174704678;"T27";46.7000865843147;3;2;3;"S-6";3;"S-2"
-3.81160169676048;2.78684428881843;-645.5046295826;111.92970926912;"T27";46.7578119365498;3;2;3;"S-6";3;"S-2"
-3.7276806403846;2.6781475718702;-645.591686873266;111.993361017806;"T27";46.7806520173326;3;2;3;"S-6";3;"S-2"
-4.38642838277962;2.26586035901704;-646.206262760265;112.434902308029;"T27";46.9455201877281;3;2;3;"S-6";3;"S-2"
-4.12217373901911;2.61069400157352;-646.857285792316;112.771195791567;"T27";47.0939377555624;3;2;3;"S-6";3;"S-2"
-3.89170880796581;2.54064572401547;-647.061036698097;112.900237239408;"T27";47.1433657803573;3;2;3;"S-6";3;"S-2"
-4.10834953931331;2.32210460919117;-647.417543588772;113.132977598996;"T27";47.2349725547247;3;2;3;"S-6";3;"S-2"
-3.80293496372297;2.71471700787883;-647.894023648427;113.402291719454;"T27";47.3509510164149;3;2;3;"S-6";3;"S-2"
-3.90768884848326;2.4578521603256;-648.536572919536;113.860974145348;"T27";47.5199124310166;3;2;3;"S-6";3;"S-2"
-4.10197666770053;2.47980997513952;-648.823709807951;114.041577066631;"T27";47.5933924084529;3;2;3;"S-6";3;"S-2"
-4.03339509473133;2.18422450230099;-649.356641958302;114.363755998783;"T27";47.7233132231049;3;2;3;"S-6";3;"S-2"
-3.84572273166153;2.04746582167537;-649.55910533084;114.473396995692;"T27";47.773509984836;3;2;3;"S-6";3;"S-2"
-4.5409379112992;2.34185783495161;-651.966812742907;115.755262324728;"T27";48.3995840884745;3;2;3;"S-6";3;"S-2"
-4.80314589201693;2.37010892581744;-652.470820037089;116.015189558663;"T27";48.510575981345;3;2;3;"S-6";3;"S-2"
-4.71346773506594;2.3950690245693;-652.515429636175;116.037202133618;"T27";48.5198635607958;3;2;3;"S-6";3;"S-2"
-4.77708850038169;2.40432739351441;-652.839789964336;116.202020356303;"T27";48.5886792070232;3;2;3;"S-6";3;"S-2"
-4.70195497353194;2.26463007641452;-652.983033527462;116.274115403892;"T27";48.6186647438444;3;2;3;"S-6";3;"S-2"
-4.6989297081425;2.39690042194098;-653.062280737691;116.312283701284;"T27";48.6355188419111;3;2;3;"S-6";3;"S-2"
-4.74924036931035;2.42363855637513;-653.094036663736;116.328482239518;"T27";48.6422769608907;3;2;3;"S-6";3;"S-2"
-4.86258969239751;2.3900649146776;-653.120943112166;116.34221317347;"T27";48.6479423823766;3;2;3;"S-6";3;"S-2"
-4.58257864930244;2.47721948015466;-653.928413469787;116.739101805552;"T27";48.8140000612475;3;2;3;"S-6";3;"S-2"
-4.81666516797098;2.45673684507366;-654.165252807129;116.867130818261;"T27";48.865682608448;3;2;3;"S-6";3;"S-2"
-4.64033837688707;2.39780138854731;-655.142293748912;117.365469896672;"T27";49.0685285418294;3;2;3;"S-6";3;"S-2"
-4.03357111138489;2.55386487840216;-655.618847326109;117.61171935874;"T27";49.1712265647948;3;2;3;"S-6";3;"S-2"
-4.25347313313612;2.27450885294366;-655.781868983029;117.714936897871;"T27";49.2116427747533;3;2;3;"S-6";3;"S-2"
-4.29462289626322;2.3501124984609;-655.795465246579;117.722207385034;"T27";49.2148392833769;3;2;3;"S-6";3;"S-2"
-4.30922057861326;2.2679862604634;-657.956451750064;118.904746926576;"T27";49.7180235106498;3;2;3;"S-6";3;"S-2"
-4.19269979873905;2.53626218628087;-658.269514393665;119.069514953972;"T27";49.7906729928218;3;2;3;"S-6";3;"S-2"
-4.07015025849753;2.83094609905466;-658.788586392986;119.383513748789;"T27";49.9144767527469;3;2;3;"S-6";3;"S-2"
-4.43717134803542;2.42968434609379;-659.136678859901;119.625625451979;"T27";50;3;2;3;"S-6";3;"S-2"
