"Vx";"Vy";"X";"Y";"Traj";"Time";"TrueMovMode";"TrueTrajClust";"firstEstMovMode";"firstSegment";"finalEstMovMode";"finalSegment"
0;0;0;0;"T29";0;1;2;1;"S-1-NA";2;"S-1"
-11.1592758085777;8.03634669205306;0;0;"T29";0.327626615762711;1;2;1;"S-1-NA";2;"S-1"
-15.5492358559998;8.41423567313718;-1.64040732758511;1.181338487084;"T29";0.474626058712602;1;2;1;"S-1-NA";2;"S-1"
-16.159294473228;8.39593272151607;-1.92172809114926;1.33357099717627;"T29";0.492718315217644;1;2;1;"S-1-NA";2;"S-1"
-18.3028907768177;7.85840770500324;-3.96270786034748;2.39400893006707;"T29";0.619022082537413;1;2;4;"S-2-NA";2;"S-1"
-19.745025649707;7.26135656937737;-6.35562663167567;3.42141665157684;"T29";0.749762018676847;1;2;4;"S-2-NA";2;"S-1"
-20.3082953768936;7.15558126713335;-7.33336016559352;3.78098426853358;"T29";0.799279985949397;1;2;4;"S-2-NA";2;"S-1"
-20.866533869898;6.81366861477537;-8.86440073624821;4.32044289976182;"T29";0.874669896438718;1;2;4;"S-2-NA";2;"S-1"
-21.6059194183475;6.28679468160294;-10.7423739342555;4.93366822594362;"T29";0.964669184759259;1;2;4;"S-2-NA";2;"S-1"
-21.8305731470065;4.64377389247555;-14.6332531167838;6.06581900730339;"T29";1.14475312875584;1;2;4;"S-2-NA";2;"S-1"
-21.6554865663723;4.60816370654331;-14.8558679517717;6.11317337366991;"T29";1.15495051722974;1;2;4;"S-2-NA";2;"S-1"
-21.698888364572;4.64040764959592;-14.9902232437253;6.14176341150006;"T29";1.16115473210812;1;2;4;"S-2-NA";2;"S-1"
-22.0328013797132;4.73823535848146;-16.3660266021116;6.43598532376258;"T29";1.22455905657262;1;2;4;"S-2-NA";2;"S-1"
-22.0446903350265;4.53522339688158;-17.4504408659305;6.66919261862793;"T29";1.2737772311084;1;2;4;"S-2-NA";2;"S-1"
-22.2737528023917;3.82077101803043;-20.881813379012;7.37512410000679;"T29";1.42943251412362;1;2;4;"S-2-NA";2;"S-1"
-21.5662790789605;2.85914727543013;-27.5139857931831;8.51278654833587;"T29";1.72718981048092;1;2;2;"S-3";2;"S-1"
-21.7835906486461;2.65278299717624;-29.5315049719039;8.78025895012795;"T29";1.82073952164501;1;2;2;"S-3";2;"S-1"
-22.0412877005527;3.23609870768689;-35.2288114076366;9.47407099820524;"T29";2.08228072151542;1;2;2;"S-3";2;"S-1"
-22.0791399367354;3.16371270885775;-35.7417499483635;9.54938056139049;"T29";2.10555243538693;1;2;2;"S-3";2;"S-1"
-22.3768547219866;2.71598436455489;-39.399196581465;10.0734548880295;"T29";2.27120411582291;1;2;2;"S-3";2;"S-1"
-21.2909792258046;2.78405060120401;-48.6826620742108;11.2002328664559;"T29";2.68607321195304;1;2;2;"S-3";2;"S-1"
-21.4099056784719;3.00672782025515;-56.9397873058966;12.2799509114404;"T29";3.07389592053369;1;2;2;"S-3";2;"S-1"
-21.6728034901772;2.55653942082921;-60.7389745866269;12.8134946954664;"T29";3.25134589802474;1;2;2;"S-3";2;"S-1"
-21.5748179201206;2.55830234339352;-61.5587070613805;12.9101909252454;"T29";3.28916899161413;1;2;2;"S-3";2;"S-1"
-21.3895799422982;2.9333750298256;-64.8325405724618;13.2983960991796;"T29";3.44091226579621;1;2;2;"S-3";2;"S-1"
-21.4066715175712;2.94264219191405;-65.1013292102055;13.3352578739497;"T29";3.4534786012955;1;2;2;"S-3";2;"S-1"
-21.6333720856744;2.8077055802913;-66.01420983729;13.4607459045029;"T29";3.49612327991053;1;2;2;"S-3";2;"S-1"
-21.4982064141528;3.07342104799575;-67.9639302018598;13.7137920189011;"T29";3.58624886721373;1;2;2;"S-3";2;"S-1"
-21.5563468699626;2.90855951525935;-70.8308932752592;14.1236580553445;"T29";3.7196071119979;1;2;2;"S-3";2;"S-1"
-21.7840557635616;2.81493743141776;-72.3263612951612;14.3254388935028;"T29";3.78898194758222;1;2;2;"S-3";2;"S-1"
-21.7605060133133;2.56702254805345;-72.8628237469778;14.3947606145156;"T29";3.81360832834616;1;2;2;"S-3";2;"S-1"
-21.6238473905981;2.74549299999938;-73.3546093544269;14.4527751084046;"T29";3.83620824432001;1;2;2;"S-3";2;"S-1"
-21.800153562858;2.56316370986071;-77.1283886381913;14.9319166977789;"T29";4.01072757085785;1;2;2;"S-3";2;"S-1"
-21.795114895267;2.38499068455699;-78.3650451382467;15.0773171901821;"T29";4.06745453365147;1;2;2;"S-3";2;"S-1"
-21.7370604955265;2.33753470897927;-81.956210430714;15.4702903775406;"T29";4.23222380923107;1;2;2;"S-3";2;"S-1"
-21.837751279413;2.49391490543354;-82.745753041173;15.555195291733;"T29";4.26854622783139;1;2;2;"S-3";2;"S-1"
-21.8430288105944;2.48946483049186;-83.088158623089;15.5942986945292;"T29";4.28422575350851;1;2;2;"S-3";2;"S-1"
-21.6402605449697;2.32027216351825;-84.2252441616047;15.7238931057229;"T29";4.33628289029002;1;2;2;"S-3";2;"S-1"
-21.5221327636388;2.3003900059425;-84.4236518441464;15.7451664088735;"T29";4.34545134194195;1;2;2;"S-3";2;"S-1"
-21.2430074196708;2.41194289298537;-84.8815949538528;15.7941135910337;"T29";4.36672911746427;1;2;2;"S-3";2;"S-1"
-21.383842538605;2.41335629031755;-85.346520629773;15.8469015112019;"T29";4.38861517468467;1;2;2;"S-3";2;"S-1"
-21.634492518543;2.70478586452367;-90.877163771204;16.471083642677;"T29";4.64725171914324;1;2;2;"S-3";2;"S-1"
-21.3960135388309;2.35443343406106;-96.5607139093554;17.1816520121826;"T29";4.90995952859521;1;2;2;"S-3";2;"S-1"
-21.3547664020103;2.0238570590488;-98.7377317727696;17.42121269646;"T29";5.01170828938484;1;2;2;"S-3";2;"S-1"
-21.4669331085823;2.07353345853285;-100.481485530147;17.5864736168876;"T29";5.09336470859125;1;2;2;"S-3";2;"S-1"
-21.3445648744804;1.99427740854108;-100.748945310842;17.6123080852431;"T29";5.10582386050373;1;2;2;"S-3";2;"S-1"
-21.3783045744906;2.16683545440291;-101.362349788756;17.6696200379484;"T29";5.13456206535921;1;2;2;"S-3";2;"S-1"
-21.2284913972726;1.88150897181783;-106.024977591774;18.1422088346446;"T29";5.35266298102215;1;2;2;"S-3";2;"S-1"
-21.2951173170281;2.00981679276167;-106.466094421178;18.1813055964734;"T29";5.37344245240092;1;2;2;"S-3";2;"S-1"
-21.760224604688;1.76005269122185;-107.911432804382;18.3177155213655;"T29";5.44131427304819;1;2;2;"S-3";2;"S-1"
-21.8138948964449;2.124985276728;-112.693167110481;18.7044810298587;"T29";5.66106082405895;1;2;2;"S-3";2;"S-1"
-21.7754974374038;2.04825669433487;-113.383825422453;18.7717610250708;"T29";5.6927222176455;1;2;2;"S-3";2;"S-1"
-21.9341235087912;1.99693903290317;-113.979279032685;18.8277708520257;"T29";5.72006733855233;1;2;2;"S-3";2;"S-1"
-22.4873928600873;1.84875516185853;-115.900023998561;19.0026404151095;"T29";5.80763614270836;1;2;2;"S-3";2;"S-1"
-22.0968380037217;1.56895342770273;-133.26961431903;20.4306458741741;"T29";6.58005073200911;1;2;2;"S-3";2;"S-1"
-21.9578304724969;1.56131722320768;-137.062329296265;20.699942013415;"T29";6.75169135211036;1;2;2;"S-3";2;"S-1"
-21.1710304511939;2.05902064007;-143.468718520946;21.1554699786024;"T29";7.04345010453835;1;2;2;"S-3";2;"S-1"
-20.4951607942557;2.64775317555244;-155.158957135028;22.2924218454106;"T29";7.59563100291416;1;2;2;"S-3";2;"S-1"
-20.551931274436;2.57617495715241;-155.326627437314;22.3140830355705;"T29";7.60381197324023;1;2;2;"S-3";2;"S-1"
-20.5595595803323;2.99377526953096;-157.171388577422;22.5453229802556;"T29";7.69357293611392;1;2;2;"S-3";2;"S-1"
-21.0281349725166;2.63006151755526;-159.818882371187;22.9308371453351;"T29";7.82234484795481;1;2;2;"S-3";2;"S-1"
-20.8564101614126;3.16541634752453;-167.390575101403;23.8778549240644;"T29";8.18241923116148;1;2;2;"S-3";2;"S-1"
-21.4478823732521;2.8818886384982;-170.595918967733;24.3643359529372;"T29";8.33610550034791;1;2;2;"S-3";2;"S-1"
-22.294539301018;2.83726160978719;-177.091717280518;25.2371571960702;"T29";8.63896982045844;1;2;2;"S-3";2;"S-1"
-22.2892488107417;2.50994874864523;-180.145248130032;25.6257575495761;"T29";8.77593299373984;1;2;2;"S-3";2;"S-1"
-22.2374147164309;2.50085909029108;-180.550484549363;25.6713904308025;"T29";8.79411379573867;1;2;2;"S-3";2;"S-1"
-21.8527860322311;2.08298413554174;-183.250353511197;25.9750224816455;"T29";8.91552489483729;1;2;2;"S-3";2;"S-1"
-21.6552999874541;2.24033103890159;-185.489670321096;26.188471759124;"T29";9.01799772400409;1;2;2;"S-3";2;"S-1"
-21.4714654389872;2.31214686029321;-185.676757655318;26.2078267235939;"T29";9.02663705637679;1;2;2;"S-3";2;"S-1"
-21.5199840456775;2.3476714390417;-185.995403377629;26.2421399710283;"T29";9.04147748369724;1;2;2;"S-3";2;"S-1"
-21.9936411053757;2.13141648867929;-190.361204051364;26.7184166043438;"T29";9.24434941262007;1;2;2;"S-3";2;"S-1"
-21.6836329279436;2.45941954332212;-193.172495166111;26.9908604533518;"T29";9.37217231839895;1;2;2;"S-3";2;"S-1"
-21.4782129258894;2.39516594115648;-194.265073592945;27.1147838173239;"T29";9.42255955887958;1;2;2;"S-3";2;"S-1"
-21.5498471448362;2.62094201179258;-204.273817500488;28.2309196245171;"T29";9.88855474861339;1;2;2;"S-3";2;"S-1"
-21.2577101850812;3.05114979916923;-207.766244684043;28.6556766572229;"T29";10.0506174843758;1;2;2;"S-3";2;"S-1"
-21.1230565095183;3.06865672123658;-208.697205597387;28.7892988196785;"T29";10.0944115198217;1;2;2;"S-3";2;"S-1"
-21.5922366773358;2.86770912791378;-214.719425273842;29.6641781193948;"T29";10.379513236694;1;2;2;"S-3";2;"S-1"
-21.929127606453;2.66668366496154;-215.083709943689;29.7125595116744;"T29";10.3963843313977;1;2;2;"S-3";2;"S-1"
-21.4223570967073;2.46908906648289;-216.185821657794;29.8465814097503;"T29";10.4466422228143;1;2;2;"S-3";2;"S-1"
-21.5455582454313;2.33996029477045;-217.647793694255;30.0150847707219;"T29";10.5148873757571;1;2;2;"S-3";2;"S-1"
-21.5792027813024;2.28504188102117;-217.697808363857;30.0205166253851;"T29";10.5172087205574;1;2;2;"S-3";2;"S-1"
-21.2670445392336;2.17917616968746;-218.325728003168;30.0870076208256;"T29";10.5463070911355;1;2;2;"S-3";2;"S-1"
-21.572292460461;2.08687480799053;-224.486536413499;30.718288890258;"T29";10.8359951293096;1;2;2;"S-3";2;"S-1"
-21.6573967272161;2.11966916115314;-224.957872995317;30.7638853626998;"T29";10.8578442945145;1;2;2;"S-3";2;"S-1"
-21.949878925226;2.0812941753702;-228.775706535911;31.1375472630816;"T29";11.0341274179518;1;2;2;"S-3";2;"S-1"
-21.8399028403776;2.06071019581551;-229.713646569382;31.2264830214591;"T29";11.0768584068865;1;2;2;"S-3";2;"S-1"
-21.8879610472579;2.11610090797706;-230.697732371595;31.3193367150401;"T29";11.1219174810685;1;2;2;"S-3";2;"S-1"
-21.2771583833024;2.30899894568768;-232.238006034184;31.4682484610405;"T29";11.1922882962972;1;2;2;"S-3";2;"S-1"
-21.284678655497;2.30591846714136;-233.234453167671;31.5763829844203;"T29";11.2391200731508;1;2;2;"S-3";2;"S-1"
-20.684144192333;2.5968069216171;-235.764778679467;31.8505108874048;"T29";11.3580002100207;1;2;2;"S-3";2;"S-1"
-21.3969472602917;2.45638656811506;-238.897528140397;32.2438143476877;"T29";11.5094567765482;1;2;2;"S-3";2;"S-1"
-21.253546135787;2.52171350050665;-239.952972110677;32.3649801551487;"T29";11.5587836247869;1;2;2;"S-3";2;"S-1"
-21.016837749904;2.60995187127674;-240.990438834188;32.4880746178934;"T29";11.6075974423438;1;2;2;"S-3";2;"S-1"
-21.1158957528656;2.84848512342218;-244.422668957696;32.9143021760113;"T29";11.7709060315974;1;2;2;"S-3";2;"S-1"
-21.7292890561276;2.290959230959;-247.056709940955;33.2696281656407;"T29";11.8956481222995;1;2;2;"S-3";2;"S-1"
-21.59225026403;2.53510951032045;-252.653335850343;33.8596908113268;"T29";12.1532095130533;1;2;2;"S-3";2;"S-1"
-21.3498628926413;2.45980117151106;-255.715998166844;34.2192728035008;"T29";12.2950503253378;1;2;2;"S-3";2;"S-1"
-21.4608060170013;2.13298554661231;-260.442535401859;34.7638356368241;"T29";12.5164352240972;1;2;2;"S-3";2;"S-1"
-21.4777416938375;2.11203218413984;-260.508964472426;34.7704380098796;"T29";12.5195305910893;1;2;2;"S-3";2;"S-1"
-21.2762517889706;1.84543896711365;-263.820055351313;35.0960369764985;"T29";12.6736944192089;1;2;2;"S-3";2;"S-1"
-21.1044324363511;1.71956882333674;-272.627303989186;35.8599515978612;"T29";13.0876417970285;1;2;2;"S-3";2;"S-1"
-21.1226244861554;2.05966830359313;-274.232742427744;35.9907611751885;"T29";13.1637129466981;1;2;2;"S-3";2;"S-1"
-21.3575656686437;2.04035751282716;-276.265234372175;36.1889495791909;"T29";13.2599364034832;1;2;2;"S-3";2;"S-1"
-21.4604790085187;2.0069036779649;-280.075341960375;36.5529415136124;"T29";13.4383325581439;1;2;2;"S-3";2;"S-1"
-21.5245239996226;1.95334209797329;-280.540433805023;36.5964351622511;"T29";13.4600045741536;1;2;2;"S-3";2;"S-1"
-20.9821965373471;2.41775291076976;-286.04927123428;37.096359995044;"T29";13.715937640518;1;2;2;"S-3";2;"S-1"
-20.8525261535997;2.536095905098;-288.635234531416;37.3943373911505;"T29";13.839183235541;1;2;2;"S-3";2;"S-1"
-20.6681090320267;2.61845800652552;-289.93134056759;37.5519705328957;"T29";13.9013390638866;1;2;2;"S-3";2;"S-1"
-20.7221746270634;2.6864252728197;-290.13614841059;37.5779177898736;"T29";13.9112484292127;1;2;2;"S-3";2;"S-1"
-21.0981098120625;2.95840081158947;-295.045321549777;38.2143436007311;"T29";14.1481527709402;1;2;2;"S-3";2;"S-1"
-21.293023315843;2.90752686112076;-296.809412048567;38.4617063649705;"T29";14.2317664460279;1;2;2;"S-3";2;"S-1"
-21.8219900838344;2.46243795809293;-303.470005729669;39.3711993360511;"T29";14.5445728325285;1;2;2;"S-3";2;"S-1"
-21.7190443506013;2.36267805909292;-304.262533857998;39.4606298297209;"T29";14.5808906992897;1;2;2;"S-3";2;"S-1"
-21.5549392388799;2.37170741080439;-307.908055423881;39.8572031631798;"T29";14.7487397771329;1;2;2;"S-3";2;"S-1"
-21.6823027779771;2.41796360214145;-308.563380250932;39.9293090843136;"T29";14.7791423136368;1;2;2;"S-3";2;"S-1"
-21.8293742554231;2.51399146343089;-309.733958636148;40.0598494590095;"T29";14.8331300471909;1;2;2;"S-3";2;"S-1"
-21.321326748124;2.80901729439843;-318.901408337893;41.1156236659083;"T29";15.2530893916264;1;2;2;"S-3";2;"S-1"
-21.5657559837038;2.7168558022016;-321.135287061387;41.4099301151276;"T29";15.3578614233993;1;2;2;"S-3";2;"S-1"
-21.7101316905712;2.90157917729433;-325.003066560645;41.897193310637;"T29";15.5372096225619;1;2;2;"S-3";2;"S-1"
-21.9413702472312;2.94672223176851;-328.418728127087;42.3536996376887;"T29";15.6945399241522;1;2;2;"S-3";2;"S-1"
-21.946491638877;2.83909027706718;-328.900627122694;42.4184185895054;"T29";15.7165029551834;1;2;2;"S-3";2;"S-1"
-21.5692768534147;2.64448671822719;-338.556941083106;43.667599895038;"T29";16.1564964684658;1;2;2;"S-3";2;"S-1"
-21.6363286064077;2.55677791742466;-342.513035462989;44.152634192421;"T29";16.3399098673835;1;2;2;"S-3";2;"S-1"
-21.657246967813;2.59505605940399;-344.844026324686;44.4280887794409;"T29";16.4476449135691;1;2;2;"S-3";2;"S-1"
-21.7780094006445;2.54089456218452;-346.484279029195;44.6246302755099;"T29";16.5233818115667;1;2;2;"S-3";2;"S-1"
-22.0123178084333;2.49724486847999;-347.070083294038;44.6929775171544;"T29";16.5502807009034;1;2;2;"S-3";2;"S-1"
-22.1161998934195;2.52823403646397;-347.317952848878;44.7210977259968;"T29";16.5615411940962;1;2;2;"S-3";2;"S-1"
-22.0785709438167;2.65295778083509;-347.630061406977;44.7567767071718;"T29";16.575653408654;1;2;2;"S-3";2;"S-1"
-21.5549638983806;2.3809591788636;-352.033072948178;45.2858419151085;"T29";16.77507807035;1;2;2;"S-3";2;"S-1"
-22.0017548801144;2.31617924410336;-356.185423703385;45.7445101685595;"T29";16.9677181867883;1;2;2;"S-3";2;"S-1"
-21.9791266273954;2.34015746943411;-357.002396320151;45.8305148999214;"T29";17.0048503438011;1;2;2;"S-3";2;"S-1"
-22.3428412327623;2.02061289808294;-358.244262252333;45.9627386177469;"T29";17.0613524038345;1;2;2;"S-3";2;"S-1"
-22.3303093795259;2.06044760061735;-358.3464356208;45.9719788403315;"T29";17.0659253839403;1;2;2;"S-3";2;"S-1"
-22.338335673827;2.06609478452833;-358.581308331156;45.9936508603775;"T29";17.0764434966259;1;2;2;"S-3";2;"S-1"
-22.2703478353016;1.97793182347279;-358.920197246451;46.0249950317002;"T29";17.0916142291389;1;2;2;"S-3";2;"S-1"
-22.4117934149894;1.82760289129947;-360.004369330684;46.121285331402;"T29";17.1402965439484;1;2;2;"S-3";2;"S-1"
-22.0179384305331;1.74138480491206;-361.816181466803;46.2690322357728;"T29";17.2211384517141;1;2;2;"S-3";2;"S-1"
-21.6291535539743;1.85694260319512;-365.660789884342;46.5730998804464;"T29";17.3957510036416;1;2;2;"S-3";2;"S-1"
-21.6197416287592;1.59220371188164;-366.70203961725;46.6624950102547;"T29";17.4438920337707;1;2;2;"S-3";2;"S-1"
-21.644914363446;1.21202000001457;-368.071585172248;46.7633563227395;"T29";17.5072390236892;1;2;2;"S-3";2;"S-1"
-20.8494864264979;1.65032328187726;-370.226584374057;46.8840267993582;"T29";17.6068004802801;1;2;2;"S-3";2;"S-1"
-20.6565643518443;1.88039705436709;-372.060681786888;47.0292032128059;"T29";17.6947689498775;1;2;2;"S-3";2;"S-1"
-21.496983120675;2.70113161273756;-377.385516903924;47.513930687255;"T29";17.9525482701138;1;2;2;"S-3";2;"S-1"
-21.4348510625167;2.6816291060588;-377.617318961241;47.5430570005336;"T29";17.9633312742226;1;2;2;"S-3";2;"S-1"
-21.4878099324573;2.32073042252139;-381.141491830027;47.9839522748771;"T29";18.1277444935404;1;2;2;"S-3";2;"S-1"
-21.6371607951951;2.5707224484288;-395.654432894638;49.5513816199229;"T29";18.803147948347;1;2;2;"S-3";2;"S-1"
-20.8615585542166;2.75593078394551;-401.929280226452;50.296899530015;"T29";19.0931512159295;1;2;2;"S-3";2;"S-1"
-20.5928612073972;3.32951708278184;-405.680774137765;50.7924932570657;"T29";19.2729792906903;1;2;2;"S-3";2;"S-1"
-20.8541624454501;3.26344363028536;-412.104260750466;51.8310623122646;"T29";19.5849071256816;1;2;2;"S-3";2;"S-1"
-21.1379925078897;3.34831130485962;-414.575217170117;52.2177394089601;"T29";19.7033945703879;1;2;2;"S-3";2;"S-1"
-21.4041175578119;2.70053351067457;-419.526160038898;53.0019812413416;"T29";19.9376146774739;1;2;2;"S-3";2;"S-1"
-21.3873697442043;2.92575234730276;-422.486803113218;53.3755222580993;"T29";20.075935870409;1;2;2;"S-3";2;"S-1"
-21.3297409210156;2.71376628765484;-423.749887547102;53.5483098561759;"T29";20.1349933631718;1;2;2;"S-3";2;"S-1"
-21.4147509842226;2.79393596274023;-424.457176216052;53.6382976414258;"T29";20.168153103441;1;2;2;"S-3";2;"S-1"
-21.3925671531625;2.8727729096642;-426.781075072002;53.9414916683932;"T29";20.2766717062332;1;2;2;"S-3";2;"S-1"
-21.0408912089214;2.9457308041777;-429.732967488809;54.3378964807064;"T29";20.4146585310809;1;2;2;"S-3";2;"S-1"
-21.9170316200215;2.52383243532246;-432.066218254476;54.6645522571205;"T29";20.5255497829057;1;2;2;"S-3";2;"S-1"
-21.8105419276424;2.61383008366216;-433.006853895131;54.7728701525757;"T29";20.5684678046964;1;2;2;"S-3";2;"S-1"
-21.9575094364504;2.40450508769585;-433.424326588629;54.8229011279175;"T29";20.5876086722128;1;2;2;"S-3";2;"S-1"
-21.540033390633;2.43185834195196;-443.385013001;55.9136678756129;"T29";21.0412432905287;1;2;2;"S-3";2;"S-1"
-21.3407012736102;2.53280722359165;-444.506808176554;56.0403179557757;"T29";21.0933228372596;1;2;2;"S-3";2;"S-1"
-21.6186674323854;2.54841233517107;-448.223307429004;56.4814082476266;"T29";21.2674735928886;1;2;2;"S-3";2;"S-1"
-22.1421146555608;2.29709673223451;-451.201949353497;56.832531083767;"T29";21.4052546070889;1;2;2;"S-3";2;"S-1"
-22.1633113219812;2.16566750608618;-452.182360937919;56.9342422473958;"T29";21.449532744009;1;2;2;"S-3";2;"S-1"
-21.8453988600205;2.04374859229561;-455.043987187349;57.2138634146899;"T29";21.5786482091062;1;2;2;"S-3";2;"S-1"
-21.4305212935572;2.28094163448553;-456.796138591722;57.3777861239579;"T29";21.6588550945744;1;2;2;"S-3";2;"S-1"
-21.2914100647431;2.23367759164393;-456.937053949354;57.3927843455018;"T29";21.6654305462725;1;2;2;"S-3";2;"S-1"
-20.1990408570081;2.81020265070287;-464.153359168902;58.1498454896136;"T29";22.0043609035201;1;2;2;"S-3";2;"S-1"
-20.7344594237967;2.76979346216716;-468.890440204716;58.8088944898943;"T29";22.238881001249;1;2;2;"S-3";2;"S-1"
-20.6644114422621;2.68220179652058;-469.719246065622;58.9196097493578;"T29";22.2788533894345;1;2;2;"S-3";2;"S-1"
-21.5662327287634;2.98398558702277;-475.880809683605;59.7193691352812;"T29";22.5770261022262;1;2;2;"S-3";2;"S-1"
-21.4915372138353;2.56023217221699;-479.051715268937;60.1581076337218;"T29";22.7240571402945;1;2;2;"S-3";2;"S-1"
-21.3918002019539;2.59272011679043;-481.080731485364;60.399819175505;"T29";22.8184671490453;1;2;2;"S-3";2;"S-1"
-21.0130352556776;2.79933905860324;-487.605242125615;61.1906002144775;"T29";23.1234676903114;1;2;2;"S-3";2;"S-1"
-20.8637299936513;2.48107818998114;-494.585980437698;62.1205683593519;"T29";23.4556775889359;1;2;2;"S-3";2;"S-1"
-12.8578841691567;-1.99554708458581;-500.911896724134;62.8728352327584;"T29";23.7588791875169;3;2;1;"S-4-NA";3;"S-2"
-8.39014922102157;-2.3915113354425;-503.362613438535;62.4924833389142;"T29";23.9494794979692;3;2;1;"S-4-NA";3;"S-2"
-6.71136730679019;-2.14644447659323;-504.02766724563;62.3029177332918;"T29";24.0287455264479;3;2;1;"S-4-NA";3;"S-2"
-3.98211047080352;0.504783300165637;-506.516594184836;61.5069035625432;"T29";24.3995979661122;3;2;1;"S-4-NA";3;"S-2"
-3.73197120038377;1.31218363645836;-507.15820241135;61.5882355899614;"T29";24.5607206248678;3;2;1;"S-4-NA";3;"S-2"
-4.10576002561928;1.61315425837524;-507.39935592847;61.6730266245242;"T29";24.6253388933837;3;2;1;"S-4-NA";3;"S-2"
-4.26743149165696;1.75771075735081;-507.655109635035;61.7735123271142;"T29";24.6876303339377;3;2;1;"S-4-NA";3;"S-2"
-5.3226347569456;2.12481162809526;-508.865879981878;62.2722160713891;"T29";24.9713537748903;3;2;1;"S-4-NA";3;"S-2"
-5.04293235992841;1.90329670626952;-510.189808400407;62.8007322343262;"T29";25.2200893126428;3;2;1;"S-4-NA";3;"S-2"
-4.89943318249545;1.98446937372631;-510.339852925047;62.8573618357485;"T29";25.2498427405953;3;2;1;"S-4-NA";3;"S-2"
-4.58067282487882;2.07241321275557;-510.445316280285;62.9000787768158;"T29";25.2713683643378;3;2;3;"S-5-NA";3;"S-2"
-4.55584854195963;2.06706287319438;-512.406183186841;63.787224975848;"T29";25.6994423572905;3;2;3;"S-5-NA";3;"S-2"
-4.43567079569287;2.07867329790698;-512.475222054856;63.8185490375606;"T29";25.7145962561481;3;2;3;"S-5-NA";3;"S-2"
-4.63113135360573;1.9748051860791;-512.649888792142;63.9004025157722;"T29";25.7539740065113;3;2;3;"S-5-NA";3;"S-2"
-4.38752731170344;2.04558624757003;-514.333807283972;64.618458367937;"T29";26.1175824562088;3;2;3;"S-5-NA";3;"S-2"
-4.78108492410711;1.25374378979214;-515.367076454557;65.1001969544405;"T29";26.3530839351006;3;2;1;"S-6-NA";3;"S-2"
-4.78294046194159;1.27057865966229;-515.404614824775;65.1100406404002;"T29";26.3609353685752;3;2;1;"S-6-NA";3;"S-2"
-4.18160376610549;1.36492262311406;-518.154346507909;65.840501415354;"T29";26.9358393852599;3;2;1;"S-6-NA";3;"S-2"
-4.16154792955912;1.29055191878096;-518.44196456506;65.9343831925335;"T29";27.0046211429872;3;2;1;"S-6-NA";3;"S-2"
-4.2079679047742;1.43996751820928;-518.571750765126;65.9746316367088;"T29";27.0358081441373;3;2;1;"S-6-NA";3;"S-2"
-3.90317252318359;1.42717517353614;-518.739201436238;66.0319332922251;"T29";27.0756018580869;3;2;1;"S-6-NA";3;"S-2"
-3.96778432285565;1.85225026872145;-519.085680247788;66.1586215067646;"T29";27.1643703687005;3;2;1;"S-6-NA";3;"S-2"
-4.41505597904114;1.88547456147464;-519.336626872164;66.2757689912581;"T29";27.2276164032519;3;2;3;"S-7-NA";3;"S-2"
-4.12805585853008;2.26875117482409;-519.767845794859;66.4599234647295;"T29";27.3252864950337;3;2;3;"S-7-NA";3;"S-2"
-4.57854121563184;2.24685734305363;-520.353663815773;66.7818850293812;"T29";27.4671978550032;3;2;3;"S-7-NA";3;"S-2"
-4.36389516390466;2.33272167444435;-520.553932385803;66.8801641287628;"T29";27.5109385489486;3;2;3;"S-7-NA";3;"S-2"
-4.16420385742694;2.00164986117702;-521.004675132336;67.1211088203618;"T29";27.6142276357859;3;2;3;"S-7-NA";3;"S-2"
-4.37136851742213;2.04661069621532;-522.51828231348;67.8486696477716;"T29";27.9777082032524;3;2;3;"S-7-NA";3;"S-2"
-4.61867316919639;2.09980236113115;-523.924880230704;68.5072181849612;"T29";28.299483389128;3;2;3;"S-7-NA";3;"S-2"
-5.06173354077943;2.20763752883086;-524.820898410684;68.9145778358857;"T29";28.4934824332595;3;2;1;"S-8-NA";3;"S-2"
-4.32105013410918;2.20394413212182;-525.822586512719;69.3514566696726;"T29";28.6913767107762;3;2;3;"S-9-NA";3;"S-2"
-4.01048837050076;2.35633679081916;-525.991355540829;69.4375370199679;"T29";28.7304341210984;3;2;3;"S-9-NA";3;"S-2"
-4.38820095856851;1.98481586145836;-526.971422480716;70.0133690819453;"T29";28.9748100796714;3;2;3;"S-9-NA";3;"S-2"
-4.39235683162832;1.7393954008108;-527.840712808316;70.4065555487281;"T29";29.1729072807357;3;2;3;"S-9-NA";3;"S-2"
-4.39429611793782;1.75179416225421;-528.479940177714;70.6596928026044;"T29";29.3184390291572;3;2;3;"S-9-NA";3;"S-2"
-4.39634792009169;1.71306296954874;-528.497582259953;70.6667258508668;"T29";29.3224537977949;3;2;1;"S-10-NA";3;"S-2"
-4.36907430705457;1.959914949822;-529.206638635624;70.9430138614068;"T29";29.4837368419394;3;2;3;"S-11-NA";3;"S-2"
-4.08406491476295;1.95732530350788;-529.314399291599;70.9913540144473;"T29";29.508401255589;3;2;3;"S-11-NA";3;"S-2"
-3.99440990000649;2.07624384613039;-529.350517676956;71.0086640795556;"T29";29.5172449899837;3;2;3;"S-11-NA";3;"S-2"
-3.84457340794705;2.15384102315775;-529.403493720759;71.0362003584284;"T29";29.5305075356737;3;2;3;"S-11-NA";3;"S-2"
-4.42964754183875;2.25889608684828;-529.966091170294;71.3513836928984;"T29";29.6768430038355;3;2;3;"S-11-NA";3;"S-2"
-4.47804759993622;2.11229576727315;-531.537026065297;72.1524809931915;"T29";30.0314840627834;3;2;3;"S-11-NA";3;"S-2"
-4.40674624696052;2.17927728140472;-531.906137396979;72.3265908672303;"T29";30.1139109069481;3;2;3;"S-11-NA";3;"S-2"
-4.57795658575785;2.23484131707434;-532.18362801181;72.4638188714798;"T29";30.1768804085441;3;2;3;"S-11-NA";3;"S-2"
-4.825530683608;2.19204197275345;-532.841250140787;72.7848531751758;"T29";30.3205301170237;3;2;1;"S-12-NA";3;"S-2"
-4.83357816416661;1.62569789525721;-534.298371964737;73.4467642491977;"T29";30.6224910658784;3;2;1;"S-12-NA";3;"S-2"
-4.13916194836045;1.39330298103627;-534.765488070031;73.6038713949654;"T29";30.719130882062;3;2;1;"S-12-NA";3;"S-2"
-4.19476812234626;1.76576842524766;-534.983751210897;73.6773419884367;"T29";30.7718621217646;3;2;1;"S-12-NA";3;"S-2"
-4.7448082440454;1.52574755743637;-535.807073555873;74.0239157579887;"T29";30.9681357466616;3;2;1;"S-12-NA";3;"S-2"
-4.60401715362796;1.72128769764267;-535.887313403647;74.0497178021291;"T29";30.9850468300283;3;2;3;"S-13-NA";3;"S-2"
-4.52387445701594;1.69084102661103;-536.011514009779;74.0961522458422;"T29";31.0120234033093;3;2;1;"S-14-NA";3;"S-2"
-4.6628951947621;1.58232817531236;-536.102468751907;74.1301474442095;"T29";31.0321288998239;3;2;1;"S-14-NA";3;"S-2"
-3.93177561597868;1.80874150735729;-537.776654501664;74.6982732913277;"T29";31.3911731587723;3;2;1;"S-14-NA";3;"S-2"
-3.64695131523702;2.08308455643459;-538.611293287172;75.0822336091198;"T29";31.603453529533;3;2;1;"S-14-NA";3;"S-2"
-4.26882878087133;1.86904365780485;-540.945941719933;76.4157502027385;"T29";32.2436179383658;3;2;3;"S-15-NA";3;"S-2"
-4.59468498390608;2.31427983986044;-542.024678941512;76.8880593690057;"T29";32.4963189195842;3;2;3;"S-15-NA";3;"S-2"
-5.23494072857128;2.19300418912191;-542.558081908452;77.1567271312645;"T29";32.6124102226458;3;2;1;"S-16-NA";3;"S-2"
-4.68621644704852;2.37931924166304;-544.409851348779;77.9324643077643;"T29";32.9661428695545;3;2;1;"S-16-NA";3;"S-2"
-4.18431270245914;2.39451831033983;-545.191321479707;78.3292378969301;"T29";33.1329021602869;3;2;3;"S-17-NA";3;"S-2"
-4.31675533158292;2.1837828119375;-545.445446467434;78.4746636763821;"T29";33.1936349510215;3;2;3;"S-17-NA";3;"S-2"
-4.92170273232564;1.94348740692395;-545.959076873272;78.7345017181053;"T29";33.3126202458516;3;2;1;"S-18-NA";3;"S-2"
-5.08363933499466;1.78219422676686;-546.072903775364;78.7794498108321;"T29";33.3357477909885;3;2;1;"S-18-NA";3;"S-2"
-5.08600860502364;1.69178353771998;-546.129481383573;78.799284476525;"T29";33.3468771423213;3;2;1;"S-18-NA";3;"S-2"
-5.08120107713269;1.54981005848222;-546.260323533339;78.8428071309689;"T29";33.3726030425169;3;2;1;"S-18-NA";3;"S-2"
-4.44560012572075;1.81341622509798;-546.622910273949;78.9533992073577;"T29";33.4439615136944;3;2;3;"S-19-NA";3;"S-2"
-4.19803280000429;1.80198081883144;-546.802375963272;79.0266055200407;"T29";33.4843307966366;3;2;1;"S-20-NA";3;"S-2"
-4.04432627900817;1.76803307679364;-546.868191258036;79.0548563471306;"T29";33.5000084480271;3;2;1;"S-20-NA";3;"S-2"
-3.99067546233201;1.72449984759508;-547.106618207692;79.1590879803642;"T29";33.5589618887752;3;2;1;"S-20-NA";3;"S-2"
-4.03271231667249;1.67474867926167;-547.169337887625;79.1861911811897;"T29";33.5746784461662;3;2;1;"S-20-NA";3;"S-2"
-4.16757198020756;1.48159883026182;-547.362902463774;79.2665767859149;"T29";33.6226770537905;3;2;1;"S-20-NA";3;"S-2"
-3.57744743682098;1.5792144051204;-547.887686298673;79.4531408379862;"T29";33.7485978147015;3;2;1;"S-20-NA";3;"S-2"
-4.20227410449091;1.93226117045104;-548.67289642855;79.7997609267636;"T29";33.9680867502466;3;2;3;"S-21-NA";3;"S-2"
-3.64782172143088;2.13471626210958;-550.441426531708;80.6129544410695;"T29";34.3889374751598;3;2;1;"S-22-NA";3;"S-2"
-3.77425769504256;2.0765758199263;-550.774365755368;80.8077914778863;"T29";34.4802081701346;3;2;1;"S-22-NA";3;"S-2"
-3.71099583039184;2.06759957441239;-551.214678668213;81.0500492201748;"T29";34.5968702924438;3;2;1;"S-22-NA";3;"S-2"
-3.80103811383391;2.05599786811525;-551.302486725532;81.0989719110752;"T29";34.6205318812281;3;2;1;"S-22-NA";3;"S-2"
-4.39770590194254;2.07513654253045;-553.438103817179;82.2541363835269;"T29";35.1823828881606;3;2;3;"S-23-NA";3;"S-2"
-4.19133139612401;2.03912473131712;-553.60785532886;82.3342366842051;"T29";35.2209829026833;3;2;3;"S-23-NA";3;"S-2"
-4.01420894088126;2.1110000536724;-553.849934128408;82.4520104463902;"T29";35.278739919886;3;2;3;"S-23-NA";3;"S-2"
-4.11670686138212;2.09680716542341;-554.360005878046;82.7202479763045;"T29";35.4058064869605;3;2;3;"S-23-NA";3;"S-2"
-4.5387461607192;1.96487406451696;-554.863801421019;82.9768516500624;"T29";35.5281847761944;3;2;3;"S-23-NA";3;"S-2"
-3.29542312432567;2.88435068066718;-556.030494688317;83.4819262369604;"T29";35.7852366636507;3;2;1;"S-24-NA";3;"S-2"
-4.3274249249841;2.86358244895174;-557.280894661801;84.5763508005323;"T29";36.1646719975397;3;2;1;"S-24-NA";3;"S-2"
-4.43406879480624;3.05350753162454;-558.367158477912;85.2951630393736;"T29";36.415690521244;3;2;1;"S-24-NA";3;"S-2"
-4.16398944764005;3.02761413339779;-558.538441768643;85.4131167388973;"T29";36.454319441691;3;2;1;"S-24-NA";3;"S-2"
-4.59029759640059;2.72749389988873;-559.579532179702;86.1700879277779;"T29";36.7043417878449;3;2;1;"S-24-NA";3;"S-2"
-4.73572347113906;2.33689684969687;-559.86798146295;86.3414806629904;"T29";36.7671806947328;3;2;1;"S-24-NA";3;"S-2"
-4.25659693000897;2.28937578291491;-560.602086102497;86.70373298409;"T29";36.9221949484199;3;2;3;"S-25-NA";3;"S-2"
-4.25720173545396;2.32868112044271;-561.40776668252;87.1370616828131;"T29";37.1114730485715;3;2;3;"S-25-NA";3;"S-2"
-3.93109857941661;2.49107062118796;-561.648700265014;87.2688518867306;"T29";37.168067402672;3;2;3;"S-25-NA";3;"S-2"
-5.02590587816821;2.59022144308601;-562.867682625265;88.0413003725729;"T29";37.4781543505378;3;2;1;"S-26-NA";3;"S-2"
-4.42449219942801;2.79971046982201;-563.933231990894;88.5904568594677;"T29";37.690165755339;3;2;1;"S-26-NA";3;"S-2"
-4.84077447092066;2.52453981317136;-565.19971456552;89.3918560628579;"T29";37.9764093551785;3;2;1;"S-26-NA";3;"S-2"
-4.70995028806131;2.47949839556558;-565.258278577023;89.4223981134217;"T29";37.9885074216872;3;2;1;"S-26-NA";3;"S-2"
-5.0892322913049;2.16595875813208;-565.931250390703;89.7766762756585;"T29";38.1313904188573;3;2;1;"S-26-NA";3;"S-2"
-4.36782881187215;2.42483690251715;-566.397299408921;89.9750250432027;"T29";38.2229659240693;3;2;3;"S-27-NA";3;"S-2"
-4.4568382046093;2.33084105437434;-567.550188619305;90.6150611852455;"T29";38.4869161061943;3;2;3;"S-27-NA";3;"S-2"
-4.52083653191055;1.97595600902803;-567.7669597251;90.7284283234708;"T29";38.5355539736338;3;2;3;"S-27-NA";3;"S-2"
-4.52482609189823;2.09256324234785;-567.828095373565;90.7551493409413;"T29";38.549077056814;3;2;3;"S-27-NA";3;"S-2"
-4.38137008469248;2.13765315835358;-567.906178031708;90.7912596570013;"T29";38.5663335560821;3;2;3;"S-27-NA";3;"S-2"
-4.03997915707627;2.05284914317592;-568.396833755666;91.0306486466798;"T29";38.6783203808591;3;2;3;"S-27-NA";3;"S-2"
-4.46764975914284;1.87739545037188;-568.909480067689;91.2911414614867;"T29";38.8052136870101;3;2;3;"S-27-NA";3;"S-2"
-4.24591609471377;1.87299976763434;-569.653242379557;91.6036852050071;"T29";38.97169099655;3;2;3;"S-27-NA";3;"S-2"
-4.13790500375954;2.14788041872509;-569.87464758262;91.7013536197001;"T29";39.0238364459947;3;2;3;"S-27-NA";3;"S-2"
-4.11962004471002;2.15021536805245;-569.88225666499;91.7053032993112;"T29";39.0256753191352;3;2;3;"S-27-NA";3;"S-2"
-4.16192460293065;2.03834989845064;-569.91982318593;91.7249109596712;"T29";39.0347942477092;3;2;3;"S-27-NA";3;"S-2"
-3.92786255934961;2.23969340195442;-569.970745375276;91.7498506809267;"T29";39.0470294980332;3;2;3;"S-27-NA";3;"S-2"
-4.0085771568075;2.45086021021874;-570.113991452489;91.831530548575;"T29";39.0834987163544;3;2;3;"S-27-NA";3;"S-2"
-4.04243310519561;2.50560724894391;-570.129696701386;91.8411328009725;"T29";39.0874166274443;3;2;3;"S-27-NA";3;"S-2"
-4.51393010115736;2.21803161013976;-571.18977868937;92.4981997318148;"T29";39.3496552249417;3;2;3;"S-27-NA";3;"S-2"
-3.92450530012762;2.39886725522566;-571.587343824396;92.693553230167;"T29";39.4377303891815;3;2;3;"S-27-NA";3;"S-2"
-4.05872735072502;2.34647053914781;-571.739816447929;92.7867526415423;"T29";39.4765818142332;3;2;3;"S-27-NA";3;"S-2"
-4.23114977136565;2.04724221933736;-572.52640568791;93.24150318735;"T29";39.6703837555833;3;2;3;"S-27-NA";3;"S-2"
-4.30830893080412;2.0590442479731;-573.001040719514;93.4711553925381;"T29";39.7825601277873;3;2;3;"S-27-NA";3;"S-2"
-4.19821060731228;1.93972250377313;-573.988524381839;93.9430975367844;"T29";40.0117645971477;3;2;3;"S-27-NA";3;"S-2"
-4.00261956475339;2.03949392223861;-574.273118260861;94.0745900232769;"T29";40.0795539258979;3;2;3;"S-27-NA";3;"S-2"
-3.99620906161258;2.22939267466546;-575.298182771416;94.5969011761001;"T29";40.3356523369439;3;2;3;"S-27-NA";3;"S-2"
-4.36306147075067;2.11965437651996;-575.58319192014;94.7559011930117;"T29";40.4069722164422;3;2;3;"S-27-NA";3;"S-2"
-3.92449377768328;2.13745945457481;-576.536848358719;95.2192047832272;"T29";40.6255472800694;3;2;3;"S-27-NA";3;"S-2"
-3.81857323006117;2.27565863358594;-576.692425614054;95.3039392978348;"T29";40.6651899102144;3;2;3;"S-27-NA";3;"S-2"
-3.82672484220215;2.32542869911486;-576.783627084439;95.3582903344588;"T29";40.6890735612251;3;2;3;"S-27-NA";3;"S-2"
-3.8638765966219;2.33203638919754;-576.834928129546;95.3894650145061;"T29";40.7024795538746;3;2;3;"S-27-NA";3;"S-2"
-3.44548308095744;2.23800935287899;-577.274985687059;95.6550610323393;"T29";40.8163697225973;3;2;1;"S-28-NA";3;"S-2"
-3.91282306500556;3.0190374804982;-578.419690857264;96.3986028861271;"T29";41.1486033000983;3;2;3;"S-29-NA";3;"S-2"
-3.75293098595971;3.09107706310905;-578.466336891779;96.4345938124163;"T29";41.1605246248655;3;2;1;"S-30-NA";3;"S-2"
-4.01854311645746;3.08747770533617;-579.293688929453;97.1160369075171;"T29";41.380979528185;3;2;1;"S-30-NA";3;"S-2"
-4.60199380348003;2.275070322868;-580.376802237977;97.948201225656;"T29";41.650508379098;3;2;3;"S-31-NA";3;"S-2"
-4.30763575028638;2.39644347190543;-580.769740658128;98.1424567106863;"T29";41.7358927661553;3;2;3;"S-31-NA";3;"S-2"
-4.48185850342294;2.335703301331;-580.930429432531;98.2318518189892;"T29";41.7731960071251;3;2;3;"S-31-NA";3;"S-2"
-4.52591030194939;2.12717791176333;-581.017277502638;98.2771123563103;"T29";41.7925736983307;3;2;3;"S-31-NA";3;"S-2"
-3.64238539709217;2.63264885311356;-582.204817071809;98.8352559721477;"T29";42.0549605973065;3;2;3;"S-31-NA";3;"S-2"
-3.57749845443911;2.69831051157864;-582.217513531758;98.8444327387663;"T29";42.0584463514388;3;2;3;"S-31-NA";3;"S-2"
-3.60682636038222;2.63703657939171;-582.232737340432;98.8559152211476;"T29";42.0627017854713;3;2;3;"S-31-NA";3;"S-2"
-3.5638620682247;2.70056642638223;-582.311223109489;98.9132980345366;"T29";42.0844621257856;3;2;3;"S-31-NA";3;"S-2"
-3.81735633866406;2.85165105708613;-582.57444275567;99.1127564102069;"T29";42.158320103772;3;2;3;"S-31-NA";3;"S-2"
-3.88522034438884;2.81662359062577;-583.006783472868;99.4357246515341;"T29";42.2715766821057;3;2;3;"S-31-NA";3;"S-2"
-3.71488145734401;2.70309679464475;-583.211579926653;99.5841935855657;"T29";42.3242883523926;3;2;3;"S-31-NA";3;"S-2"
-3.91341375826785;2.62955266559246;-583.278720671103;99.6330478850082;"T29";42.3423618078232;3;2;3;"S-31-NA";3;"S-2"
-4.00298444633949;2.69083284315262;-583.540056741626;99.8086482695593;"T29";42.4091413733549;3;2;3;"S-31-NA";3;"S-2"
-4.04223452072815;2.61487822001249;-583.757170252081;99.9545934193484;"T29";42.4633792834356;3;2;3;"S-31-NA";3;"S-2"
-4.34674590337689;2.56279131926297;-583.83290169249;100.003583277082;"T29";42.4821143271402;3;2;3;"S-31-NA";3;"S-2"
-4.02292517143868;2.2957921186943;-584.230835444929;100.23820043416;"T29";42.5736618344672;3;2;3;"S-31-NA";3;"S-2"
-3.96415356286877;2.7377776050386;-584.70392469738;100.508181736554;"T29";42.691260157153;3;2;3;"S-31-NA";3;"S-2"
-3.77449152096631;2.68177864793729;-585.345945206916;100.951582665682;"T29";42.8532166755758;3;2;3;"S-31-NA";3;"S-2"
-4.23742180489121;2.44788016796456;-586.44309793003;101.731110379555;"T29";43.1438923114911;3;2;3;"S-31-NA";3;"S-2"
-4.42205214091534;2.21151406618371;-587.017331264768;102.062834351492;"T29";43.279407103546;3;2;3;"S-31-NA";3;"S-2"
-4.71555229747073;2.46003428522481;-587.89024678286;102.499388441162;"T29";43.4768076520413;3;2;1;"S-32-NA";3;"S-2"
-4.17165147902628;2.51357266285362;-588.113402085841;102.615805280937;"T29";43.5241309111007;3;2;3;"S-33-NA";3;"S-2"
-4.15427907351401;2.80141363057038;-588.545089761946;102.875912901864;"T29";43.6276121530682;3;2;3;"S-33-NA";3;"S-2"
-4.22628957414266;2.70514008323454;-589.463058900065;103.494939984653;"T29";43.8485816936009;3;2;3;"S-33-NA";3;"S-2"
-4.12807860973638;2.86820735695284;-589.896153165348;103.772152569424;"T29";43.9510579337366;3;2;3;"S-33-NA";3;"S-2"
-4.07248804286254;2.69980299335482;-590.419775714745;104.135967842928;"T29";44.0779020660557;3;2;3;"S-33-NA";3;"S-2"
-4.12156875883141;2.67506865951128;-590.431335790015;104.143631444512;"T29";44.0807406441309;3;2;3;"S-33-NA";3;"S-2"
-4.09324492988855;1.99923356581839;-591.227925846295;104.660651350941;"T29";44.2740141530521;3;2;3;"S-33-NA";3;"S-2"
-4.33429605424518;2.00541316198877;-591.276748146781;104.684497268682;"T29";44.2859416827559;3;2;3;"S-33-NA";3;"S-2"
-4.2791019323133;2.52305368311287;-591.621705690264;104.844103901309;"T29";44.365529587958;3;2;3;"S-33-NA";3;"S-2"
-4.75813615759711;2.4098669586316;-592.234703366391;105.205540966599;"T29";44.5087834028527;3;2;1;"S-34-NA";3;"S-2"
-4.52841266581262;2.66068134389284;-592.629186267594;105.405335860623;"T29";44.5916904252954;3;2;1;"S-34-NA";3;"S-2"
-4.31172378493735;2.60521918476365;-592.906851246572;105.568478684375;"T29";44.6530066081323;3;2;3;"S-35-NA";3;"S-2"
-4.37274564962138;2.49545956530443;-593.045363792637;105.652170395704;"T29";44.6851312415674;3;2;3;"S-35-NA";3;"S-2"
-4.15238555217717;2.50377299308085;-593.17682780281;105.727194910726;"T29";44.7151956497692;3;2;3;"S-35-NA";3;"S-2"
-4.78343196213162;2.50462546010212;-595.633933554532;107.208761336821;"T29";45.3069291776046;3;2;1;"S-36-NA";3;"S-2"
-4.56497612204226;2.4168348560538;-595.987759917261;107.394026335584;"T29";45.3808983205818;3;2;3;"S-37-NA";3;"S-2"
-4.26764097926438;2.37673978985922;-596.229417669806;107.521967175574;"T29";45.4338356736116;3;2;3;"S-37-NA";3;"S-2"
-4.20013710742646;2.40687552268719;-596.248961875457;107.532851758287;"T29";45.4384153010324;3;2;3;"S-37-NA";3;"S-2"
-4.16655407715895;2.32146044659755;-596.268049370302;107.543789787918;"T29";45.442959794309;3;2;3;"S-37-NA";3;"S-2"
-4.22041633205551;2.32095170312547;-596.292288616602;107.55729506122;"T29";45.4487773706205;3;2;3;"S-37-NA";3;"S-2"
-4.22740095834191;2.26693285186418;-596.40210306439;107.617685792742;"T29";45.4747971845791;3;2;3;"S-37-NA";3;"S-2"
-4.05096726029124;2.97971815677329;-599.973559357444;109.532870011013;"T29";46.319632185623;3;2;3;"S-37-NA";3;"S-2"
-4.21040707171799;2.66667408747049;-600.825218798578;110.159314249408;"T29";46.5298682567663;3;2;3;"S-37-NA";3;"S-2"
-4.38166175347176;2.62193316521357;-601.416011197334;110.533494406814;"T29";46.6701854253188;3;2;3;"S-37-NA";3;"S-2"
-4.44092356059161;2.63297443960897;-601.423422893287;110.537929475635;"T29";46.6718769515865;3;2;3;"S-37-NA";3;"S-2"
-4.31559967255101;2.69288295606743;-601.580568780843;110.631099533525;"T29";46.7072628089227;3;2;3;"S-37-NA";3;"S-2"
-3.93146138481872;2.7528044529581;-602.090329587552;110.949184224463;"T29";46.8253833125345;3;2;3;"S-37-NA";3;"S-2"
-3.99841332396321;2.72230745326546;-602.333567980641;111.119499449792;"T29";46.8872530269437;3;2;3;"S-37-NA";3;"S-2"
-4.15341790706589;2.5582412803584;-602.377371932914;111.149323236403;"T29";46.8982083606534;3;2;3;"S-37-NA";3;"S-2"
-4.0095839744415;2.46794224744242;-603.442664093535;111.805475456555;"T29";47.1546940272674;3;2;3;"S-37-NA";3;"S-2"
-4.21723948323104;2.17411433119659;-604.135579579522;112.231972422992;"T29";47.3275088355877;3;2;3;"S-37-NA";3;"S-2"
-4.35899693567732;1.92607261624213;-604.515604550823;112.427886773981;"T29";47.4176210933365;3;2;3;"S-37-NA";3;"S-2"
-4.25042664717472;1.87872330390147;-604.6038743527;112.4668897948;"T29";47.4378711194731;3;2;3;"S-37-NA";3;"S-2"
-3.73861326242685;1.87542713393099;-605.040010686146;112.659665617403;"T29";47.5404811324552;3;2;1;"S-38-NA";3;"S-2"
-4.18012162919163;3.01379404916821;-606.619046389693;113.451768516529;"T29";47.9628397966735;3;2;1;"S-38-NA";3;"S-2"
-4.25052667554916;2.95028552053303;-606.774862510132;113.564109194194;"T29";48.0001152958721;3;2;1;"S-38-NA";3;"S-2"
-4.62161953019645;2.7947023912514;-608.631248993704;114.852624849089;"T29";48.4368579927832;3;2;1;"S-38-NA";3;"S-2"
-5.14855334067579;2.96628272768623;-609.656259915269;115.472450963039;"T29";48.6586440820247;3;2;1;"S-38-NA";3;"S-2"
-4.41874939071239;2.82380961878822;-610.978944847813;116.234501428473;"T29";48.9155482733622;3;2;1;"S-38-NA";3;"S-2"
-4.53350676418456;2.5714721970187;-611.244036078544;116.403908448651;"T29";48.975540639367;3;2;3;"S-39-NA";3;"S-2"
-4.55918982645494;2.62532617339757;-612.137446229161;116.910663921258;"T29";49.1726088686846;3;2;1;"S-40-NA";3;"S-2"
-4.53530833644472;2.51212098978313;-612.450715271228;117.091054176272;"T29";49.2413204279728;3;2;3;"S-41-NA";3;"S-2"
-4.29308983065404;2.42590830937774;-612.549068273216;117.14553220122;"T29";49.2630064953119;3;2;3;"S-41-NA";3;"S-2"
-4.41919317198948;2.19744950670893;-612.744250815472;117.255824547708;"T29";49.3084708461538;3;2;3;"S-41-NA";3;"S-2"
-4.33108716085848;2.30014478159137;-613.310194493987;117.537240772068;"T29";49.4365357793868;3;2;3;"S-41-NA";3;"S-2"
-4.14537409824256;2.80245575067889;-615.036302828721;118.453938804488;"T29";49.8350750538521;3;2;3;"S-41-NA";3;"S-2"
-3.93128377797646;2.65989336771038;-615.668806749691;118.881539356004;"T29";49.9876557150856;3;2;3;"S-41-NA";3;"S-2"
-4.08577969400907;2.70702437384851;-615.717335636726;118.914373837577;"T29";50;3;2;3;"S-41-NA";3;"S-2"
