"Vx";"Vy";"X";"Y";"Traj";"Time";"TrueMovMode";"TrueTrajClust";"firstEstMovMode";"firstSegment";"finalEstMovMode";"finalSegment"
0;0;0;0;"T31";0;1;2;1;"S-1-NA";2;"S-1"
-5.75054603457004;4.82444183971587;0;0;"T31";0.146413745824248;1;2;1;"S-1-NA";2;"S-1"
-6.72381555623998;5.55889873543251;-0.165641957422653;0.138965932104226;"T31";0.175218307413161;1;2;1;"S-1-NA";2;"S-1"
-7.65238605984312;6.19893909949983;-0.342785945161905;0.28541930834524;"T31";0.201564060989767;1;2;1;"S-1-NA";2;"S-1"
-7.94387954952916;6.18046376237159;-0.377170185967212;0.313272818749418;"T31";0.206057331524789;1;2;1;"S-1-NA";2;"S-1"
-8.79914394544736;6.54199648548937;-0.552408509346552;0.449611002211548;"T31";0.228116870857775;1;2;1;"S-1-NA";2;"S-1"
-11.1594647770449;7.17160393335995;-1.05354487933568;0.82219638001026;"T31";0.285069725941867;1;2;1;"S-1-NA";2;"S-1"
-16.3016217973171;7.90746314645332;-3.17444433141897;2.1851874514198;"T31";0.475123594515026;1;2;1;"S-1-NA";2;"S-1"
-17.4834579713607;7.51830949415569;-4.07083046524853;2.61999942328235;"T31";0.530111137777567;1;2;4;"S-2-NA";2;"S-1"
-18.5165368451202;7.03883361534178;-5.10100517378839;3.06299944676406;"T31";0.589033961296082;1;2;4;"S-2-NA";2;"S-1"
-19.0119427205037;7.06585005899808;-5.53663039045603;3.22859701203334;"T31";0.612560240551829;1;2;4;"S-2-NA";2;"S-1"
-19.4554605011422;6.92408745550058;-6.69635953801048;3.65961410408632;"T31";0.673560274299234;1;2;4;"S-2-NA";2;"S-1"
-19.6694675720293;6.89473823643922;-7.05324697182554;3.78662830677557;"T31";0.691904092673212;1;2;4;"S-2-NA";2;"S-1"
-19.8437475097271;6.79879045118273;-7.3721844359813;3.89842545233098;"T31";0.708118942566216;1;2;4;"S-2-NA";2;"S-1"
-21.1796194436801;5.64346303096731;-10.0588817483679;4.81893162303883;"T31";0.843511580023915;1;2;4;"S-2-NA";2;"S-1"
-21.4193888268361;5.53637030787476;-10.4169036273961;4.91432914630152;"T31";0.860415655188262;1;2;4;"S-2-NA";2;"S-1"
-21.846661004285;5.10011916216634;-11.4896301961213;5.19160183468547;"T31";0.91049768961966;1;2;4;"S-2-NA";2;"S-1"
-21.9136370250274;4.68096856455049;-12.7483434198904;5.48544936731109;"T31";0.968113506678492;1;2;4;"S-2-NA";2;"S-1"
-21.8559805684951;4.21081297890434;-14.1038647450261;5.77500206476113;"T31";1.02997093927115;1;2;4;"S-2-NA";2;"S-1"
-21.7636668774052;3.96746906714627;-15.1949823777729;5.98521877295608;"T31";1.0798940085806;1;2;2;"S-3-NA";2;"S-1"
-22.0079677542189;3.7096595661089;-15.8478857010023;6.10424162665721;"T31";1.10989370150492;1;2;2;"S-3-NA";2;"S-1"
-22.5515773954588;3.27341695154219;-20.5347118124104;6.89425229520433;"T31";1.32285412400961;1;2;4;"S-4-NA";2;"S-1"
-22.5053215477164;3.26430622230084;-21.4843520532629;7.03209491294066;"T31";1.36496382765472;1;2;4;"S-4-NA";2;"S-1"
-22.0463684155422;3.05514234824599;-25.8392110435582;7.6637496648678;"T31";1.55846734996885;1;2;2;"S-5";2;"S-1"
-22.2483469660719;2.77033946398386;-26.6122775865682;7.77087970501976;"T31";1.59353283233941;1;2;2;"S-5";2;"S-1"
-22.1580830804417;2.95882945993612;-33.4563480638024;8.62309576252205;"T31";1.9011543598026;1;2;2;"S-5";2;"S-1"
-22.3517101551154;2.38906795638019;-35.063234819843;8.83766774762084;"T31";1.97367357322946;1;2;2;"S-5";2;"S-1"
-22.0155917556878;2.24796838130636;-37.5488484826423;9.10334316630353;"T31";2.08487820345908;1;2;2;"S-5";2;"S-1"
-22.1915685136737;2.32795002803377;-37.9336047616136;9.14262986634934;"T31";2.10235473932698;1;2;2;"S-5";2;"S-1"
-21.7980974979767;2.30886770353625;-38.7407743147869;9.22730393446579;"T31";2.13872754247859;1;2;2;"S-5";2;"S-1"
-21.6626253430205;2.3524434762365;-39.5808329506093;9.31628345451368;"T31";2.17726570554078;1;2;2;"S-5";2;"S-1"
-21.6243817502742;2.02432260641135;-42.2496781228809;9.60610554741243;"T31";2.30046615470201;1;2;2;"S-5";2;"S-1"
-21.6245311652096;2.04578679044055;-42.4599734382057;9.62579191651886;"T31";2.31019107159227;1;2;2;"S-5";2;"S-1"
-21.6680270286798;1.93779714909007;-44.1435957253714;9.78507084880463;"T31";2.38804812543094;1;2;2;"S-5";2;"S-1"
-21.2920997954239;2.34778136629714;-49.1366943283554;10.2316095311305;"T31";2.61848436202854;1;2;2;"S-5";2;"S-1"
-21.1678296905064;2.38525781502199;-49.952690150063;10.3215856163259;"T31";2.65680823940784;1;2;2;"S-5";2;"S-1"
-21.1809320017554;2.39639332333701;-50.5776170472665;10.392004350186;"T31";2.68633072264493;1;2;2;"S-5";2;"S-1"
-21.3206154988142;2.24764973228547;-55.5537430739201;10.9549991789956;"T31";2.92126495623961;1;2;2;"S-5";2;"S-1"
-20.851864120103;2.51535729062218;-59.3122412752823;11.3512254266176;"T31";3.09754965128377;1;2;2;"S-5";2;"S-1"
-20.5622738155539;2.6666464820738;-59.9737278857229;11.4310204587854;"T31";3.12927279155701;1;2;2;"S-5";2;"S-1"
-20.218674766773;2.7708319782046;-60.9202586866713;11.5537725947196;"T31";3.17530519096181;1;2;2;"S-5";2;"S-1"
-20.2110054390587;2.90184362404687;-61.273149508406;11.6021338837237;"T31";3.1927588977851;1;2;2;"S-5";2;"S-1"
-20.7747368495647;2.90938401127351;-64.7563197677584;12.1022384153389;"T31";3.36509917397052;1;2;2;"S-5";2;"S-1"
-20.9873388780291;3.03652453332213;-68.61318507793;12.6423705165685;"T31";3.55075087863952;1;2;2;"S-5";2;"S-1"
-21.3586743929325;2.92715326703217;-72.2581303964328;13.1697344642598;"T31";3.7244244129397;1;2;2;"S-5";2;"S-1"
-21.5861831544086;2.45405129762435;-75.3487299956183;13.5932934617619;"T31";3.86912438552827;1;2;2;"S-5";2;"S-1"
-21.6032747939353;2.45929265744101;-75.5418483963288;13.6152483603407;"T31";3.87807077495381;1;2;2;"S-5";2;"S-1"
-21.6153442959602;2.49607767477399;-75.9291314166001;13.6593362265179;"T31";3.89599782647565;1;2;2;"S-5";2;"S-1"
-21.5186363940667;2.4252396573596;-76.7082187755923;13.7493029897974;"T31";3.93204108113423;1;2;2;"S-5";2;"S-1"
-21.8711506547886;2.3156197751571;-80.8222055528156;14.2129663790225;"T31";4.12322358461097;1;2;2;"S-5";2;"S-1"
-21.9884998397244;2.42952807052153;-83.0200015124552;14.445659201921;"T31";4.22371193999425;1;2;2;"S-5";2;"S-1"
-21.5673099145221;2.62620971865207;-87.213723906933;14.9090271602458;"T31";4.41443538293242;1;2;2;"S-5";2;"S-1"
-21.6668455726932;2.59013214693237;-87.310328615717;14.9207905292558;"T31";4.4189146021381;1;2;2;"S-5";2;"S-1"
-21.8509386542374;2.26848464270322;-88.9754704107297;15.1198475298696;"T31";4.4957666657865;1;2;2;"S-5";2;"S-1"
-21.8755982540391;2.16482217714122;-89.148954448298;15.1378580090167;"T31";4.50370609760284;1;2;2;"S-5";2;"S-1"
-21.9172391606441;1.99964580189073;-89.8412304707908;15.2063660547758;"T31";4.53535213600844;1;2;2;"S-5";2;"S-1"
-21.92298262967;1.82228593111794;-90.6248338701077;15.2778590579003;"T31";4.57110496936366;1;2;2;"S-5";2;"S-1"
-21.9202580523288;1.80534653156013;-90.7273474362416;15.2863802081685;"T31";4.57578104687855;1;2;2;"S-5";2;"S-1"
-21.6834498793407;2.01440904057452;-91.9258970702621;15.3850924322452;"T31";4.63045876240358;1;2;2;"S-5";2;"S-1"
-21.2410023712826;2.00982649489944;-95.1900578486694;15.6883354594619;"T31";4.78099572937936;1;2;2;"S-5";2;"S-1"
-21.2726355565811;2.02166257217574;-95.2570093055686;15.6946704152986;"T31";4.78414772078395;1;2;2;"S-5";2;"S-1"
-21.5767480737896;2.09163235923972;-97.7781820229019;15.9342721565622;"T31";4.9026648979634;1;2;2;"S-5";2;"S-1"
-21.3213970623595;2.17798523191365;-101.344850410171;16.2800220808777;"T31";5.06796637782827;1;2;2;"S-5";2;"S-1"
-20.9900791186859;2.3942834848401;-102.422133741501;16.3900668016511;"T31";5.11849230388179;1;2;2;"S-5";2;"S-1"
-21.1090075285348;2.21031701430283;-103.387609959942;16.5001961514143;"T31";5.16448909183964;1;2;2;"S-5";2;"S-1"
-21.1245360072499;2.22556271915399;-103.590543280788;16.5214452305682;"T31";5.17410268075764;1;2;2;"S-5";2;"S-1"
-21.7211998655357;2.12628813123613;-106.079398010924;16.7836570159007;"T31";5.29192087706178;1;2;2;"S-5";2;"S-1"
-21.6620865869789;2.19348118718566;-106.15868605149;16.7914185217404;"T31";5.29557113768533;1;2;2;"S-5";2;"S-1"
-21.527709375208;2.10385721126843;-106.927719181453;16.8692900460797;"T31";5.3310724790208;1;2;2;"S-5";2;"S-1"
-21.0773085244657;2.3678575369432;-109.228262656097;17.0941172626967;"T31";5.43793677352369;1;2;2;"S-5";2;"S-1"
-21.168863004082;2.4202743091607;-110.83375506391;17.2744807703965;"T31";5.51410837797448;1;2;2;"S-5";2;"S-1"
-21.2673926968756;2.48734217434002;-111.012567272968;17.2949246929474;"T31";5.52255532238632;1;2;2;"S-5";2;"S-1"
-20.7804869934934;2.9083359371822;-124.307181087901;18.849805166768;"T31";6.14767256192863;1;2;2;"S-5";2;"S-1"
-20.9942421032216;2.86830001802941;-124.867815075687;18.928268774228;"T31";6.17465142859146;1;2;2;"S-5";2;"S-1"
-21.1834270344306;2.77277832406678;-125.196170944072;18.9731297955774;"T31";6.19029171066359;1;2;2;"S-5";2;"S-1"
-21.5704707823425;1.95459958003403;-134.448381569521;20.1841863932775;"T31";6.6270581795834;1;2;2;"S-5";2;"S-1"
-21.9207561351421;1.91566721667785;-135.136017756202;20.2464962712243;"T31";6.65893676923588;1;2;2;"S-5";2;"S-1"
-21.138812369059;2.11905271422264;-138.374285220682;20.5294902875937;"T31";6.80666285334155;1;2;2;"S-5";2;"S-1"
-21.1930975209234;2.17977671440391;-138.495654426883;20.5416569004258;"T31";6.81240438716486;1;2;2;"S-5";2;"S-1"
-21.0571612511731;2.19244295627205;-138.785673935984;20.5714863188031;"T31";6.82608900824562;1;2;2;"S-5";2;"S-1"
-21.053623191117;2.18003258859534;-138.944675099316;20.5880413034199;"T31";6.83363993884996;1;2;2;"S-5";2;"S-1"
-21.1246377698206;2.06413598182201;-139.499008719053;20.6454407042266;"T31";6.85996954562142;1;2;2;"S-5";2;"S-1"
-20.7800137147719;2.10170289873342;-142.542389844144;20.9428163352384;"T31";7.00403739465401;1;2;2;"S-5";2;"S-1"
-21.2190711710477;1.96899825405901;-143.938551538377;21.0840249561829;"T31";7.07122511230409;1;2;2;"S-5";2;"S-1"
-21.1400700537981;2.7794583744805;-151.220613036417;21.7597551170372;"T31";7.41440985584632;1;2;2;"S-5";2;"S-1"
-20.7527576639452;2.7511484920693;-154.479149296651;22.1881816016235;"T31";7.56855013314635;1;2;2;"S-5";2;"S-1"
-20.8755165030757;2.51461444005617;-155.335981377123;22.301769989457;"T31";7.60983775835484;1;2;2;"S-5";2;"S-1"
-20.7944387682402;2.70035532695108;-160.004997281843;22.8641884001886;"T31";7.83349765697494;1;2;2;"S-5";2;"S-1"
-20.9485660754478;2.88701772380455;-161.63290292159;23.0755874052331;"T31";7.91178328217939;1;2;2;"S-5";2;"S-1"
-20.895210181069;2.70157204809712;-163.00465888376;23.2646353697217;"T31";7.97726537566632;1;2;2;"S-5";2;"S-1"
-20.9769269735907;2.87516178825115;-165.009223418928;23.5238084275608;"T31";8.07319954037666;1;2;2;"S-5";2;"S-1"
-21.1224386064256;2.87165123863296;-165.313397525404;23.5654994611909;"T31";8.08769995346665;1;2;2;"S-5";2;"S-1"
-21.1112299367379;2.88714262175383;-165.364590444296;23.5724592735349;"T31";8.0901235807687;1;2;2;"S-5";2;"S-1"
-20.9196771369711;3.15405551238558;-166.935900439458;23.7873494562771;"T31";8.16455363528803;1;2;2;"S-5";2;"S-1"
-20.8351582145287;3.03712810828626;-167.382538460158;23.8546889807834;"T31";8.1859037745744;1;2;2;"S-5";2;"S-1"
-20.9016909820376;3.08575874865697;-168.427692043397;24.0070403712768;"T31";8.23606675257906;1;2;2;"S-5";2;"S-1"
-21.3010899225176;3.13604636592635;-169.432355408236;24.1553608478436;"T31";8.28413288109004;1;2;2;"S-5";2;"S-1"
-21.2662256385875;3.15592514742561;-170.808249406419;24.357926415549;"T31";8.34872553823516;1;2;2;"S-5";2;"S-1"
-21.6894374967209;3.33609417965158;-172.846811401602;24.6604506704178;"T31";8.44458467327058;1;2;2;"S-5";2;"S-1"
-21.7092222660525;3.24741275103362;-172.950728333138;24.6764343339184;"T31";8.44937580404803;1;2;2;"S-5";2;"S-1"
-21.5893929995398;3.62010642321857;-175.841233965844;25.1088157768622;"T31";8.58252224279568;1;2;2;"S-5";2;"S-1"
-21.5843881805703;3.58083984227525;-176.328838266543;25.1905771983615;"T31";8.60510760685429;1;2;2;"S-5";2;"S-1"
-22.0948204902;3.00651665395037;-178.86085754663;25.6106380054455;"T31";8.72241550823674;1;2;2;"S-5";2;"S-1"
-21.9129036771658;2.9979246806512;-179.12965607403;25.6472143265586;"T31";8.73458118876442;1;2;2;"S-5";2;"S-1"
-21.6821941726289;3.06660730401308;-179.80249779759;25.7392664269534;"T31";8.7652864633128;1;2;2;"S-5";2;"S-1"
-21.5199115484268;3.1256619253863;-180.534991754515;25.8428662425702;"T31";8.79906966583803;1;2;2;"S-5";2;"S-1"
-21.5088402747223;3.22480260219491;-180.950910427363;25.9032763960624;"T31";8.81839682115242;1;2;2;"S-5";2;"S-1"
-21.0518203736073;3.26141705325844;-184.070226071501;26.3709528062175;"T31";8.96342163905501;1;2;2;"S-5";2;"S-1"
-21.2264726897998;3.07857501707194;-186.891412784749;26.8080203041214;"T31";9.09743317170069;1;2;2;"S-5";2;"S-1"
-21.0249100668645;3.22663876410495;-190.245117962781;27.2944239156208;"T31";9.25542952027172;1;2;2;"S-5";2;"S-1"
-21.2466301531807;3.12326512686118;-191.281236357456;27.4534343354433;"T31";9.30471003521234;1;2;2;"S-5";2;"S-1"
-20.582228090967;3.28364825280618;-194.030447809589;27.8575697768243;"T31";9.43410521140322;1;2;2;"S-5";2;"S-1"
-20.8576031748726;3.18102373606965;-194.525803753421;27.9365978913847;"T31";9.45817237952724;1;2;2;"S-5";2;"S-1"
-20.8231019026957;3.17972408381952;-195.554390324371;28.0934691420918;"T31";9.50748708564788;1;2;2;"S-5";2;"S-1"
-20.7094317101302;3.41955576884887;-197.875416871535;28.4478939557285;"T31";9.61895110085607;1;2;2;"S-5";2;"S-1"
-20.7128394677953;3.43757824396082;-198.014244411741;28.4708172557316;"T31";9.62565469089895;1;2;2;"S-5";2;"S-1"
-21.0008473191508;3.26045026991621;-199.104364148775;28.6517374959126;"T31";9.67828483553603;1;2;2;"S-5";2;"S-1"
-21.2648535431979;3.20408871344596;-199.867471563095;28.7702124191946;"T31";9.71462181769311;1;2;2;"S-5";2;"S-1"
-21.9498630830267;2.11284658871281;-204.605424942725;29.4841050833349;"T31";9.93742858991027;1;2;2;"S-5";2;"S-1"
-22.0422116166093;2.12475549764765;-204.871632813889;29.5097296801876;"T31";9.94955658679828;1;2;2;"S-5";2;"S-1"
-21.9611676344445;2.19793488847028;-204.998128102014;29.5219231734516;"T31";9.95529536157846;1;2;2;"S-5";2;"S-1"
-21.8740276531451;2.17929697623002;-205.124193322622;29.5345401322222;"T31";9.96103573124856;1;2;2;"S-5";2;"S-1"
-21.7758497346023;1.89697297714158;-213.060785563835;30.3252583185165;"T31";10.323867504485;1;2;2;"S-5";2;"S-1"
-22.1203993897852;1.64759322114046;-214.575813946608;30.4572379168674;"T31";10.3934412938543;1;2;2;"S-5";2;"S-1"
-22.3514328106566;1.41313095386404;-215.803274469657;30.5486628320038;"T31";10.4489312740043;1;2;2;"S-5";2;"S-1"
-22.2378037290844;1.46890759623936;-216.109127143938;30.5679998420742;"T31";10.4626150801778;1;2;2;"S-5";2;"S-1"
-21.8227660217455;1.19150323586719;-217.844369125814;30.6826204295901;"T31";10.5406462564133;1;2;2;"S-5";2;"S-1"
-21.8701175830966;1.24568303821651;-218.757000085237;30.7324492523993;"T31";10.5824663885869;1;2;2;"S-5";2;"S-1"
-21.0433604942527;1.50468056836332;-222.222126372484;30.9298166888066;"T31";10.740907525178;1;2;2;"S-5";2;"S-1"
-21.0401118312684;1.61376733375354;-222.943479154864;30.9813961651397;"T31";10.7751868781634;1;2;2;"S-5";2;"S-1"
-21.1132580082015;1.60338308940883;-223.687837931119;31.0384881562539;"T31";10.8105649589561;1;2;2;"S-5";2;"S-1"
-21.314000565462;1.65789272206969;-223.894190015543;31.0541589467355;"T31";10.8203385374509;1;2;2;"S-5";2;"S-1"
-21.1515291346603;1.88592616924413;-228.233274439556;31.3916712061034;"T31";11.0239176079631;1;2;2;"S-5";2;"S-1"
-21.1725045000631;2.37628725473879;-231.76987003545;31.7070034046346;"T31";11.1911204410717;1;2;2;"S-5";2;"S-1"
-21.0561960971406;3.00545001065621;-234.47358567982;32.0104538077806;"T31";11.3188198185526;1;2;2;"S-5";2;"S-1"
-20.9515449251149;3.10119517250074;-235.526284124741;32.1607104133854;"T31";11.3688145298511;1;2;2;"S-5";2;"S-1"
-20.8092133965632;2.94597061571149;-237.669425193316;32.4779327833637;"T31";11.4711048896424;1;2;2;"S-5";2;"S-1"
-20.7430218477372;2.93705991938114;-238.001996746626;32.5250151023828;"T31";11.4870868274011;1;2;2;"S-5";2;"S-1"
-20.9929902677189;2.74179594819167;-239.018177837496;32.6688988997744;"T31";11.536075884942;1;2;2;"S-5";2;"S-1"
-21.0607970508243;2.74678852936699;-242.145066734452;33.0772871855205;"T31";11.6850250749849;1;2;2;"S-5";2;"S-1"
-21.1715324320787;2.78198212421706;-242.908110370489;33.1768047632179;"T31";11.7212555953301;1;2;2;"S-5";2;"S-1"
-20.491072143439;2.85050641664915;-246.798063034729;33.6879524002953;"T31";11.9049906497821;1;2;2;"S-5";2;"S-1"
-20.5751731422014;3.13485949692036;-250.33241130066;34.1796144441447;"T31";12.0774729992263;1;2;2;"S-5";2;"S-1"
-20.5414808100166;3.16095490079964;-250.56807523597;34.2155205004672;"T31";12.088926800061;1;2;2;"S-5";2;"S-1"
-20.5668639981403;3.30468952266129;-252.663175643383;34.5379177980003;"T31";12.1909204404801;1;2;2;"S-5";2;"S-1"
-20.9036424416365;3.18098775849743;-254.300862129772;34.801061725702;"T31";12.2705478686839;1;2;2;"S-5";2;"S-1"
-20.940780414291;2.92239914184623;-255.796650080293;35.0286815375696;"T31";12.3421041993424;1;2;2;"S-5";2;"S-1"
-21.604297238032;3.23099136603849;-259.540811386808;35.5511994940459;"T31";12.5209018005989;1;2;2;"S-5";2;"S-1"
-21.7722429715944;2.98197209529317;-260.607357516727;35.7107048600054;"T31";12.5702691148035;1;2;2;"S-5";2;"S-1"
-21.6521181432275;3.26306194669905;-261.411647531615;35.820862108574;"T31";12.6072101877071;1;2;2;"S-5";2;"S-1"
-21.8730641745348;2.93245780192757;-264.20100931841;36.2412302333856;"T31";12.7360364655033;1;2;2;"S-5";2;"S-1"
-21.8956295793492;2.70757241083416;-268.244803369381;36.7833698860441;"T31";12.9209119826555;1;2;2;"S-5";2;"S-1"
-21.915926245796;2.6243211643842;-268.455263265443;36.8093949613268;"T31";12.930523941759;1;2;2;"S-5";2;"S-1"
-21.9183185146318;2.66292222534637;-268.704781940257;36.8392735588307;"T31";12.9419092088938;1;2;2;"S-5";2;"S-1"
-22.2589979046174;2.71550684985874;-269.663500574762;36.9557511598827;"T31";12.9856497282162;1;2;2;"S-5";2;"S-1"
-22.2493708771407;2.55162228583363;-270.644003682968;37.0753685352043;"T31";13.0296994699165;1;2;2;"S-5";2;"S-1"
-21.670014329559;2.22601031319229;-273.69699624144;37.4254945632029;"T31";13.1669164984487;1;2;2;"S-5";2;"S-1"
-21.0999550317919;2.22621153800075;-275.203100950668;37.5802062567211;"T31";13.2364182849415;1;2;2;"S-5";2;"S-1"
-21.0801076274888;2.27559321385406;-275.439036352627;37.6050993009608;"T31";13.2476000813767;1;2;2;"S-5";2;"S-1"
-20.9321631447951;2.28225118868057;-275.694942709512;37.6327243387168;"T31";13.2597397896461;1;2;2;"S-5";2;"S-1"
-20.8194156344642;1.52773853035035;-279.81960788439;38.082440019469;"T31";13.4567889501341;1;2;2;"S-5";2;"S-1"
-21.009870983454;1.81061543230185;-281.942241028753;38.2381998398875;"T31";13.558743451722;1;2;2;"S-5";2;"S-1"
-19.7415354506398;2.99263571540121;-288.874982092379;38.8356584329383;"T31";13.8887188746594;1;2;2;"S-5";2;"S-1"
-19.8449933694807;3.07761848342794;-289.692321437329;38.9595595814287;"T31";13.9301208895631;1;2;2;"S-5";2;"S-1"
-19.7105563306939;3.37779425665187;-291.210693540695;39.1950330816228;"T31";14.0066324849613;1;2;2;"S-5";2;"S-1"
-19.8335132275003;3.30504932460328;-291.501267902736;39.2448287542951;"T31";14.0213745529763;1;2;2;"S-5";2;"S-1"
-20.7915600439699;3.14592253464725;-300.333469199097;40.716623518766;"T31";14.466691587586;1;2;2;"S-5";2;"S-1"
-21.6265944887104;2.64998843586825;-304.210001339753;41.3031725700053;"T31";14.6531389793381;1;2;2;"S-5";2;"S-1"
-21.6448350272721;2.9149458232568;-306.55788514587;41.590867654787;"T31";14.7617036360316;1;2;2;"S-5";2;"S-1"
-21.6841192416787;2.75143686413302;-307.737717046323;41.7497575731457;"T31";14.8162123397924;1;2;2;"S-5";2;"S-1"
-21.6812275635169;2.75269624108143;-308.93868157152;41.9021445818278;"T31";14.8715968593024;1;2;2;"S-5";2;"S-1"
-21.3494151162818;2.84807591545494;-311.984106774462;42.2887984502065;"T31";15.0120605481789;1;2;2;"S-5";2;"S-1"
-21.6667342995121;2.29284104280331;-324.80809397405;43.9995567489383;"T31";15.6127321417443;1;2;2;"S-5";2;"S-1"
-21.6937079081987;2.21916524099976;-327.272406635598;44.260337960107;"T31";15.7264692941681;1;2;2;"S-5";2;"S-1"
-21.7336118848804;2.23066844139502;-327.466285461326;44.2801708606347;"T31";15.7354063936509;1;2;2;"S-5";2;"S-1"
-21.5561862653933;2.43569735248228;-330.124867628156;44.5530392347372;"T31";15.8577322261408;1;2;2;"S-5";2;"S-1"
-21.4928971729018;2.49791121128506;-330.965602685052;44.6480363797336;"T31";15.8967342576943;1;2;2;"S-5";2;"S-1"
-22.0287662355952;2.05837537702568;-336.540059455908;45.2959014838528;"T31";16.1560970009305;1;2;2;"S-5";2;"S-1"
-21.9204555547044;2.18795051351422;-338.754419695558;45.5028120545318;"T31";16.2566183018498;1;2;2;"S-5";2;"S-1"
-21.8047165347053;2.18200130134344;-339.720220885727;45.5992117486306;"T31";16.3006776594557;1;2;2;"S-5";2;"S-1"
-21.9609700303898;1.79720734549787;-343.759931011458;46.0034661555781;"T31";16.4859453798272;1;2;2;"S-5";2;"S-1"
-21.5898031965688;1.91144411213572;-344.11205649974;46.0322828477917;"T31";16.5019795298576;1;2;2;"S-5";2;"S-1"
-21.3193316507291;2.44951197440611;-351.714304075324;46.7053446276999;"T31";16.854101663921;1;2;2;"S-5";2;"S-1"
-21.0978226030137;2.70396572726186;-356.005919703973;47.1984353138501;"T31";17.0554032665677;1;2;2;"S-5";2;"S-1"
-21.1540904318709;2.82439639941005;-357.16870864774;47.3474621357713;"T31";17.1105174347758;1;2;2;"S-5";2;"S-1"
-21.0996645514039;3.07923573619435;-359.447122011857;47.6516653593845;"T31";17.2182230046019;1;2;2;"S-5";2;"S-1"
-21.1478759705348;3.13660619783816;-359.569681783566;47.6695514460541;"T31";17.2240316169336;1;2;2;"S-5";2;"S-1"
-21.6250295128322;2.79106265962567;-361.686218194766;47.9834714460849;"T31";17.3241143114865;1;2;2;"S-5";2;"S-1"
-21.8555654042052;2.37894967243576;-363.089140708912;48.1645414715042;"T31";17.388989252504;1;2;2;"S-5";2;"S-1"
-21.5321400606347;2.15249062576647;-365.648378208704;48.4431111218068;"T31";17.5060870009474;1;2;2;"S-5";2;"S-1"
-21.3684368799728;2.26380851793185;-365.822430414618;48.4605104950492;"T31";17.5141703686677;1;2;2;"S-5";2;"S-1"
-21.2930808764238;2.73459873293105;-369.945542751091;48.8973200230519;"T31";17.707123758737;1;2;2;"S-5";2;"S-1"
-20.9018385623248;2.89462774458558;-378.328508347215;49.9739160887133;"T31";18.1008181069046;1;2;2;"S-5";2;"S-1"
-20.9461416473341;2.73166681673551;-381.146517383028;50.3641730087079;"T31";18.2356392149813;1;2;2;"S-5";2;"S-1"
-21.1233743819227;2.54517721475348;-383.59294294139;50.6832207660422;"T31";18.3524352149107;1;2;2;"S-5";2;"S-1"
-21.7558909306091;1.8845598954713;-390.318253594736;51.4935603986952;"T31";18.67081761593;1;2;2;"S-5";2;"S-1"
-21.7796345874332;1.8935544195263;-390.357332436503;51.4969455240476;"T31";18.6726138577797;1;2;2;"S-5";2;"S-1"
-21.4705856741361;2.45303141314022;-397.759086557903;52.1404652384193;"T31";19.0124613465741;1;2;2;"S-5";2;"S-1"
-21.4112170917642;2.4324178056398;-398.516901773553;52.2270462268264;"T31";19.0477568539791;1;2;2;"S-5";2;"S-1"
-22.3951049216104;2.12337117261608;-401.623165846456;52.5799328473097;"T31";19.1928333370015;1;2;2;"S-5";2;"S-1"
-21.9617517070682;2.08566999581173;-405.36251254886;52.934475548498;"T31";19.3598049459979;1;2;2;"S-5";2;"S-1"
-21.7089315468584;1.81472306947748;-406.756485910327;53.0668588143572;"T31";19.4232777226716;1;2;2;"S-5";2;"S-1"
-21.343171954433;2.05956971466178;-409.369971800609;53.2853289461834;"T31";19.5436653099023;1;2;2;"S-5";2;"S-1"
-21.4891202451908;2.07206159949543;-409.705268131145;53.3176843134777;"T31";19.55937508028;1;2;2;"S-5";2;"S-1"
-21.6008657773012;2.033198138219;-409.855410680527;53.3321616214119;"T31";19.5663619902916;1;2;2;"S-5";2;"S-1"
-21.9654009198522;1.78533749480351;-412.759474562981;53.6055088723948;"T31";19.7008040035143;1;2;2;"S-5";2;"S-1"
-21.3437136301308;2.1181350279204;-419.12113755939;54.1225818599644;"T31";19.9904259876348;1;2;2;"S-5";2;"S-1"
-21.486393525893;2.25866365941253;-422.744197423865;54.4821317555534;"T31";20.1601743232459;1;2;2;"S-5";2;"S-1"
-21.7103338350905;2.05603283255856;-423.49219925716;54.560762194673;"T31";20.1949871378019;1;2;2;"S-5";2;"S-1"
-21.5595599073205;2.11942125974777;-424.60154257825;54.6658202885773;"T31";20.2460846165195;1;2;2;"S-5";2;"S-1"
-20.5055061475807;2.91365295401535;-433.472266953172;55.5378604373741;"T31";20.6575366319157;1;2;2;"S-5";2;"S-1"
-20.7153772124319;2.85879868645185;-434.196926316183;55.6408281904496;"T31";20.692876377143;1;2;2;"S-5";2;"S-1"
-21.4685365581178;2.86989939621985;-440.029117253875;56.4456921145207;"T31";20.9744155872613;1;2;2;"S-5";2;"S-1"
-21.6743916268138;2.85311371686203;-441.219766109087;56.6048572453824;"T31";21.0298757650889;1;2;2;"S-5";2;"S-1"
-21.0989976352565;2.33895664146315;-443.836936529186;56.9493690985184;"T31";21.1506251944229;1;2;2;"S-5";2;"S-1"
-20.5291357619071;2.65553038536534;-451.040521255104;57.7479317898984;"T31";21.4920435333624;1;2;2;"S-5";2;"S-1"
-21.3625363522018;2.96035530554288;-456.28623049507;58.4264864276133;"T31";21.7475686222315;1;2;2;"S-5";2;"S-1"
-21.3975833380301;3.36415386217137;-457.549352175567;58.6015259878394;"T31";21.8066965113394;1;2;2;"S-5";2;"S-1"
-21.4966341345181;3.41305974492493;-458.073190177807;58.683884430405;"T31";21.8311776872724;1;2;2;"S-5";2;"S-1"
-21.2816336656292;3.24495253239116;-463.183641941944;59.4952801626583;"T31";22.0689103356563;1;2;2;"S-5";2;"S-1"
-21.1083965851888;3.20325061085163;-463.426081978516;59.5322466109577;"T31";22.0803023199551;1;2;2;"S-5";2;"S-1"
-21.1688779206862;3.3445863168827;-463.833260397238;59.5940369280588;"T31";22.0995921990834;1;2;2;"S-5";2;"S-1"
-21.2695707733575;3.25813330828514;-464.289758280538;59.6661615149118;"T31";22.1211567753926;1;2;2;"S-5";2;"S-1"
-21.3771907440085;3.3565792089987;-467.20242681427;60.1123323599593;"T31";22.2580974106677;1;2;2;"S-5";2;"S-1"
-21.4759611318504;3.17396823834834;-467.562639949492;60.168891892733;"T31";22.274947760161;1;2;2;"S-5";2;"S-1"
-21.2712818591703;3.17940913161466;-467.99874928764;60.2333452217007;"T31";22.2952546202578;1;2;2;"S-5";2;"S-1"
-21.4578511755306;3.2619582533499;-468.191202366147;60.2621110985887;"T31";22.304302174598;1;2;2;"S-5";2;"S-1"
-21.5438865599866;2.91950441557041;-469.306651414655;60.4316783213366;"T31";22.3562854342163;1;2;2;"S-5";2;"S-1"
-21.4675765050596;2.69194057022418;-470.414174625431;60.581763539025;"T31";22.4076932063326;1;2;2;"S-5";2;"S-1"
-21.514898924398;2.5398995034192;-470.773687544181;60.626844892818;"T31";22.4244399927557;1;2;2;"S-5";2;"S-1"
-21.6505721845342;2.43910607409788;-471.081446866394;60.6631768204003;"T31";22.4387444672175;1;2;2;"S-5";2;"S-1"
-21.652981370041;2.3735963044152;-471.135222861202;60.6692351062717;"T31";22.4412282812409;1;2;2;"S-5";2;"S-1"
-21.8535749191211;2.18785218413469;-472.374414271571;60.8050750676078;"T31";22.498457878828;1;2;2;"S-5";2;"S-1"
-21.7125513943216;1.87285967791325;-475.094267568769;61.0773708818544;"T31";22.6229159277864;1;2;2;"S-5";2;"S-1"
-21.6186749390797;1.98576456825759;-476.940169504898;61.236592856406;"T31";22.7079313597642;1;2;2;"S-5";2;"S-1"
-20.9044755913923;2.27824063423681;-480.285591303018;61.5438836636041;"T31";22.8626782074571;1;2;2;"S-5";2;"S-1"
-21.0332934213977;2.45865588513876;-481.314518643118;61.6560196540835;"T31";22.9118986404501;1;2;2;"S-5";2;"S-1"
-21.089394608704;2.42788279835953;-481.441939745649;61.6709143563706;"T31";22.9179567075334;1;2;2;"S-5";2;"S-1"
-21.0859055792523;2.41109090828479;-481.549962215044;61.6833502702575;"T31";22.9230788303539;1;2;2;"S-5";2;"S-1"
-21.0563914680442;2.42822345418341;-482.416744116459;61.7824633936713;"T31";22.964186000172;1;2;2;"S-5";2;"S-1"
-21.1473307362907;2.43321436971554;-482.900730798088;61.8382767467631;"T31";22.9871712625027;1;2;2;"S-5";2;"S-1"
-21.1889639693743;2.99838412440697;-487.039056626673;62.3144330048858;"T31";23.1828614836559;1;2;2;"S-5";2;"S-1"
-20.9687762505615;3.48167090007539;-490.731086821941;62.8368806686944;"T31";23.357104556635;1;2;2;"S-5";2;"S-1"
-17.9797881971722;0.828350465226729;-492.935517856132;63.2029060051878;"T31";23.4622337738983;3;2;1;"S-6-NA";3;"S-2"
-17.0144811970406;0.0106198925458467;-493.703599325353;63.2382924421905;"T31";23.5049529350363;3;2;1;"S-6-NA";3;"S-2"
-16.4055494031545;-0.100842834858441;-494.080803342031;63.2385278808194;"T31";23.527122521773;3;2;1;"S-6-NA";3;"S-2"
-15.1767526138247;-0.672498454103978;-494.844985763545;63.2338305482376;"T31";23.5737032489851;3;2;1;"S-6-NA";3;"S-2"
-14.1378387671126;-1.24193986803821;-495.442404186166;63.2073582866221;"T31";23.6130672972649;3;2;1;"S-6-NA";3;"S-2"
-12.0515382002314;-2.02420454414258;-496.74027885934;63.0933463554576;"T31";23.7048687878996;3;2;1;"S-6-NA";3;"S-2"
-11.0250664733421;-2.14121476599232;-497.070034464158;63.037959832788;"T31";23.7322309054434;3;2;1;"S-6-NA";3;"S-2"
-9.66353509261207;-2.2310567879846;-498.018749043158;62.8537068244113;"T31";23.8182815955952;3;2;1;"S-6-NA";3;"S-2"
-9.18625217520806;-2.27989022803365;-498.35762581229;62.775469066819;"T31";23.8533491734415;3;2;1;"S-6-NA";3;"S-2"
-7.89056604610839;-1.94878822678603;-498.866806109119;62.6490981419948;"T31";23.9087776863016;3;2;1;"S-6-NA";3;"S-2"
-6.32603560232643;-1.78673200440501;-499.803289409376;62.417808318241;"T31";24.0274616051465;3;2;7;"S-7-NA";3;"S-2"
-6.20268821011567;-1.7315669443407;-499.823054996682;62.4122257054253;"T31";24.0305860876106;3;2;7;"S-7-NA";3;"S-2"
-5.35054608812645;-1.24743016989706;-500.314130904953;62.2751350148862;"T31";24.1097575519234;3;2;7;"S-7-NA";3;"S-2"
-4.9508705491255;-0.937872605020264;-500.671350906388;62.1918524863851;"T31";24.1765208309516;3;2;7;"S-7-NA";3;"S-2"
-3.65120417448336;0.698801916629016;-501.856282093649;61.9673839836562;"T31";24.4158587767743;3;2;7;"S-7-NA";3;"S-2"
-3.58345590865412;0.835821213902978;-501.999870255335;61.9948652412896;"T31";24.4551850249991;3;2;7;"S-7-NA";3;"S-2"
-3.73676760658755;1.03770628327825;-502.110567305143;62.0206847141407;"T31";24.4860761682503;3;2;7;"S-7-NA";3;"S-2"
-3.71405384663143;1.2531565531667;-502.295347128634;62.0719983638097;"T31";24.53552527586;3;2;3;"S-8-NA";3;"S-2"
-3.59056287311492;1.31892174952405;-502.403249818649;62.1084057420226;"T31";24.5645778137259;3;2;3;"S-8-NA";3;"S-2"
-3.41608482065662;1.29389533581692;-502.481370235583;62.1371017210702;"T31";24.5863349642605;3;2;7;"S-9-NA";3;"S-2"
-3.78691835555396;1.87879982520178;-503.00983916127;62.3372675582693;"T31";24.7410351410508;3;2;3;"S-10";3;"S-2"
-3.74469202131719;1.83346604330203;-503.138790047473;62.4012438259656;"T31";24.7750868089497;3;2;3;"S-10";3;"S-2"
-3.86641608204527;1.96125688417919;-503.202997008333;62.4326806655802;"T31";24.7922329348512;3;2;3;"S-10";3;"S-2"
-3.4657798599202;2.01583550473528;-503.958531341048;62.8159288416241;"T31";24.9876424088143;3;2;3;"S-10";3;"S-2"
-3.24675154411747;2.29778674164346;-504.308216222948;63.0193194864125;"T31";25.0885388581082;3;2;3;"S-10";3;"S-2"
-3.04893590004665;2.82038031509944;-504.655390493988;63.2650212058678;"T31";25.1954685896635;3;2;3;"S-10";3;"S-2"
-3.19309369592651;2.92099084999726;-504.8483973083;63.4435597641096;"T31";25.2587715978734;3;2;3;"S-10";3;"S-2"
-3.23922776959457;3.00107624174332;-504.87603956217;63.4688464541723;"T31";25.2674284856766;3;2;3;"S-10";3;"S-2"
-3.76334558523659;3.0067410588335;-505.052619697039;63.6324442266078;"T31";25.3219415200874;3;2;3;"S-10";3;"S-2"
-4.05265104277198;2.95813330606229;-505.283458939439;63.8168742270941;"T31";25.3832803573459;3;2;3;"S-10";3;"S-2"
-3.99348885549499;2.85797620899937;-506.136612690449;64.4396128985014;"T31";25.5937978043221;3;2;3;"S-10";3;"S-2"
-4.09936131223926;2.79407784407019;-506.434488780949;64.6527906011779;"T31";25.6683882442303;3;2;3;"S-10";3;"S-2"
-4.29640418132871;2.420005405683;-506.63646880956;64.790457881494;"T31";25.7176593411714;3;2;3;"S-10";3;"S-2"
-4.09668560466086;2.39581219890812;-506.782260017833;64.8725766713544;"T31";25.7515926496126;3;2;3;"S-10";3;"S-2"
-4.07647790312891;2.69320965668495;-507.095983299562;65.0560474421139;"T31";25.8281724294648;3;2;3;"S-10";3;"S-2"
-4.31543739223023;2.43419595120781;-507.575212992765;65.3726604762513;"T31";25.9457321721129;3;2;3;"S-10";3;"S-2"
-3.99317574280212;1.79782004578855;-510.118735987385;66.8073779365151;"T31";26.5351331443526;3;2;3;"S-10";3;"S-2"
-3.98733997975208;1.77849086621005;-510.239847837977;66.861905291884;"T31";26.5654628514312;3;2;3;"S-10";3;"S-2"
-4.07934907203409;1.86324521413855;-510.332005760921;66.9030108973845;"T31";26.5885754837655;3;2;3;"S-10";3;"S-2"
-4.19967799283101;1.95775268638416;-510.562570379022;67.0083214294424;"T31";26.6450954368338;3;2;3;"S-10";3;"S-2"
-4.1917080841474;1.98602660232817;-510.578699465392;67.015840282608;"T31";26.6489359899424;3;2;3;"S-10";3;"S-2"
-4.26513118243838;2.09748955570438;-510.652314325086;67.0507189208011;"T31";26.6664980095811;3;2;3;"S-10";3;"S-2"
-3.75246882377072;2.62159175047003;-511.819278693193;67.6246041002446;"T31";26.9401037483476;3;2;3;"S-10";3;"S-2"
-3.79044723615756;2.93572905006129;-513.400804542404;68.7295073823669;"T31";27.3615665035322;3;2;3;"S-10";3;"S-2"
-3.83208014578839;3.02510120661683;-513.50888081208;68.8132132420565;"T31";27.3900793050416;3;2;3;"S-10";3;"S-2"
-3.76716904695587;3.08938348252009;-513.544328670952;68.8411963104074;"T31";27.3993295966648;3;2;3;"S-10";3;"S-2"
-4.04760281026575;2.85841334604229;-514.059812975265;69.2639351563137;"T31";27.5361655862071;3;2;3;"S-10";3;"S-2"
-3.7914197080858;2.97746018394154;-515.416240690612;70.2218431493252;"T31";27.8712843661197;3;2;3;"S-10";3;"S-2"
-3.8969915098924;3.0366515091452;-515.60539606016;70.3703897690007;"T31";27.9211747460067;3;2;3;"S-10";3;"S-2"
-3.85105635080313;3.05462730395704;-515.643832076134;70.4003402540397;"T31";27.9310377431102;3;2;3;"S-10";3;"S-2"
-4.33317014006115;2.70205141532624;-516.762022373569;71.2872799148552;"T31";28.2213971135207;3;2;3;"S-10";3;"S-2"
-4.02694305958831;2.80343431137651;-518.179414077463;72.1711282604743;"T31";28.5484998254105;3;2;3;"S-10";3;"S-2"
-4.28111765358856;2.84197061567425;-518.792633807034;72.5980330378339;"T31";28.7007790408097;3;2;3;"S-10";3;"S-2"
-4.40171960930454;2.6394961480964;-519.063887487009;72.778101667164;"T31";28.764139523264;3;2;3;"S-10";3;"S-2"
-5.02642613493973;2.34075440578816;-519.827673540331;73.236106838927;"T31";28.937659447547;3;2;3;"S-10";3;"S-2"
-5.01671843752552;2.28555005955724;-519.86710050689;73.2544675674451;"T31";28.9455033838749;3;2;3;"S-10";3;"S-2"
-4.8701829743725;2.22292923672885;-520.483422842722;73.5352558095817;"T31";29.068357066717;3;2;3;"S-10";3;"S-2"
-4.99740888141775;2.03984206113236;-520.574837043306;73.5769805867;"T31";29.0871272445656;3;2;3;"S-10";3;"S-2"
-4.83341842424562;2.21255991747181;-520.781448661926;73.6613153049468;"T31";29.1284709936008;3;2;3;"S-10";3;"S-2"
-4.73302166602375;2.22543213086783;-520.846283302424;73.6909942017934;"T31";29.1418848210014;3;2;3;"S-10";3;"S-2"
-4.65295062687876;2.3321678447133;-520.996825338151;73.7617779646819;"T31";29.1736915707588;3;2;3;"S-10";3;"S-2"
-4.92897387440087;2.26218137796299;-521.078224535392;73.8025771490306;"T31";29.1911856736988;3;2;3;"S-10";3;"S-2"
-4.3418342469217;2.55564523007818;-521.921190435323;74.1894612773854;"T31";29.3622082681395;3;2;3;"S-10";3;"S-2"
-4.1288808352005;2.8527536714774;-522.305693213881;74.4157832961658;"T31";29.4507659506053;3;2;3;"S-10";3;"S-2"
-4.24010916535124;2.28052918970717;-523.180950516334;75.0205218640055;"T31";29.6627501025796;3;2;3;"S-10";3;"S-2"
-4.04495299781333;2.33347974096689;-523.267660273708;75.0671584304272;"T31";29.6831999905407;3;2;3;"S-10";3;"S-2"
-3.90835206265786;2.18698397138146;-523.409399566807;75.1489259488939;"T31";29.7182410140522;3;2;3;"S-10";3;"S-2"
-4.02212445667931;2.12530120599157;-523.567658864656;75.2374825942954;"T31";29.7587336041033;3;2;3;"S-10";3;"S-2"
-4.61695512236655;2.03153798905725;-523.821163172209;75.3714349412129;"T31";29.821761068888;3;2;3;"S-10";3;"S-2"
-4.63924896690906;2.16296210507368;-523.996096687721;75.4484086333767;"T31";29.8596504377201;3;2;3;"S-10";3;"S-2"
-3.64474515185016;2.68919562452313;-525.077109444638;75.9524103899091;"T31";30.0926650408655;3;2;3;"S-10";3;"S-2"
-3.62855142672662;2.64550829449199;-525.194419409492;76.038964985924;"T31";30.1248510950245;3;2;3;"S-10";3;"S-2"
-3.2136689516005;3.24051544839364;-525.762049056405;76.4528130378074;"T31";30.2812853245996;3;2;3;"S-10";3;"S-2"
-3.41406888761899;3.38613890936253;-525.910753235561;76.6027594688348;"T31";30.3275577258319;3;2;3;"S-10";3;"S-2"
-4.00740284921905;3.43841281111235;-526.527949493176;77.2149065377474;"T31";30.5083379847929;3;2;3;"S-10";3;"S-2"
-4.610747689339;3.08631855201433;-527.250205895977;77.8346135554189;"T31";30.6885685306042;3;2;3;"S-10";3;"S-2"
-4.76201290308931;2.61662290934311;-527.907263324699;78.2744312745046;"T31";30.8310741442256;3;2;3;"S-10";3;"S-2"
-4.62802375499894;2.48616625728622;-528.297063492233;78.4886180205703;"T31";30.9129303204827;3;2;3;"S-10";3;"S-2"
-4.34197692753159;2.51579957121552;-528.71862271839;78.7150788986905;"T31";31.0040187090635;3;2;3;"S-10";3;"S-2"
-4.35683532389176;2.40159624175521;-528.890090007103;78.8144293417313;"T31";31.0435093124397;3;2;3;"S-10";3;"S-2"
-3.78280824896189;2.50272503807954;-529.651524394278;79.2341509576836;"T31";31.2182770809159;3;2;3;"S-10";3;"S-2"
-3.85653902198227;2.57950034211786;-529.691503829521;79.2606015539086;"T31";31.2288457993418;3;2;3;"S-10";3;"S-2"
-3.20620327411436;3.37948095317142;-531.035154613971;80.1593212708413;"T31";31.5772542497143;3;2;3;"S-10";3;"S-2"
-3.87016502055799;3.14850469388476;-531.762543165984;80.9260211794;"T31";31.8041233811527;3;2;3;"S-10";3;"S-2"
-4.64686602594264;2.79050927866948;-532.877993410988;81.8334761105291;"T31";32.0923411287367;3;2;3;"S-10";3;"S-2"
-4.75178215670233;2.28997964213395;-533.557337452199;82.2414318897197;"T31";32.2385351522826;3;2;3;"S-10";3;"S-2"
-4.88831257977743;2.05421280804765;-533.666928323241;82.294245940401;"T31";32.2615982615389;3;2;3;"S-10";3;"S-2"
-4.87342091855616;2.02780012946311;-533.719094925761;82.3161678820325;"T31";32.2722699609585;3;2;3;"S-10";3;"S-2"
-5.00255036678715;1.97021650401043;-533.862230997788;82.3757259112355;"T31";32.3016407201067;3;2;3;"S-10";3;"S-2"
-4.56997661213132;1.77017969729742;-534.336357113575;82.5624568844024;"T31";32.3964176001027;3;2;3;"S-10";3;"S-2"
-4.60568761318526;1.75175279449544;-534.34986072587;82.5676875064281;"T31";32.3993724538013;3;2;3;"S-10";3;"S-2"
-4.91844181333912;1.70408167762762;-534.407080208477;82.589450682087;"T31";32.4117961106822;3;2;3;"S-10";3;"S-2"
-4.79302534180186;1.7444975995431;-534.498503515402;82.6211259134209;"T31";32.4303839704953;3;2;3;"S-10";3;"S-2"
-4.71229892790713;1.77937486248049;-534.568816281817;82.6467173600504;"T31";32.4450537795201;3;2;3;"S-10";3;"S-2"
-4.47148509368661;2.03253440757912;-536.222398210494;83.2711136816663;"T31";32.7959614689462;3;2;3;"S-10";3;"S-2"
-4.41908202425519;1.99782743510168;-536.613778048064;83.4490172125125;"T31";32.8834893996827;3;2;3;"S-10";3;"S-2"
-3.99131026216358;2.16284885256412;-538.110784915228;84.1258006198674;"T31";33.2222490920685;3;2;3;"S-10";3;"S-2"
-4.15995828770022;2.36834597032998;-538.400900366251;84.2830111169576;"T31";33.2949358620681;3;2;3;"S-10";3;"S-2"
-4.21965824592514;2.38238096375366;-539.271413570372;84.7786113841995;"T31";33.5041959420778;3;2;3;"S-10";3;"S-2"
-4.10665198055355;2.53449698947038;-539.420020946035;84.8625137673353;"T31";33.5394138121046;3;2;3;"S-10";3;"S-2"
-4.03877961301265;2.482985054524;-539.483148460255;84.9014740920726;"T31";33.5547858267091;3;2;3;"S-10";3;"S-2"
-3.47426431895202;2.93752522496018;-539.89412529645;85.1541368862344;"T31";33.6565435049124;3;2;3;"S-10";3;"S-2"
-3.51560169415073;2.95639691802153;-539.916411314602;85.1729799374459;"T31";33.6629581055604;3;2;3;"S-10";3;"S-2"
-3.38684755352443;3.06561956439064;-540.037728245098;85.2749997424823;"T31";33.6974662612192;3;2;3;"S-10";3;"S-2"
-3.36973455887526;3.01696435663548;-540.046934074383;85.2833324382753;"T31";33.7001843727194;3;2;3;"S-10";3;"S-2"
-4.37650490679212;3.05959235386694;-540.629493395667;85.8049048877463;"T31";33.8730642572045;3;2;3;"S-10";3;"S-2"
-3.93632347330041;2.7183795393466;-540.896697001816;85.991705571788;"T31";33.9341183658689;3;2;3;"S-10";3;"S-2"
-4.5356894846666;2.71925937817018;-542.322858934875;86.9765965353784;"T31";34.2964264797047;3;2;3;"S-10";3;"S-2"
-4.39003957522416;2.88905155754511;-542.772221403672;87.2460005833419;"T31";34.3954990617931;3;2;3;"S-10";3;"S-2"
-4.27399793051312;2.67505884563144;-542.972166179805;87.3775827153502;"T31";34.4410441583022;3;2;3;"S-10";3;"S-2"
-4.14656786243261;2.70628927090561;-543.031796666847;87.4149049285156;"T31";34.4549960806035;3;2;3;"S-10";3;"S-2"
-3.72439014898011;2.49959787442164;-543.296920483788;87.5879400180288;"T31";34.5189342158847;3;2;3;"S-10";3;"S-2"
-3.84193379027879;2.67109570354074;-543.465156369993;87.7008503326682;"T31";34.5641056075692;3;2;3;"S-10";3;"S-2"
-3.7309217575853;2.66360947931059;-543.664965686447;87.8397673041312;"T31";34.616113093216;3;2;3;"S-10";3;"S-2"
-3.77981136646929;2.62433301291515;-543.846430198656;87.9693198989816;"T31";34.6647510770708;3;2;3;"S-10";3;"S-2"
-3.76480620454327;2.75516202693619;-544.026952195915;88.0946567983744;"T31";34.7125106025487;3;2;3;"S-10";3;"S-2"
-3.57937488385418;2.88435949250002;-544.139957944;88.1773567114731;"T31";34.7425269545056;3;2;3;"S-10";3;"S-2"
-3.51074575532419;2.98206730149739;-544.643403855045;88.5830473808224;"T31";34.8831788636744;3;2;3;"S-10";3;"S-2"
-3.6670478568474;2.9192532986741;-545.187693790687;89.0453734313922;"T31";35.038214281667;3;2;3;"S-10";3;"S-2"
-3.88331507684976;2.71029915109707;-545.621722134927;89.3908935132406;"T31";35.1565733435564;3;2;3;"S-10";3;"S-2"
-3.80401824230414;2.84631783032752;-545.72215623213;89.4609899239115;"T31";35.1824363227934;3;2;3;"S-10";3;"S-2"
-3.80199502101081;3.07903663520535;-545.8733002389;89.5740818845735;"T31";35.2221690467559;3;2;3;"S-10";3;"S-2"
-3.64355714436477;3.11654696016303;-546.138430640479;89.7887971104103;"T31";35.2919035940431;3;2;3;"S-10";3;"S-2"
-3.63793769628676;3.1312438843554;-546.212904964178;89.8524993436782;"T31";35.3123435983434;3;2;3;"S-10";3;"S-2"
-3.71984372645883;2.98143024048733;-546.387098074155;90.0024307487346;"T31";35.3602259769104;3;2;3;"S-10";3;"S-2"
-3.55182315748735;3.25672455649843;-546.68412466088;90.2404956011887;"T31";35.4400751879439;3;2;3;"S-10";3;"S-2"
-4.38548475606611;2.99045068307794;-546.953611433363;90.4875924161712;"T31";35.5159479891881;3;2;3;"S-10";3;"S-2"
-4.18582591411061;2.76102068109364;-547.687147698285;90.9877888930748;"T31";35.6832125689834;3;2;3;"S-10";3;"S-2"
-4.04285321617677;2.5687323459897;-547.858149978419;91.1005840359334;"T31";35.7240652665496;3;2;3;"S-10";3;"S-2"
-3.89516106709587;2.68866498056323;-547.990332423801;91.1845696037663;"T31";35.7567606028169;3;2;3;"S-10";3;"S-2"
-3.70948616730134;2.77933064244889;-548.998694141626;91.8805990597384;"T31";36.0156360897236;3;2;3;"S-10";3;"S-2"
-3.60811972292046;2.86626494238952;-549.041344272795;91.9125546490349;"T31";36.0271336743608;3;2;3;"S-10";3;"S-2"
-3.78534590116261;2.77107193034428;-549.553821600346;92.3196630352668;"T31";36.1691681318916;3;2;3;"S-10";3;"S-2"
-3.77389333293738;2.64716250580077;-549.662076751455;92.3989114892746;"T31";36.1977666150779;3;2;3;"S-10";3;"S-2"
-3.88991690355759;2.914327642002;-549.917683043384;92.5782041540507;"T31";36.2654967466369;3;2;3;"S-10";3;"S-2"
-3.97654049043315;2.55062852520716;-550.293777836035;92.8599745561977;"T31";36.3621812779456;3;2;3;"S-10";3;"S-2"
-4.07338041676205;2.33625821935306;-550.873146791014;93.2315927974162;"T31";36.5078780101612;3;2;3;"S-10";3;"S-2"
-4.02548002592974;2.40534709897454;-551.154033547318;93.3926933885674;"T31";36.5768346819095;3;2;3;"S-10";3;"S-2"
-3.70844714086586;2.71810344486885;-551.430573384222;93.557934376018;"T31";36.6455320385285;3;2;3;"S-10";3;"S-2"
-3.94644219475915;2.4300362932073;-551.922070793638;93.9181770196184;"T31";36.7780665983446;3;2;3;"S-10";3;"S-2"
-4.02207229571375;2.28071569313415;-552.410459735712;94.2189043065952;"T31";36.9018208351918;3;2;3;"S-10";3;"S-2"
-4.14777268859807;2.23398939828842;-552.893418122;94.4927658112509;"T31";37.0218978379853;3;2;3;"S-10";3;"S-2"
-4.12260685771139;2.13102605839451;-552.931016929566;94.5130165201966;"T31";37.0309626567177;3;2;3;"S-10";3;"S-2"
-4.00788229498256;2.13924969534959;-553.030424872238;94.5644017052406;"T31";37.0550755411386;3;2;3;"S-10";3;"S-2"
-3.89969676248041;2.09673948019494;-553.147565712394;94.6269268714437;"T31";37.0843031560071;3;2;3;"S-10";3;"S-2"
-3.96102085325794;2.02204808371243;-553.262111755648;94.6885145347464;"T31";37.1136762201786;3;2;3;"S-10";3;"S-2"
-4.27127808835928;1.9830499762508;-553.37551996628;94.7464079070567;"T31";37.1423072763719;3;2;3;"S-10";3;"S-2"
-4.39061654477347;2.12189173279057;-553.715612457638;94.9043045349413;"T31";37.2219303972088;3;2;3;"S-10";3;"S-2"
-4.53079989285506;1.63482990787497;-554.421099591395;95.2452514842924;"T31";37.3826110502705;3;2;3;"S-10";3;"S-2"
-4.11459580883806;1.9068154121422;-554.770586319823;95.3713553444386;"T31";37.4597468180582;3;2;3;"S-10";3;"S-2"
-4.18756981816677;2.02140035115533;-554.94507932217;95.4522201393407;"T31";37.5021551153623;3;2;3;"S-10";3;"S-2"
-4.15747141163624;2.06713260679555;-555.367061167187;95.6559168624371;"T31";37.6029252191074;3;2;3;"S-10";3;"S-2"
-3.6602759231249;2.52859670771151;-555.594028600778;95.7687671351639;"T31";37.6575178815983;3;2;3;"S-10";3;"S-2"
-3.72572653991489;2.45515032118753;-555.767309896461;95.8884735515581;"T31";37.7048589289188;3;2;3;"S-10";3;"S-2"
-3.88330300037447;2.39399749669369;-555.789731307339;95.9032486386527;"T31";37.7108769258484;3;2;3;"S-10";3;"S-2"
-4.00618011665501;2.45495011619438;-555.905253218074;95.9744661473266;"T31";37.7406252897345;3;2;3;"S-10";3;"S-2"
-3.89904584808435;2.4653358703589;-556.069459210051;96.0750900602177;"T31";37.7816134598106;3;2;3;"S-10";3;"S-2"
-4.00325081093875;2.71601565437;-556.744997559365;96.5022276188041;"T31";37.9548708093353;3;2;3;"S-10";3;"S-2"
-3.95562390365526;2.86451946126643;-557.068461336378;96.7216824377698;"T31";38.0356710869819;3;2;3;"S-10";3;"S-2"
-4.1651070994944;2.92061777038524;-557.430045644508;96.9835286882613;"T31";38.1270812707953;3;2;3;"S-10";3;"S-2"
-4.30746674840884;2.76173273955292;-557.60835397647;97.108560403052;"T31";38.1698912940919;3;2;3;"S-10";3;"S-2"
-4.13449540506212;2.60335264227633;-557.998545137293;97.3587315051102;"T31";38.2604761281982;3;2;3;"S-10";3;"S-2"
-4.57726111558568;2.35893077738928;-558.626861583499;97.7543612301823;"T31";38.4124454460107;3;2;3;"S-10";3;"S-2"
-4.58755139837508;2.29617919087789;-558.755354327588;97.8205810679955;"T31";38.4405174176209;3;2;3;"S-10";3;"S-2"
-4.28278457947597;2.36795480440314;-558.90419426688;97.8950790172707;"T31";38.4729617275298;3;2;3;"S-10";3;"S-2"
-3.73886225281167;2.52331591171063;-559.70200827239;98.3361909789649;"T31";38.6592456721701;3;2;3;"S-10";3;"S-2"
-3.90235073723765;2.66722084357882;-560.067278309225;98.5827076018561;"T31";38.7569411774166;3;2;3;"S-10";3;"S-2"
-3.90947435978248;2.86232073447672;-560.13641186369;98.6299597505926;"T31";38.7746570515446;3;2;3;"S-10";3;"S-2"
-3.98327153802828;2.87146383593629;-560.171356504392;98.6555444610772;"T31";38.7835955014452;3;2;3;"S-10";3;"S-2"
-4.02820656961752;2.84087989552247;-560.634711752505;98.9895683470826;"T31";38.8999207993038;3;2;3;"S-10";3;"S-2"
-4.07483431812737;2.79458001685053;-560.659353966272;99.0069471901141;"T31";38.9060382149182;3;2;3;"S-10";3;"S-2"
-4.36983629142063;3.09377086646193;-561.273071902762;99.4278437830551;"T31";39.0566499670967;3;2;3;"S-10";3;"S-2"
-3.95670554353479;3.02484600355817;-563.308874941199;100.869158219144;"T31";39.5225262385793;3;2;3;"S-10";3;"S-2"
-3.94110119223813;2.98819695906388;-563.485055437211;101.003845742237;"T31";39.5670533063821;3;2;3;"S-10";3;"S-2"
-3.97393438531859;3.04920390918932;-563.791983027285;101.236562449212;"T31";39.6449319436215;3;2;3;"S-10";3;"S-2"
-4.03429547219749;2.91118762706813;-564.053202687645;101.436996561177;"T31";39.7106652031653;3;2;3;"S-10";3;"S-2"
-4.33986202463487;2.89011261636714;-564.24547148822;101.575739634698;"T31";39.7583237849176;3;2;3;"S-10";3;"S-2"
-4.59126235153485;2.51421713501646;-564.598994490488;101.811166771144;"T31";39.8397832876071;3;2;3;"S-10";3;"S-2"
-4.73150750021317;2.12758292910819;-565.242548884513;102.163583026388;"T31";39.9799526669085;3;2;3;"S-10";3;"S-2"
-4.03749459891628;2.65876821783709;-567.316731154113;103.096265641487;"T31";40.418329287786;3;2;3;"S-10";3;"S-2"
-4.30527846121566;2.736238996469;-567.504359798044;103.219822729433;"T31";40.4648008407094;3;2;3;"S-10";3;"S-2"
-4.3820731629477;2.83118915769808;-567.620427330412;103.293589969148;"T31";40.4917601961643;3;2;3;"S-10";3;"S-2"
-4.18460982503501;2.96208790230805;-567.997569936501;103.537255927602;"T31";40.5778250773437;3;2;3;"S-10";3;"S-2"
-4.09544110215483;2.67056168055371;-568.67454738505;104.016456329629;"T31";40.7396029913798;3;2;3;"S-10";3;"S-2"
-4.16280635651932;2.73891159649862;-568.809767150147;104.104630646904;"T31";40.7726201345213;3;2;3;"S-10";3;"S-2"
-4.55935079230893;2.86329207126654;-569.007449716284;104.234695566203;"T31";40.820107946638;3;2;3;"S-10";3;"S-2"
-4.65930245091553;2.68271928074914;-569.301977421587;104.419660242486;"T31";40.8847065526061;3;2;3;"S-10";3;"S-2"
-4.57061709633902;2.69935924196698;-569.339884417246;104.441486219486;"T31";40.8928423188627;3;2;3;"S-10";3;"S-2"
-4.06505932182677;2.65159817243573;-569.920792085496;104.784564287495;"T31";41.0199384321459;3;2;3;"S-10";3;"S-2"
-4.22598051099759;2.36290659954035;-570.381495060412;105.085076302108;"T31";41.1332708434202;3;2;3;"S-10";3;"S-2"
-4.31097075790689;2.33611761845276;-570.553682643736;105.181352935646;"T31";41.1740158451721;3;2;3;"S-10";3;"S-2"
-4.03506625913125;2.50423378074565;-571.053748620702;105.45233898607;"T31";41.2900143070146;3;2;3;"S-10";3;"S-2"
-4.21448036701803;2.27140258979307;-571.211169403692;105.550037119691;"T31";41.329027491156;3;2;3;"S-10";3;"S-2"
-4.40425465420768;2.08003183013598;-571.61342175446;105.766831825495;"T31";41.4244727930054;3;2;3;"S-10";3;"S-2"
-4.10149999086408;2.23181740027758;-572.033292802103;105.965127612687;"T31";41.5198058472015;3;2;3;"S-10";3;"S-2"
-4.11736769640304;2.20244325221494;-572.950508440926;106.464227412051;"T31";41.7434351635166;3;2;3;"S-10";3;"S-2"
-4.87963301173482;1.83538445728185;-573.671004910478;106.849632045452;"T31";41.9184247497469;3;2;3;"S-10";3;"S-2"
-4.76627660268112;1.76269146404715;-573.950199584811;106.954646001337;"T31";41.9756410759874;3;2;3;"S-10";3;"S-2"
-4.2052556958465;1.96047886792979;-574.50962639024;107.161536397529;"T31";42.0930129475892;3;2;3;"S-10";3;"S-2"
-4.07620157000514;2.07935582885253;-574.554111333629;107.182275158204;"T31";42.1035913634114;3;2;3;"S-10";3;"S-2"
-4.07992476896357;2.54468265671346;-575.241073073251;107.532708735384;"T31";42.2721212380566;3;2;3;"S-10";3;"S-2"
-3.91364263021903;2.39714193147098;-575.558977532366;107.730988362929;"T31";42.350040434394;3;2;3;"S-10";3;"S-2"
-4.09576034734304;2.80497909236655;-576.32357358194;108.199310441424;"T31";42.5454072887078;3;2;3;"S-10";3;"S-2"
-4.03241830691333;2.77914989404336;-576.338682236929;108.209657595008;"T31";42.5490961410105;3;2;3;"S-10";3;"S-2"
-3.87207930541331;2.88556651113831;-576.57530864517;108.37274093789;"T31";42.6077771582641;3;2;3;"S-10";3;"S-2"
-4.05061247633741;3.15300553237806;-576.890172214068;108.607384832895;"T31";42.68909356324;3;2;3;"S-10";3;"S-2"
-4.04758122675582;3.09488559007691;-576.910596887466;108.623283442944;"T31";42.6941359299235;3;2;3;"S-10";3;"S-2"
-4.16286100743664;2.73665599410349;-577.132041318479;108.79260559861;"T31";42.7488462417386;3;2;3;"S-10";3;"S-2"
-4.18978735311696;2.79885742052032;-577.165111309055;108.81434574025;"T31";42.7567902952433;3;2;3;"S-10";3;"S-2"
-4.01014195591627;2.6593767816775;-577.480202203257;109.024832433977;"T31";42.831994802691;3;2;3;"S-10";3;"S-2"
-4.14301658440722;2.59839267749748;-577.534275948011;109.060692127444;"T31";42.8454790497199;3;2;3;"S-10";3;"S-2"
-4.13872645840707;2.50972927914939;-577.607390811931;109.106547876065;"T31";42.86312678596;3;2;3;"S-10";3;"S-2"
-3.55122938592321;2.8700598274029;-578.661999920781;109.74606425511;"T31";43.1179416715167;3;2;3;"S-10";3;"S-2"
-3.73254981873399;2.81555929239977;-578.866736303095;109.911529676301;"T31";43.1755939265713;3;2;3;"S-10";3;"S-2"
-4.14039428262652;3.18351539323479;-581.030954560569;111.544055729946;"T31";43.7554169329815;3;2;3;"S-10";3;"S-2"
-4.32422369629019;3.25040769601124;-581.260355985264;111.720440614307;"T31";43.8108226284385;3;2;3;"S-10";3;"S-2"
-4.63085885733709;2.87572149497153;-581.883923908769;112.189160578836;"T31";43.9550260663964;3;2;3;"S-10";3;"S-2"
-4.7613881666914;2.56344486699367;-583.338703823993;113.092565757345;"T31";44.2691751173697;3;2;3;"S-10";3;"S-2"
-5.0483539570313;2.54350709134008;-583.63717213415;113.253255671893;"T31";44.3318602629006;3;2;3;"S-10";3;"S-2"
-4.5499458205223;2.02400081354929;-585.711506791684;114.298365613897;"T31";44.7427535313182;3;2;3;"S-10";3;"S-2"
-4.28936310351388;1.76666758726802;-586.599084087662;114.693196066832;"T31";44.937827787362;3;2;3;"S-10";3;"S-2"
-4.43635854629565;1.81709347328536;-586.793387274225;114.773224064817;"T31";44.9831266305409;3;2;3;"S-10";3;"S-2"
-4.13893726299886;2.1280046357118;-587.230119111204;114.952105587189;"T31";45.0815703952685;3;2;3;"S-10";3;"S-2"
-4.23973113037532;2.16487903679443;-587.320568974056;114.998609729489;"T31";45.1034237979911;3;2;3;"S-10";3;"S-2"
-4.29115700829155;2.11757324807377;-587.771763708125;115.228997457216;"T31";45.2098443987779;3;2;3;"S-10";3;"S-2"
-4.10978341698323;2.19286844745239;-590.006527772891;116.331794812372;"T31";45.7306279684417;3;2;3;"S-10";3;"S-2"
-3.87284691303891;2.27881325301499;-590.875534075167;116.795472896483;"T31";45.9420761675574;3;2;3;"S-10";3;"S-2"
-3.94463191672539;2.18798057910398;-590.984854780839;116.859798050177;"T31";45.9703036467545;3;2;3;"S-10";3;"S-2"
-3.71247925667623;2.14057931444853;-591.25107873025;117.007465270668;"T31";46.0377938346937;3;2;3;"S-10";3;"S-2"
-4.31834684746372;2.06849853065072;-591.760418771714;117.301145768631;"T31";46.1749905720353;3;2;3;"S-10";3;"S-2"
-4.28177922380644;2.19137816349354;-592.352134322671;117.584578941313;"T31";46.3120141997933;3;2;3;"S-10";3;"S-2"
-3.48126999833239;2.23408365519332;-593.055965391388;117.944793691808;"T31";46.4763923780993;3;2;3;"S-10";3;"S-2"
-2.87764672107474;2.92225725329789;-593.424984604273;118.181609506827;"T31";46.582393697463;3;2;3;"S-10";3;"S-2"
-2.60958520512756;2.98448179831368;-593.532090191281;118.290375491273;"T31";46.6196135501377;3;2;3;"S-10";3;"S-2"
-2.77171833504957;3.30722499558345;-593.840594483108;118.643199933198;"T31";46.7378332163207;3;2;3;"S-10";3;"S-2"
-2.88192562893848;3.34099066804123;-593.876297036195;118.685800357089;"T31";46.7507142340764;3;2;3;"S-10";3;"S-2"
-2.95725893566832;3.2773158374732;-593.936841957057;118.75598954364;"T31";46.7717227293178;3;2;3;"S-10";3;"S-2"
-3.06411607787741;3.11831665362669;-594.089388277287;118.925045579013;"T31";46.823306416627;3;2;3;"S-10";3;"S-2"
-3.76765601538486;3.00830583750127;-594.395772111915;119.236848979942;"T31";46.9232973526232;3;2;3;"S-10";3;"S-2"
-3.80698978669636;3.14167136456291;-594.714973035591;119.491716727451;"T31";47.0080187078565;3;2;3;"S-10";3;"S-2"
-4.44728985685824;2.83342933128857;-595.350396822149;120.016092369742;"T31";47.174928477034;3;2;3;"S-10";3;"S-2"
-4.51257589493766;2.86858072064184;-595.418598317584;120.05954447739;"T31";47.1902639954351;3;2;3;"S-10";3;"S-2"
-4.4732021773836;2.64719475858114;-595.905592702274;120.369119925096;"T31";47.2981833736412;3;2;3;"S-10";3;"S-2"
-4.2250639844355;2.83020903335443;-596.104514966131;120.486840062341;"T31";47.3426531418227;3;2;3;"S-10";3;"S-2"
-4.02904992167642;2.74172886947855;-596.345241172249;120.648093355932;"T31";47.3996288958006;3;2;3;"S-10";3;"S-2"
-4.67863586952957;2.23574825553612;-597.585481768431;121.492064891096;"T31";47.7074534748681;3;2;3;"S-10";3;"S-2"
-4.50143675806465;2.43508198632667;-597.737383035722;121.564652928043;"T31";47.7399204741232;3;2;3;"S-10";3;"S-2"
-4.01981898734303;1.17533301331772;-599.096081270111;122.29964972423;"T31";48.0417570448481;3;2;3;"S-10";3;"S-2"
-3.821079635653;1.22358547673594;-599.163101194673;122.319245315508;"T31";48.0584294185974;3;2;3;"S-10";3;"S-2"
-3.85375473136406;1.2448771611546;-599.200355269957;122.331174809215;"T31";48.0681790388189;3;2;3;"S-10";3;"S-2"
-3.65467881654971;1.73606964303792;-599.492011308763;122.425388366364;"T31";48.1438600458205;3;2;3;"S-10";3;"S-2"
-3.69585472289808;1.70852274011067;-599.566774651278;122.460902942574;"T31";48.1643169303425;3;2;3;"S-10";3;"S-2"
-3.60106716145168;1.72671051875258;-599.621644055285;122.486268015476;"T31";48.1791631318629;3;2;3;"S-10";3;"S-2"
-3.59320446571051;1.66361779154557;-599.682276804073;122.515341398565;"T31";48.196000570897;3;2;3;"S-10";3;"S-2"
-3.70311322035491;2.00322926496621;-600.849562591752;123.055783063584;"T31";48.52085984312;3;2;3;"S-10";3;"S-2"
-3.86424599959393;2.1445095040252;-601.516892515001;123.416780622149;"T31";48.701067653019;3;2;3;"S-10";3;"S-2"
-4.01105730055068;2.0698071467507;-601.701621120115;123.519297969485;"T31";48.7488722195849;3;2;3;"S-10";3;"S-2"
-3.92424094676072;2.10496060955046;-602.01581939006;123.681432233819;"T31";48.8272052491084;3;2;3;"S-10";3;"S-2"
-4.01676062326917;2.054845326544;-602.127779384989;123.741487511354;"T31";48.8557356060483;3;2;3;"S-10";3;"S-2"
-4.40121191742482;1.84417154423908;-602.249320238976;123.803663896562;"T31";48.8859940320253;3;2;3;"S-10";3;"S-2"
-4.4346203321636;1.63022444162043;-602.514887904142;123.914940594971;"T31";48.9463336998597;3;2;3;"S-10";3;"S-2"
-4.36835027413829;1.69485373358818;-602.63892610857;123.960538661413;"T31";48.9743041223846;3;2;3;"S-10";3;"S-2"
-4.2508241904948;1.60365922766594;-603.205479670182;124.180352861035;"T31";49.1039992077276;3;2;3;"S-10";3;"S-2"
-4.13221078876146;1.56466553056066;-603.675453480526;124.357654439257;"T31";49.2145598400384;3;2;3;"S-10";3;"S-2"
-4.11595085863038;1.63263650325923;-603.688607384155;124.36263517733;"T31";49.2177431005985;3;2;3;"S-10";3;"S-2"
-4.22922399169573;1.51297988590688;-603.750871940815;124.387333088348;"T31";49.2328707245179;3;2;3;"S-10";3;"S-2"
-4.31415638064661;1.49464367457417;-603.836499706841;124.417965915535;"T31";49.2531174095348;3;2;3;"S-10";3;"S-2"
-3.71695235650096;1.55127523539276;-604.494752421747;124.646018208915;"T31";49.4056971161626;3;2;3;"S-10";3;"S-2"
-3.70807500174076;1.54452432306055;-604.504488055187;124.650081389071;"T31";49.4083163677715;3;2;3;"S-10";3;"S-2"
-3.9775393301376;1.91471453231701;-604.685910222041;124.725649156529;"T31";49.4572426076047;3;2;3;"S-10";3;"S-2"
-3.62795956393335;2.27311967966103;-605.211677089105;124.978743689963;"T31";49.5894265593961;3;2;3;"S-10";3;"S-2"
-3.97044328141275;2.13053026666752;-606.701220929641;125.912026257746;"T31";50;3;2;3;"S-10";3;"S-2"
