"Vx";"Vy";"X";"Y";"Traj";"Time";"TrueMovMode";"TrueTrajClust";"firstEstMovMode";"firstSegment";"finalEstMovMode";"finalSegment"
0;0;0;0;"T32";0;1;1;1;"S-1-NA";2;"S-1"
-3.80016838510679;3.36092082557499;0;0;"T32";0.0932319555431604;1;1;1;"S-1-NA";2;"S-1"
-7.55339014272107;5.7685108096926;-0.352431184388201;0.311694953264309;"T32";0.185972894541919;1;1;1;"S-1-NA";2;"S-1"
-8.51514419612606;6.40116384955447;-0.628416047604974;0.522464109457262;"T32";0.222510774619877;1;1;1;"S-1-NA";2;"S-1"
-9.55088257778566;6.90196823348076;-0.922428967068339;0.743485013862742;"T32";0.257039011921734;1;1;1;"S-1-NA";2;"S-1"
-19.8683660825012;6.99148725937708;-5.43269838239893;4.00284203930205;"T32";0.729274889454246;1;1;4;"S-2-NA";2;"S-1"
-21.1409151854922;6.23765725363458;-8.45677808891763;5.0669866524863;"T32";0.881480646785349;1;1;4;"S-2-NA";2;"S-1"
-21.2505633639108;6.11608894787858;-8.67720691006603;5.13202449134438;"T32";0.891907291952521;1;1;4;"S-2-NA";2;"S-1"
-21.5542110892355;5.83689439986864;-9.54579059568925;5.38201010297149;"T32";0.932780734729022;1;1;4;"S-2-NA";2;"S-1"
-22.089939370211;5.57512262302933;-11.0364683513763;5.78568660999631;"T32";1.00194020196795;1;1;4;"S-2-NA";2;"S-1"
-23.0803017709157;4.53837472303878;-12.8649305882929;6.24715918407388;"T32";1.08471373096108;1;1;4;"S-2-NA";2;"S-1"
-23.2152971593893;3.49211464820451;-15.5520000841845;6.7755287175507;"T32";1.20113636367023;1;1;4;"S-2-NA";2;"S-1"
-23.2605487549265;3.31352322106631;-16.3243394437081;6.89170632114801;"T32";1.23440491734073;1;1;4;"S-2-NA";2;"S-1"
-23.1576687529214;3.22079432818109;-17.2732977182857;7.02688779565943;"T32";1.27520181704313;1;1;4;"S-2-NA";2;"S-1"
-22.5558885697144;2.82585053633271;-21.2509816600266;7.58010850261164;"T32";1.44696711795405;1;1;2;"S-3";2;"S-1"
-21.7731356956168;2.1783722068044;-31.2935457615213;8.83826266774918;"T32";1.89219737658277;1;1;2;"S-3";2;"S-1"
-21.5098206619635;2.49771580360209;-37.0898749025638;9.41817740666661;"T32";2.15841209283099;1;1;2;"S-3";2;"S-1"
-21.1526496637098;2.4894890469384;-40.9383371506385;9.86506002496663;"T32";2.33732861233875;1;1;2;"S-3";2;"S-1"
-21.2870990992888;2.56962572012257;-41.1602894812703;9.89118194845305;"T32";2.34782149782404;1;1;2;"S-3";2;"S-1"
-21.5549411966443;2.59939390837575;-44.2928487414356;10.2693220044176;"T32";2.49497913755476;1;1;2;"S-3";2;"S-1"
-21.4044951522035;3.04866735407893;-49.2420163533924;10.8661613102959;"T32";2.72458624094725;1;1;2;"S-3";2;"S-1"
-21.4070436071724;2.8388813914251;-49.9022249679844;10.960195597761;"T32";2.75543063180521;1;1;2;"S-3";2;"S-1"
-21.309890465497;3.034027927351;-51.1029098304301;11.1194236525785;"T32";2.81151894014329;1;1;2;"S-3";2;"S-1"
-21.4781477045197;2.78627319723648;-52.5987643923027;11.3323982111913;"T32";2.8817142592743;1;1;2;"S-3";2;"S-1"
-21.6789597554552;1.60538639040639;-66.9132182106522;13.1893543861762;"T32";3.54818019550294;1;1;2;"S-3";2;"S-1"
-21.7667460458621;1.57567429044606;-68.0030159541573;13.2700568961423;"T32";3.59845003113151;1;1;2;"S-3";2;"S-1"
-21.8622397205161;1.65139983921335;-68.1644927376583;13.2817460487483;"T32";3.60586853930727;1;1;2;"S-3";2;"S-1"
-21.3964464982093;1.89297683233664;-71.0671129965437;13.5010001915122;"T32";3.73863719869405;1;1;2;"S-3";2;"S-1"
-21.4200767215923;2.03207202179938;-71.4995666198269;13.5392600347999;"T32";3.7588486680761;1;1;2;"S-3";2;"S-1"
-21.9402564275325;1.79078624508725;-73.0549949657481;13.6868198435131;"T32";3.83146411040798;1;1;2;"S-3";2;"S-1"
-21.5711910084291;1.9955083832441;-76.4102703698565;13.9606808652383;"T32";3.98439192213118;1;1;2;"S-3";2;"S-1"
-21.1185173513118;2.18996662346802;-77.7369483957078;14.0834092357496;"T32";4.04589422978461;1;1;2;"S-3";2;"S-1"
-21.0569439338709;2.19297966626604;-79.8917426907103;14.306858993514;"T32";4.14792763767764;1;1;2;"S-3";2;"S-1"
-21.4022015279516;2.00117855839751;-80.7826834805569;14.3996462014829;"T32";4.19023865833879;1;1;2;"S-3";2;"S-1"
-21.0549740417399;2.13472423665336;-83.067134493577;14.6132501327885;"T32";4.29697772487998;1;1;2;"S-3";2;"S-1"
-21.2896106818507;2.09203262529999;-86.9768074886347;15.0096445279273;"T32";4.48266653111205;1;1;2;"S-3";2;"S-1"
-21.3408398286853;2.0452896829186;-87.4195390950334;15.0531497370492;"T32";4.50346219586208;1;1;2;"S-3";2;"S-1"
-21.4719665864306;2.19047924933127;-88.3638717401817;15.1436538517827;"T32";4.54771221848205;1;1;2;"S-3";2;"S-1"
-21.5829908570598;2.10446921594817;-89.2414356970057;15.2331792163853;"T32";4.58858243655413;1;1;2;"S-3";2;"S-1"
-21.5872221930628;1.98813777108851;-90.8276596630134;15.3878454314697;"T32";4.66207660501823;1;1;2;"S-3";2;"S-1"
-20.9339312810601;2.48594073726826;-95.7543101566911;15.8415795823407;"T32";4.89029728341848;1;1;2;"S-3";2;"S-1"
-20.8077811719123;2.477120555253;-98.2934976478933;16.1431125117839;"T32";5.01159258419648;1;1;2;"S-3";2;"S-1"
-20.9770803414266;2.46539119156747;-104.410810733948;16.8713651718436;"T32";5.30558419413865;1;1;2;"S-3";2;"S-1"
-21.0676688297121;2.64480291287782;-107.769953574819;17.2661580141413;"T32";5.46571814920753;1;1;2;"S-3";2;"S-1"
-21.1627774134051;2.67094922217731;-109.671667792714;17.5048963075711;"T32";5.55598509963602;1;1;2;"S-3";2;"S-1"
-21.1530108170151;2.65744663046705;-109.850699108261;17.5274918083253;"T32";5.5644448264502;1;1;2;"S-3";2;"S-1"
-20.7441887122933;2.85628988380557;-110.637893345345;17.6263867926356;"T32";5.60165911447257;1;1;2;"S-3";2;"S-1"
-21.0098237895169;2.60638951850317;-112.297049616846;17.8548378224477;"T32";5.68164085270837;1;1;2;"S-3";2;"S-1"
-21.2153179248852;2.44952048349912;-114.419239705282;18.1181077126754;"T32";5.78265027143061;1;1;2;"S-3";2;"S-1"
-20.9161170134767;2.74231493261862;-124.624866082607;19.2964492744991;"T32";6.26370016252622;1;1;2;"S-3";2;"S-1"
-21.1048514636098;3.40067214636346;-133.112829545694;20.4093073129844;"T32";6.66950987651944;1;1;2;"S-3";2;"S-1"
-21.4114389728172;3.34847102914293;-134.497194514633;20.632373151585;"T32";6.73510450869799;1;1;2;"S-3";2;"S-1"
-21.5257790988692;3.31778185958358;-135.03323210149;20.7162024697547;"T32";6.76013961201534;1;1;2;"S-3";2;"S-1"
-21.7357142113517;3.07912993940498;-136.990144303549;21.0178225772066;"T32";6.85104978037998;1;1;2;"S-3";2;"S-1"
-21.0654049828799;2.97452992571099;-141.503039502996;21.6571294151093;"T32";7.05867558717728;1;1;2;"S-3";2;"S-1"
-21.7095584123674;2.75809086309555;-144.774898731356;22.1191306534135;"T32";7.21399466274306;1;1;2;"S-3";2;"S-1"
-22.022347199688;2.2264473007515;-148.891588537715;22.6421355126303;"T32";7.40362034412101;1;1;2;"S-3";2;"S-1"
-21.9092744019109;1.82654063703099;-152.969601707445;23.0544204217658;"T32";7.58879648055881;1;1;2;"S-3";2;"S-1"
-21.395025401183;2.27185452808416;-157.667055792905;23.4460395425218;"T32";7.80320130288601;1;1;2;"S-3";2;"S-1"
-21.3275969307345;2.17233107389044;-158.049330023623;23.4866317561669;"T32";7.82106873812154;1;1;2;"S-3";2;"S-1"
-21.1704728381208;2.20656905542693;-158.209917126795;23.502988420981;"T32";7.82859828323126;1;1;2;"S-3";2;"S-1"
-21.031116874749;2.20021483588001;-159.276475431959;23.6141543155729;"T32";7.87897780537605;1;1;2;"S-3";2;"S-1"
-21.2977384834593;2.36769677542817;-160.026312438902;23.6926001022134;"T32";7.9146314994432;1;1;2;"S-3";2;"S-1"
-21.0108795208413;2.53718722413495;-160.950801247535;23.7953767032511;"T32";7.95803933870047;1;1;2;"S-3";2;"S-1"
-20.9395582133634;2.5677334826768;-161.237753343496;23.8300278558165;"T32";7.97169664874673;1;1;2;"S-3";2;"S-1"
-20.8551018534369;2.70215394190426;-161.729214367362;23.8902937369566;"T32";7.99516710685566;1;1;2;"S-3";2;"S-1"
-20.8033363423188;2.75238677695468;-162.745421296877;24.0219616415143;"T32";8.04389412514865;1;1;2;"S-3";2;"S-1"
-20.7274822327186;2.7749254363328;-163.492303085779;24.1207778855001;"T32";8.07979614473879;1;1;2;"S-3";2;"S-1"
-20.8326580631085;2.81009060049377;-164.342764913913;24.2346348476252;"T32";8.12082678312436;1;1;2;"S-3";2;"S-1"
-20.4855038822925;2.88156376302404;-165.480545681015;24.3881086400415;"T32";8.1754420301877;1;1;2;"S-3";2;"S-1"
-21.1934943295874;2.74836874597799;-172.521287400562;25.378484386737;"T32";8.51913588121533;1;1;2;"S-3";2;"S-1"
-21.0413317224393;2.87331394878787;-172.787377078751;25.4129908510222;"T32";8.53169113397598;1;1;2;"S-3";2;"S-1"
-21.2358656075368;2.88721568547502;-176.000178722828;25.8517172539128;"T32";8.68438116740435;1;1;2;"S-3";2;"S-1"
-21.270755687265;2.91361574912976;-176.300162206744;25.8925028303594;"T32";8.69850743329152;1;1;2;"S-3";2;"S-1"
-21.4437385939043;2.7573014320102;-176.929926477055;25.9787663897362;"T32";8.72811448061839;1;1;2;"S-3";2;"S-1"
-21.4105694055174;2.68687801230276;-177.383458760807;26.0370829565967;"T32";8.74926435062662;1;1;2;"S-3";2;"S-1"
-22.1417164763806;2.26782490584677;-182.540052461973;26.6841997133548;"T32";8.99010772118345;1;1;2;"S-3";2;"S-1"
-22.0960485697821;2.26783179174949;-182.797741731023;26.7105930665054;"T32";9.00174590060487;1;1;2;"S-3";2;"S-1"
-21.341102508858;2.96298443996076;-185.327405120337;26.9702255088668;"T32";9.11623077699915;1;1;2;"S-3";2;"S-1"
-21.3190616897819;2.94040370458332;-185.404199637665;26.9808876084386;"T32";9.11982920952141;1;1;2;"S-3";2;"S-1"
-21.2844029202588;2.94062323588526;-185.584839730953;27.0058021570818;"T32";9.12830238230526;1;1;2;"S-3";2;"S-1"
-21.6273852602162;2.90026143972226;-186.462718268902;27.127088623827;"T32";9.16954753920436;1;1;2;"S-3";2;"S-1"
-21.5317332748182;2.87224169515624;-187.78187116497;27.3039888006875;"T32";9.23054210143164;1;1;2;"S-3";2;"S-1"
-21.8620929074944;2.77509823307026;-191.956858912966;27.860914419889;"T32";9.42444138927385;1;1;2;"S-3";2;"S-1"
-22.237846894505;2.59239473128925;-195.863891536513;28.356859587446;"T32";9.60315404227003;1;1;2;"S-3";2;"S-1"
-22.3349390930772;2.31998521730448;-198.577027373522;28.6731455607464;"T32";9.72515937173739;1;1;2;"S-3";2;"S-1"
-21.1610422047237;2.03282895260183;-206.984428145346;29.5464430174935;"T32";10.1015830878168;1;1;2;"S-3";2;"S-1"
-20.9473798912662;2.13636749880014;-209.292571002463;29.7681740447887;"T32";10.2106581907719;1;1;2;"S-3";2;"S-1"
-21.2038663140046;2.06293575551345;-210.938184092073;29.9360057420459;"T32";10.2892175666057;1;1;2;"S-3";2;"S-1"
-20.8536573912181;2.17307935497919;-212.816072774901;30.1187065594964;"T32";10.3777810698375;1;1;2;"S-3";2;"S-1"
-20.8157080532693;2.18963223504241;-213.436994302008;30.1834104014319;"T32";10.4075562558137;1;1;2;"S-3";2;"S-1"
-20.4375250570256;2.18793873916068;-214.581664377346;30.3038197811674;"T32";10.4625469422899;1;1;2;"S-3";2;"S-1"
-20.6097839032133;2.95139085008759;-221.694006993951;31.0652314439609;"T32";10.8105510473251;1;1;2;"S-3";2;"S-1"
-20.6162118631593;2.90828119871482;-221.875533546544;31.0912266610328;"T32";10.8193588326685;1;1;2;"S-3";2;"S-1"
-20.5753157981929;3.1511203611014;-222.514925145828;31.1814241512001;"T32";10.8503728522919;1;1;2;"S-3";2;"S-1"
-20.683718278967;3.06728273946831;-222.765714046649;31.2198326023494;"T32";10.8625616761856;1;1;2;"S-3";2;"S-1"
-20.7532701697683;3.03561075390305;-226.15957808002;31.7231241493168;"T32";11.0266455216333;1;1;2;"S-3";2;"S-1"
-20.3043026089629;3.12679514860814;-228.842405875622;32.1155452396114;"T32";11.1559180542827;1;1;2;"S-3";2;"S-1"
-20.589603578598;3.03192478538382;-230.227115019168;32.3287858475584;"T32";11.2241158727556;1;1;2;"S-3";2;"S-1"
-20.5758540084248;3.07228906850511;-230.562737700785;32.3782080097213;"T32";11.2404164625332;1;1;2;"S-3";2;"S-1"
-20.6630820153611;2.91930191184718;-231.61047942289;32.5346518413174;"T32";11.2913373974152;1;1;2;"S-3";2;"S-1"
-20.8194608246927;2.99771035274076;-233.201112736137;32.7593781850912;"T32";11.3683168776333;1;1;2;"S-3";2;"S-1"
-20.9689028001231;2.97358603248113;-234.291333194294;32.9163546400391;"T32";11.4206823287532;1;1;2;"S-3";2;"S-1"
-21.6802319631679;2.59180803164115;-237.435121227369;33.3621731110073;"T32";11.5706085343845;1;1;2;"S-3";2;"S-1"
-21.5016466902713;2.67215930563066;-238.35692577463;33.4723721362417;"T32";11.6131267393939;1;1;2;"S-3";2;"S-1"
-21.5177144953305;2.60789344953345;-238.635912390538;33.5070437450064;"T32";11.6261018672958;1;1;2;"S-3";2;"S-1"
-21.4403838158123;2.62564005888123;-240.518281858929;33.7351822402581;"T32";11.7135818582028;1;1;2;"S-3";2;"S-1"
-20.8093254595163;2.88947994544413;-242.649582560754;33.9961863597882;"T32";11.8129877606407;1;1;2;"S-3";2;"S-1"
-21.8298520396563;3.0720482481384;-250.569191993336;35.0958641304932;"T32";12.1935675852001;1;1;2;"S-3";2;"S-1"
-22.0238899372698;2.89619850183964;-251.04328814689;35.1625822307959;"T32";12.2152853757143;1;1;2;"S-3";2;"S-1"
-22.0615525963594;2.90591960470513;-251.281960475069;35.193968259389;"T32";12.2261223499663;1;1;2;"S-3";2;"S-1"
-21.8954076194841;2.7859225328592;-252.252821289866;35.3218488091752;"T32";12.2701292624697;1;1;2;"S-3";2;"S-1"
-21.3976362540868;2.32541248494927;-256.740075570578;35.8927969745877;"T32";12.4750696937554;1;1;2;"S-3";2;"S-1"
-21.3015837110091;2.42534848778182;-257.645225891676;35.9911652164086;"T32";12.5173711101525;1;1;2;"S-3";2;"S-1"
-21.1587356416468;2.50010781999874;-257.997888322424;36.0313185357447;"T32";12.5339268008247;1;1;2;"S-3";2;"S-1"
-21.3203205512135;2.49221799910136;-265.831296899333;36.9569109894747;"T32";12.9041478154249;1;1;2;"S-3";2;"S-1"
-21.0740795888335;2.58572052022123;-267.17256922284;37.1136977046795;"T32";12.9670583293773;1;1;2;"S-3";2;"S-1"
-20.8697598184815;2.60652423090663;-268.260071402156;37.2471306590817;"T32";13.018662109971;1;1;2;"S-3";2;"S-1"
-20.8290377983543;2.61687964419158;-271.063446438011;37.5972575902409;"T32";13.1529892445542;1;1;2;"S-3";2;"S-1"
-21.0755472110457;2.54303820838903;-272.616239993918;37.7923445590881;"T32";13.2275387062691;1;1;2;"S-3";2;"S-1"
-21.6327394284478;2.76497015532438;-280.166737403445;38.7034100328569;"T32";13.5857973713428;1;1;2;"S-3";2;"S-1"
-21.6161021445264;2.30716520663092;-283.571412253917;39.1385756475159;"T32";13.7431826558895;1;1;2;"S-3";2;"S-1"
-21.7293182475854;2.13204724786808;-284.496584947373;39.2373226942404;"T32";13.7859828188084;1;1;2;"S-3";2;"S-1"
-21.6458329337429;2.12790653569704;-284.84771645556;39.271775177155;"T32";13.802142161876;1;1;2;"S-3";2;"S-1"
-21.7309872524089;2.45105087584953;-286.145690866019;39.3993733268606;"T32";13.8621063320898;1;1;2;"S-3";2;"S-1"
-21.7162892797858;2.45141750739587;-286.307698759914;39.4176462928154;"T32";13.8695614878088;1;1;2;"S-3";2;"S-1"
-21.8737216487565;2.29485510383154;-289.419948340908;39.7689688881233;"T32";14.0128755476326;1;1;2;"S-3";2;"S-1"
-21.6749696054906;2.20195684520117;-290.155371634966;39.8461249353176;"T32";14.0464968630113;1;1;2;"S-3";2;"S-1"
-21.4693479943329;2.06131177262479;-291.187532967756;39.9509820471593;"T32";14.0941168298014;1;1;2;"S-3";2;"S-1"
-21.4311971737418;2.35429153638748;-297.905903714199;40.5960252369272;"T32";14.407045324333;1;1;2;"S-3";2;"S-1"
-21.471176975226;2.54512688727261;-299.586011093117;40.7805908750641;"T32";14.4854407291859;1;1;2;"S-3";2;"S-1"
-21.3613112394831;2.47985080818773;-300.621193408698;40.9032981839208;"T32";14.533653378021;1;1;2;"S-3";2;"S-1"
-21.4186004548453;2.46051875978134;-300.973859654821;40.9442394756637;"T32";14.5501629565842;1;1;2;"S-3";2;"S-1"
-21.3963342883667;2.46678553753607;-301.788245677678;41.0377942385516;"T32";14.5881853299215;1;1;2;"S-3";2;"S-1"
-21.7805333076947;2.41808271149867;-304.289696217748;41.326186723542;"T32";14.7050955682062;1;1;2;"S-3";2;"S-1"
-21.4813977991671;2.52191943372047;-319.889487837311;43.0580812499685;"T32";15.421321906615;1;1;2;"S-3";2;"S-1"
-20.8716348362517;2.49562116485149;-324.289201694314;43.5746083392445;"T32";15.6261369702406;1;1;2;"S-3";2;"S-1"
-21.6153798818103;2.20228935771465;-328.249323754349;44.0481200936402;"T32";15.8158740028739;1;1;2;"S-3";2;"S-1"
-21.4813988424005;2.16707026354387;-331.752792591439;44.4050720499415;"T32";15.9779562265612;1;1;2;"S-3";2;"S-1"
-21.293838121455;2.59804359295165;-334.743988623289;44.7068276302279;"T32";16.1172020947561;1;1;2;"S-3";2;"S-1"
-21.2323913555777;2.23815617964695;-336.889076056117;44.9685479753058;"T32";16.2179395672865;1;1;2;"S-3";2;"S-1"
-21.7197486665676;2.46208414055209;-340.098865858106;45.3068994478451;"T32";16.3691137684509;1;1;2;"S-3";2;"S-1"
-21.59388205502;2.58779474874048;-341.002247653737;45.4093040394465;"T32";16.4107064134441;1;1;2;"S-3";2;"S-1"
-21.6702952630228;2.2160240800505;-343.04647559066;45.6542827934714;"T32";16.5053734090179;1;1;2;"S-3";2;"S-1"
-21.0931901802307;2.95300385961062;-347.149225516652;46.0738337280605;"T32";16.6946993907914;1;1;2;"S-3";2;"S-1"
-21.301451310712;2.87754536799169;-351.292747605212;46.6539184196292;"T32";16.8911382439546;1;1;2;"S-3";2;"S-1"
-21.7770995003513;2.73570830381283;-354.755659904387;47.1217122380364;"T32";17.0537052094005;1;1;2;"S-3";2;"S-1"
-21.9683641779659;2.38695536045158;-357.620294877302;47.4815767683275;"T32";17.1852486673743;1;1;2;"S-3";2;"S-1"
-21.9337894232436;2.35640063317153;-357.699932466175;47.4902297280159;"T32";17.1888737706468;1;1;2;"S-3";2;"S-1"
-22.1210235198409;2.37356378040578;-360.204041115273;47.7592522435696;"T32";17.3030404839665;1;1;2;"S-3";2;"S-1"
-21.6461660516855;2.51965777521296;-363.884339958857;48.1541446421228;"T32";17.4694115761667;1;1;2;"S-3";2;"S-1"
-22.0556058099249;2.35255855416791;-364.695211261488;48.248531711754;"T32";17.5068718497641;1;1;2;"S-3";2;"S-1"
-21.8113588482791;2.59241813305241;-365.421026464189;48.3259507034867;"T32";17.5397802726366;1;1;2;"S-3";2;"S-1"
-22.0386319517495;2.2774940695499;-367.231710587189;48.5411619787837;"T32";17.622795922216;1;1;2;"S-3";2;"S-1"
-21.8559274225878;2.19652441647264;-370.26761888252;48.8548957510727;"T32";17.7605498582125;1;1;2;"S-3";2;"S-1"
-21.9398863705912;1.87165849687281;-374.955498611153;49.3260284596664;"T32";17.9750399431214;1;1;2;"S-3";2;"S-1"
-21.9792447110221;1.52208901467912;-377.5759682765;49.5495767603321;"T32";18.0944785592146;1;1;2;"S-3";2;"S-1"
-21.8235561212345;1.42303266561006;-378.739831622969;49.6301756907112;"T32";18.1474313954823;1;1;2;"S-3";2;"S-1"
-20.7885135364111;2.35188249873628;-385.322116262288;50.0593819119182;"T32";18.4490451472811;1;1;2;"S-3";2;"S-1"
-20.8057122702105;2.62155080751615;-391.578035061533;50.7671374670082;"T32";18.749976658728;1;1;2;"S-3";2;"S-1"
-20.9352152934801;2.51460157219541;-391.801012958372;50.7952330149003;"T32";18.7606938066892;1;1;2;"S-3";2;"S-1"
-21.2478658605758;2.64454485359091;-394.301908220186;51.0956242489571;"T32";18.8801525859162;1;1;2;"S-3";2;"S-1"
-21.2060717416611;2.88195269082121;-396.528957533382;51.3728065240407;"T32";18.9849654329009;1;1;2;"S-3";2;"S-1"
-20.9788517189054;2.79657172448499;-397.991933841668;51.5716282841308;"T32";19.0539539908059;1;1;2;"S-3";2;"S-1"
-21.3704446588642;2.9433787136601;-399.963580903497;51.8344573701863;"T32";19.1479365923442;1;1;2;"S-3";2;"S-1"
-21.1132624236609;2.7807333818894;-401.733419722837;52.0782195375446;"T32";19.2307537188753;1;1;2;"S-3";2;"S-1"
-21.1954300248105;3.04620483283066;-411.25366772046;53.3320888297288;"T32";19.6816668845713;1;1;2;"S-3";2;"S-1"
-20.8635063169027;3.20402464495216;-412.494251608048;53.5103854073155;"T32";19.7401976096444;1;1;2;"S-3";2;"S-1"
-20.9149688854675;3.14960984346824;-412.592803401492;53.525520081718;"T32";19.7449212544598;1;1;2;"S-3";2;"S-1"
-21.343406315207;3.30695443741568;-414.010079442047;53.7389493530062;"T32";19.8126849718392;1;1;2;"S-3";2;"S-1"
-21.3649556409445;3.10749783605803;-422.232050767736;55.0128643110147;"T32";20.1979079865851;1;1;2;"S-3";2;"S-1"
-21.6361562690325;2.91157076363043;-423.862738325059;55.2500451477469;"T32";20.2742333291098;1;1;2;"S-3";2;"S-1"
-21.2821345316233;2.91937182969754;-427.092318666825;55.6846487614831;"T32";20.4235010780394;1;1;2;"S-3";2;"S-1"
-21.559889594542;2.88596670393356;-427.604686860134;55.7549327486347;"T32";20.4475761158392;1;1;2;"S-3";2;"S-1"
-21.1952914591287;2.89595817130484;-429.859106979547;56.056705230946;"T32";20.5521415919065;1;1;2;"S-3";2;"S-1"
-21.5179984593243;2.9233268751714;-431.370934217156;56.2632694318109;"T32";20.6234700395726;1;1;2;"S-3";2;"S-1"
-21.4175423338777;2.9270287723429;-431.482865234518;56.2784758159846;"T32";20.6286717788316;1;1;2;"S-3";2;"S-1"
-21.1905905504275;3.16285384947198;-435.966226528262;56.8911944603101;"T32";20.8380030468106;1;1;2;"S-3";2;"S-1"
-21.8861187478638;2.79865071292588;-441.518633016574;57.7199325831859;"T32";21.1000253097154;1;1;2;"S-3";2;"S-1"
-21.5912462634379;2.73073639027457;-443.244251201386;57.9405931132141;"T32";21.1788706365041;1;1;2;"S-3";2;"S-1"
-12.8900669210172;-5.2501356841222;-447.721665550964;58.5068706754052;"T32";21.3862423785031;2;1;1;"S-4-NA";8;"S-2"
-8.61412510388944;-6.9599251251123;-449.21777899167;57.897502344684;"T32";21.502309537027;2;1;1;"S-4-NA";8;"S-2"
-2.68738051924479;-7.48381409128403;-450.935725393726;56.5094590805028;"T32";21.7017431859858;2;1;6;"S-5-NA";8;"S-2"
0.574210056454172;-6.11988245375779;-451.487778248827;54.9721029425996;"T32";21.9071673345752;2;1;6;"S-5-NA";8;"S-2"
2.18371188433078;-5.43501806821974;-451.387711310794;53.9055979390899;"T32";22.0814362051897;2;1;6;"S-5-NA";8;"S-2"
2.6294650158954;-5.1234584601467;-451.270110997022;53.6129037266509;"T32";22.1352896071039;2;1;6;"S-5-NA";8;"S-2"
3.82817577902761;-3.13199349541868;-450.467177108872;52.0484035726989;"T32";22.4406497785822;2;1;6;"S-5-NA";8;"S-2"
3.99757724674485;-2.15609718690593;-450.104656664231;51.7518101715308;"T32";22.5353477406316;2;1;6;"S-5-NA";8;"S-2"
4.01823821854824;-2.06468276107542;-449.91766667992;51.6509569411195;"T32";22.5821235682815;2;1;6;"S-5-NA";8;"S-2"
3.96367905854223;-2.07726094865602;-449.903775117653;51.6438190693513;"T32";22.5855806958862;2;1;6;"S-5-NA";8;"S-2"
3.32387000212427;-1.24754421357251;-448.343701797215;50.8262252789053;"T32";22.979172936175;2;1;8;"S-6";8;"S-2"
2.70931647597247;-1.60373551704598;-447.521180143639;50.5175091953037;"T32";23.2266319682822;2;1;8;"S-6";8;"S-2"
2.42575626865696;-1.62249106517615;-447.259712112525;50.3627374763892;"T32";23.3231389778666;2;1;8;"S-6";8;"S-2"
2.58385208072551;-1.65561928350484;-447.168379180264;50.3016485415833;"T32";23.3607903006487;2;1;8;"S-6";8;"S-2"
2.39548818267246;-1.91543102549396;-446.425163633325;49.8254285596072;"T32";23.6484288820066;2;1;8;"S-6";8;"S-2"
2.52598338792191;-2.06857885631578;-446.009846904236;49.4933415328135;"T32";23.8218034501188;2;1;8;"S-6";8;"S-2"
2.57174705464757;-2.10470128321647;-445.89403732966;49.3985027312309;"T32";23.8676507724449;2;1;8;"S-6";8;"S-2"
2.68895617517314;-1.77847168964883;-445.574554514541;49.1370400458824;"T32";23.9918787032366;2;1;8;"S-6";8;"S-2"
2.60228351950406;-1.78188719765591;-445.449738604367;49.0544869850654;"T32";24.0382966818288;2;1;8;"S-6";8;"S-2"
2.38400114673164;-1.79713158944661;-445.226718572966;48.9017762847152;"T32";24.1239983472042;2;1;8;"S-6";8;"S-2"
2.23535302758792;-1.72861920626815;-444.486639829571;48.3438827240272;"T32";24.4344339123927;2;1;8;"S-6";8;"S-2"
2.36558802291398;-1.69968743626596;-444.467154064617;48.3288142014577;"T32";24.4431509985588;2;1;8;"S-6";8;"S-2"
2.43369008072918;-2.06225872842588;-444.408336726694;48.2865536348099;"T32";24.4680147268809;2;1;8;"S-6";8;"S-2"
2.4738367883687;-2.06788988764388;-444.402798693837;48.2818608201053;"T32";24.4702902971767;2;1;8;"S-6";8;"S-2"
1.85074580669815;-2.57477159519145;-444.03527809425;47.974648907436;"T32";24.618853291031;2;1;8;"S-6";8;"S-2"
1.68937812107174;-2.76666332042574;-444.002851380358;47.9295366172698;"T32";24.6363741811365;2;1;8;"S-6";8;"S-2"
2.02966696617366;-2.70104445704532;-443.720408237692;47.4669847035381;"T32";24.8035618220456;2;1;8;"S-6";8;"S-2"
2.0828284841444;-2.65384585558295;-443.713702724604;47.4580611267837;"T32";24.8068655724637;2;1;8;"S-6";8;"S-2"
1.9968658164094;-2.66688281275015;-443.609684362697;47.3255256344215;"T32";24.856806488242;2;1;8;"S-6";8;"S-2"
2.37036975923632;-2.48664789748811;-443.292475721029;46.9018826096534;"T32";25.0156597467139;2;1;8;"S-6";8;"S-2"
2.23831969755373;-2.44343041103141;-443.17558836607;46.7792613627708;"T32";25.0649716123007;2;1;8;"S-6";8;"S-2"
2.6701487802888;-1.86866235052919;-442.349369104437;45.8773306545431;"T32";25.4340963903815;2;1;8;"S-6";8;"S-2"
2.35905758223422;-2.00962127573025;-442.269527628676;45.8214548318674;"T32";25.4639978986233;2;1;8;"S-6";8;"S-2"
3.14840955116197;-1.26170931207402;-441.515628601631;45.1792273865041;"T32";25.7835742551833;2;1;8;"S-6";8;"S-2"
3.13578235971973;-1.1434199297044;-441.43887521684;45.1484688531083;"T32";25.8079527178779;2;1;8;"S-6";8;"S-2"
3.14017231551397;-1.12187648014945;-441.373564185058;45.1246540832031;"T32";25.8287803851999;2;1;8;"S-6";8;"S-2"
2.94884754721785;-0.781914341690763;-440.831568619447;44.9310175510929;"T32";26.001380966045;2;1;8;"S-6";8;"S-2"
2.79970809528337;-0.938929221657461;-440.707573613616;44.8981391225528;"T32";26.0434295982122;2;1;8;"S-6";8;"S-2"
2.00267929701812;-1.09917707768798;-440.225975599987;44.7366271246232;"T32";26.2154468218796;2;1;8;"S-6";8;"S-2"
1.95001584997037;-1.22663858342561;-439.631767641679;44.4104941446078;"T32";26.5121533186175;2;1;8;"S-6";8;"S-2"
1.61557485228799;-1.78243001037671;-439.113922778798;44.0847488492304;"T32";26.7777126282454;2;1;8;"S-6";8;"S-2"
1.81327840346383;-2.09265729268325;-438.860576143719;43.8052367952068;"T32";26.9345277920365;2;1;8;"S-6";8;"S-2"
1.6916210350372;-2.05067406467177;-438.794122045053;43.7285438538815;"T32";26.9711763830855;2;1;8;"S-6";8;"S-2"
1.56689827108108;-2.04842535045058;-438.733289885092;43.6547998354838;"T32";27.0071372506209;2;1;8;"S-6";8;"S-2"
1.66569302519061;-1.99279152607571;-438.724516756693;43.6433306169996;"T32";27.0127362920903;2;1;8;"S-6";8;"S-2"
1.7374293931084;-2.11125448101012;-438.407065360493;43.2635400777334;"T32";27.2033184650354;2;1;8;"S-6";8;"S-2"
2.10181533761794;-2.23641774704115;-438.263474870028;43.0890546755487;"T32";27.2859638324007;2;1;8;"S-6";8;"S-2"
1.94197187159339;-2.19159295675387;-438.152410969975;42.9708781294506;"T32";27.3388057248667;2;1;8;"S-6";8;"S-2"
2.63676827147365;-1.76953991884525;-437.720445789248;42.4833881397699;"T32";27.5612420984544;2;1;8;"S-6";8;"S-2"
2.0138773277929;-1.8804632484468;-436.02787145692;41.3474984679052;"T32";28.2031545299105;2;1;8;"S-6";8;"S-2"
2.65621613236485;-1.24163152926566;-435.630425144841;40.9763819292852;"T32";28.4005083143711;2;1;8;"S-6";8;"S-2"
2.45827707211181;-1.3099433607312;-435.373622811223;40.8563412931624;"T32";28.4971880726516;2;1;8;"S-6";8;"S-2"
2.46567254569495;-1.32984133479045;-435.366750057238;40.8526790052313;"T32";28.4999838331714;2;1;8;"S-6";8;"S-2"
2.73955543297096;-1.23237381354252;-435.303203106616;40.8184054510301;"T32";28.5257564974017;2;1;8;"S-6";8;"S-2"
2.71694808239508;-1.18629092431846;-435.214715175054;40.7785996459133;"T32";28.5580566036515;2;1;8;"S-6";8;"S-2"
2.47331997146344;-1.08923007630848;-434.728744034019;40.5664118761777;"T32";28.7369231577031;2;1;8;"S-6";8;"S-2"
2.64271868093983;-0.781922929331879;-434.088855869606;40.2846103130181;"T32";28.9956394466572;2;1;8;"S-6";8;"S-2"
2.25041739440231;-0.821838023184417;-433.606735645683;40.1419614338548;"T32";29.1780728730373;2;1;8;"S-6";8;"S-2"
2.68014024338816;-0.819457448223172;-433.482841601089;40.0967161220532;"T32";29.233126679901;2;1;8;"S-6";8;"S-2"
2.59412691935027;-0.897080089596708;-433.438112777511;40.0830402079954;"T32";29.2498156661168;2;1;8;"S-6";8;"S-2"
2.95011308328991;-0.485670767733515;-433.078146629691;39.9585596123355;"T32";29.3885776307434;2;1;8;"S-6";8;"S-2"
2.81907651429866;-0.476931792484044;-433.006561161347;39.9467746507468;"T32";29.4128429610282;2;1;8;"S-6";8;"S-2"
3.01734087298454;-0.533129850462747;-432.987509900671;39.9435515555746;"T32";29.4196009403095;2;1;8;"S-6";8;"S-2"
2.56704054269241;-0.769060208397586;-432.723532329301;39.8969097179187;"T32";29.5070877647959;2;1;8;"S-6";8;"S-2"
2.035713184689;-1.13820206024972;-432.413035533607;39.8038879185231;"T32";29.6280429232866;2;1;8;"S-6";8;"S-2"
1.57970661212748;-1.65236458170281;-432.20721696481;39.6888112364029;"T32";29.7291468363255;2;1;8;"S-6";8;"S-2"
2.46288484441344;-1.98160009041493;-431.838745090777;39.3033916468845;"T32";29.9624001956545;2;1;8;"S-6";8;"S-2"
2.21922126072015;-2.09064409967215;-431.460918533131;38.9993980832015;"T32";30.115808325354;2;1;8;"S-6";8;"S-2"
2.1346049082373;-2.04167158109235;-431.43654266921;38.976434507202;"T32";30.1267922972329;2;1;8;"S-6";8;"S-2"
1.92548696306199;-2.2226450751127;-431.394022904265;38.9357659060065;"T32";30.1467115641572;2;1;8;"S-6";8;"S-2"
2.16769396672995;-1.94674052055356;-431.291873989542;38.8178524708121;"T32";30.199762515258;2;1;8;"S-6";8;"S-2"
2.37311532362217;-1.90082826001507;-431.215628924871;38.7493790796575;"T32";30.2349358680658;2;1;8;"S-6";8;"S-2"
2.51471151385415;-1.63593006748889;-430.992090505971;38.5703283021352;"T32";30.3291320567951;2;1;8;"S-6";8;"S-2"
2.51860229671946;-1.23726556993983;-430.604476596435;38.3181684636436;"T32";30.4832705762237;2;1;8;"S-6";8;"S-2"
1.93468211456316;-1.21932862088633;-430.270050020144;38.1538811170243;"T32";30.6160531821661;2;1;8;"S-6";8;"S-2"
1.48530509458771;-1.91334229093631;-429.93645830607;37.943635763744;"T32";30.7884803274646;2;1;8;"S-6";8;"S-2"
1.92729097364632;-1.96368719120359;-429.838705570056;37.8177125143375;"T32";30.8542935643345;2;1;8;"S-6";8;"S-2"
1.99837367994659;-2.07746869580169;-429.808304241774;37.7867370675788;"T32";30.8700676891021;2;1;8;"S-6";8;"S-2"
2.28219052052246;-1.68345988473828;-429.648258811913;37.6203570888093;"T32";30.9501555282623;2;1;8;"S-6";8;"S-2"
2.06717376670864;-1.7303834654941;-429.35122969307;37.40125329284;"T32";31.0803064145148;2;1;8;"S-6";8;"S-2"
2.34392708550498;-1.8156813274349;-429.145549390769;37.2290830573181;"T32";31.1798047274351;2;1;8;"S-6";8;"S-2"
2.63427846134244;-1.65710521903644;-429.114342397168;37.2049091161075;"T32";31.1931187054142;2;1;8;"S-6";8;"S-2"
2.89051093686874;-1.42742782549713;-429.019447481719;37.1452150245534;"T32";31.2291418202221;2;1;8;"S-6";8;"S-2"
3.0395842698547;-1.58631727498922;-428.862855534507;37.0678848543585;"T32";31.2833163072355;2;1;8;"S-6";8;"S-2"
2.95404282997831;-1.6161930688056;-428.797025281154;37.0335289494584;"T32";31.3049739575945;2;1;8;"S-6";8;"S-2"
3.15964807244752;-1.6740453863492;-428.657003100663;36.9569210968938;"T32";31.3523741438985;2;1;8;"S-6";8;"S-2"
2.8026536715445;-1.48713873518463;-428.34445911087;36.7913289764589;"T32";31.4512914861552;2;1;8;"S-6";8;"S-2"
2.77201604545742;-1.38614946190122;-428.282036066721;36.7582061800658;"T32";31.4735643216409;2;1;8;"S-6";8;"S-2"
2.57162958868941;-1.45108754154101;-428.202055017664;36.7182115745895;"T32";31.5024173469283;2;1;8;"S-6";8;"S-2"
2.2516585388428;-1.40680530186089;-427.844408193304;36.5164030196625;"T32";31.6414913511835;2;1;8;"S-6";8;"S-2"
2.67743541921774;-1.43228550445908;-427.749169232034;36.456899025897;"T32";31.6837885999121;2;1;8;"S-6";8;"S-2"
2.70253564551195;-1.37540191169451;-427.734568401612;36.4490883584139;"T32";31.6892418893985;2;1;8;"S-6";8;"S-2"
2.44546332959424;-1.41751075372335;-427.5975043772;36.3793323418692;"T32";31.7399587132968;2;1;8;"S-6";8;"S-2"
2.29445547698803;-1.60670744043958;-427.36719631749;36.245834469561;"T32";31.8341363919899;2;1;8;"S-6";8;"S-2"
2.25208886052319;-1.40923583913395;-427.2043744537;36.1318173955144;"T32";31.9050995749421;2;1;8;"S-6";8;"S-2"
2.30768870552233;-1.41179089888836;-427.16260237047;36.1056786770141;"T32";31.923647725489;2;1;8;"S-6";8;"S-2"
2.57956207280872;-1.3622418943083;-427.124748438447;36.0825205116212;"T32";31.9400511216372;2;1;8;"S-6";8;"S-2"
2.73111947532672;-1.33865189839558;-426.907792943543;35.9679484036369;"T32";32.0241566747427;2;1;8;"S-6";8;"S-2"
2.95032697069013;-1.21037527955274;-426.820128364349;35.9249798127637;"T32";32.0562550798059;2;1;8;"S-6";8;"S-2"
2.82009141689007;-0.767331320257357;-426.462162295555;35.7781237914173;"T32";32.17758606188;2;1;8;"S-6";8;"S-2"
3.06538261372108;-0.73467465542776;-426.295808202561;35.7328597602435;"T32";32.2365749627352;2;1;8;"S-6";8;"S-2"
3.05594456887356;-0.731371874456826;-426.283352626688;35.7298745551106;"T32";32.2406382649206;2;1;8;"S-6";8;"S-2"
2.98266814153572;-0.853659558199066;-426.254240139407;35.7229071334467;"T32";32.2501647751778;2;1;8;"S-6";8;"S-2"
2.5090385911189;-0.93118361934474;-425.798302473883;35.5924147260958;"T32";32.4030271265656;2;1;8;"S-6";8;"S-2"
2.5214818862124;-1.0475382995382;-425.245327012909;35.3871880336964;"T32";32.6234204927459;2;1;8;"S-6";8;"S-2"
2.65544499211931;-1.03043029853958;-424.80907327449;35.2059483818034;"T32";32.7964353142306;2;1;8;"S-6";8;"S-2"
2.71160330922584;-0.941232735677465;-424.524110881968;35.0953703490933;"T32";32.903747796081;2;1;8;"S-6";8;"S-2"
2.66648062427484;-0.960933300653901;-424.516442005358;35.0927083823939;"T32";32.9065759666264;2;1;8;"S-6";8;"S-2"
2.47551197556589;-1.25884622209248;-423.838752905313;34.84848608511;"T32";33.1607271102257;2;1;8;"S-6";8;"S-2"
2.50635489954988;-1.35893168980488;-423.783784276484;34.8205334630186;"T32";33.1829320639372;2;1;8;"S-6";8;"S-2"
2.44118056129895;-1.47371666559201;-423.675160099634;34.7616380383418;"T32";33.2262715674005;2;1;8;"S-6";8;"S-2"
2.52496671263788;-1.49196525456996;-423.66141404541;34.7533396807692;"T32";33.2319024717435;2;1;8;"S-6";8;"S-2"
2.49065109854323;-1.63101797775457;-423.588626343354;34.710330510833;"T32";33.260729664471;2;1;8;"S-6";8;"S-2"
2.59844157552696;-1.69750852398804;-423.561687847444;34.6926896734037;"T32";33.2715455093421;2;1;8;"S-6";8;"S-2"
2.87555690687248;-1.7508982759731;-422.720814195474;34.1433641833639;"T32";33.5951524204575;2;1;8;"S-6";8;"S-2"
2.70171757276044;-1.7426478290002;-422.526235427499;34.0248870881709;"T32";33.662818884477;2;1;8;"S-6";8;"S-2"
2.70996651724771;-1.63996506366472;-422.421087553153;33.9570651526728;"T32";33.7017377838492;2;1;8;"S-6";8;"S-2"
3.01750380735503;-1.56959091456705;-422.127985091145;33.7796910800757;"T32";33.8098950101994;2;1;8;"S-6";8;"S-2"
3.30602507978057;-1.62450334683587;-421.991061353172;33.7084685501859;"T32";33.855271502398;2;1;8;"S-6";8;"S-2"
2.92380396989833;-1.55374359078764;-421.738294875592;33.584265019091;"T32";33.9317278121598;2;1;8;"S-6";8;"S-2"
2.89358551416125;-1.51643418503976;-421.468192999484;33.4407297263075;"T32";34.0241081081331;2;1;8;"S-6";8;"S-2"
3.33644734928792;-1.44182680073559;-421.016206649838;33.203858360861;"T32";34.1803109738976;2;1;8;"S-6";8;"S-2"
3.23004040290771;-1.27853980689304;-420.953089052736;33.1765824492185;"T32";34.1992285801098;2;1;8;"S-6";8;"S-2"
3.20615497645156;-0.910166059647054;-420.637889796766;33.0518178191853;"T32";34.2968122684397;2;1;8;"S-6";8;"S-2"
2.94442407591955;-0.802444264405983;-420.52203082805;33.0189276745089;"T32";34.3329486902803;2;1;8;"S-6";8;"S-2"
2.86924593996849;-0.737754460673856;-420.482024746622;33.0080248120965;"T32";34.3465357553214;2;1;8;"S-6";8;"S-2"
2.69416460005929;-1.04970236510576;-420.06659528808;32.9012075707211;"T32";34.4913227367215;2;1;8;"S-6";8;"S-2"
2.77004070557291;-0.863727760212061;-419.375924969532;32.6321081003799;"T32";34.7476806142367;2;1;8;"S-6";8;"S-2"
3.4175058053194;-0.796077501862475;-419.061905056297;32.5341933961753;"T32";34.8610435379669;2;1;8;"S-6";8;"S-2"
3.64925759834614;-0.482792665867992;-418.882335361998;32.4923642371948;"T32";34.9135876167566;2;1;8;"S-6";8;"S-2"
3.25859352983598;-0.304095941882029;-418.427079065833;32.4321343424956;"T32";35.0383407436311;2;1;8;"S-6";8;"S-2"
3.28277873659461;-0.264681040576192;-418.41851242755;32.4313348933119;"T32";35.0409696809947;2;1;8;"S-6";8;"S-2"
3.32709417167268;-0.221462963746353;-418.407247251507;32.4304266144553;"T32";35.0444012787193;2;1;8;"S-6";8;"S-2"
2.99848229528287;-0.365027820389016;-418.31139584348;32.4240464112493;"T32";35.0732106249779;2;1;8;"S-6";8;"S-2"
2.60133584356856;-0.399722769922635;-418.121172947161;32.4008891462086;"T32";35.1366503513418;2;1;8;"S-6";8;"S-2"
2.10801946665226;-1.15978171543632;-417.224745305144;32.2631435563848;"T32";35.4812531615607;2;1;8;"S-6";8;"S-2"
1.38838602160447;-2.1154334759006;-416.585748793355;31.9115830123177;"T32";35.7843796373345;2;1;8;"S-6";8;"S-2"
1.40027990991459;-2.29234045009078;-416.532616358877;31.8306270470441;"T32";35.8226488460787;2;1;8;"S-6";8;"S-2"
1.7301985580468;-2.19264704545838;-416.487690212101;31.7570803062873;"T32";35.8547325362451;2;1;8;"S-6";8;"S-2"
2.60549604735349;-1.77544788974188;-416.256895677854;31.4645988732921;"T32";35.9881244716235;2;1;8;"S-6";8;"S-2"
2.65177586493978;-1.71371865890267;-416.055478016306;31.3273480175424;"T32";36.0654293908738;2;1;8;"S-6";8;"S-2"
2.54086393771092;-1.93563948422351;-415.866261007219;31.2050659184621;"T32";36.1367842182517;2;1;8;"S-6";8;"S-2"
2.40553365496263;-1.81257231672988;-415.705890747946;31.0828952656633;"T32";36.1999006476253;2;1;8;"S-6";8;"S-2"
2.21307872028282;-1.96288153000601;-415.659159218354;31.0476830055133;"T32";36.2193273263983;2;1;8;"S-6";8;"S-2"
2.50731122212485;-1.94467107509251;-415.485859768145;30.8939757347969;"T32";36.2976342788897;2;1;8;"S-6";8;"S-2"
2.29978536218777;-1.80809413137108;-415.072028256543;30.5730079333238;"T32";36.4626841968857;2;1;8;"S-6";8;"S-2"
2.54469689183221;-1.70396246661614;-414.906123288388;30.4425732396268;"T32";36.5348235238343;2;1;8;"S-6";8;"S-2"
2.63586750611243;-1.6134735133651;-414.610572238691;30.2446683743087;"T32";36.65096743498;2;1;8;"S-6";8;"S-2"
2.62501094643756;-1.75002921980211;-414.567582354531;30.2183533037399;"T32";36.6672770120203;2;1;8;"S-6";8;"S-2"
2.70940440048442;-1.75037975855382;-414.505057081908;30.1766692664918;"T32";36.691096064169;2;1;8;"S-6";8;"S-2"
2.69811305824789;-1.85969482670087;-414.198375969417;29.9785414375347;"T32";36.8042874033563;2;1;8;"S-6";8;"S-2"
2.16419509735155;-1.69379100094393;-413.643179447416;29.595868036726;"T32";37.0100595522672;2;1;8;"S-6";8;"S-2"
2.39751657655675;-1.84070742978317;-413.584326749534;29.5498074157694;"T32";37.0372533565387;2;1;8;"S-6";8;"S-2"
1.62324005449855;-1.95062697797358;-412.765962397261;28.9215033789062;"T32";37.3785917065106;2;1;8;"S-6";8;"S-2"
1.85319313037878;-2.02154530605994;-412.694466329695;28.8355874616467;"T32";37.4226369895041;2;1;8;"S-6";8;"S-2"
2.31622429870981;-1.8729235733234;-412.499633431485;28.6230550901498;"T32";37.5277706072666;2;1;8;"S-6";8;"S-2"
2.2348234055019;-1.90008378525416;-412.477911854828;28.6054907925154;"T32";37.5371486181393;2;1;8;"S-6";8;"S-2"
2.70096557828264;-1.50459531136662;-412.294790279409;28.4497978033839;"T32";37.6190886832774;2;1;8;"S-6";8;"S-2"
1.90709954456368;-1.58883910377802;-411.476223381248;27.9938083132116;"T32";37.9221532260999;2;1;8;"S-6";8;"S-2"
2.09504791104413;-1.82903907551023;-411.330227028007;27.8721761122608;"T32";37.9987073596567;2;1;8;"S-6";8;"S-2"
2.10019698724788;-1.89858250105945;-411.211097233422;27.7681722619408;"T32";38.0555699230172;2;1;8;"S-6";8;"S-2"
2.16858965943167;-1.84656892380483;-411.193117478809;27.7519185258917;"T32";38.0641309078783;2;1;8;"S-6";8;"S-2"
2.36755601811041;-2.06197682848515;-411.085775588338;27.6605161721526;"T32";38.113629387226;2;1;8;"S-6";8;"S-2"
2.32528510073342;-1.98748921917193;-410.832782468938;27.4401767394303;"T32";38.2204877329059;2;1;8;"S-6";8;"S-2"
2.09403696375185;-1.956143015611;-410.37902932189;27.0523406467122;"T32";38.4156264481135;2;1;8;"S-6";8;"S-2"
2.24332066022901;-1.22158465986526;-409.754264833618;26.4687173815598;"T32";38.7139805359766;2;1;8;"S-6";8;"S-2"
2.12356296754166;-1.46054154311672;-409.689693582003;26.4335555556827;"T32";38.7427643174306;2;1;8;"S-6";8;"S-2"
1.99252851687526;-1.51846069791207;-409.666858456185;26.4178500407492;"T32";38.7535175308585;2;1;8;"S-6";8;"S-2"
2.52936264710881;-1.27386551299239;-409.427720924559;26.2356087628476;"T32";38.8735346496105;2;1;8;"S-6";8;"S-2"
1.87040992069138;-1.38789227966782;-409.238811136443;26.1404679318472;"T32";38.9482213649899;2;1;8;"S-6";8;"S-2"
2.26562086507595;-1.8823861835486;-408.597417084241;25.6645370444902;"T32";39.2911376664415;2;1;8;"S-6";8;"S-2"
2.61427461779047;-1.39939689300558;-408.296791461567;25.4147628976919;"T32";39.4238278386183;2;1;8;"S-6";8;"S-2"
2.75791756947804;-1.73852490467377;-407.774235802724;25.1350437127103;"T32";39.6237133652903;2;1;8;"S-6";8;"S-2"
2.38982515825617;-1.8842364814435;-407.538263079111;24.9862921831631;"T32";39.7092752857134;2;1;8;"S-6";8;"S-2"
1.7492416811525;-2.08006422263158;-407.417225970805;24.8908615470383;"T32";39.7599221323617;2;1;8;"S-6";8;"S-2"
2.19254420815481;-1.99938783321093;-407.304919726987;24.7573155640781;"T32";39.8241249495186;2;1;8;"S-6";8;"S-2"
2.28566501056364;-1.89825208500944;-407.287051912624;24.7410218489914;"T32";39.8322743014432;2;1;8;"S-6";8;"S-2"
2.1957065142339;-1.03985327974596;-405.947120408359;23.6282044588729;"T32";40.4185069724917;2;1;8;"S-6";8;"S-2"
1.66974770126739;-1.5449417492316;-405.743959416354;23.5319904965408;"T32";40.5110334511846;2;1;8;"S-6";8;"S-2"
2.53904064904891;-2.13778781108022;-405.212256110472;23.0400295644561;"T32";40.8294667722657;2;1;8;"S-6";8;"S-2"
2.37649086278121;-2.29777200177849;-405.152939678906;22.9900871011692;"T32";40.8528285217471;2;1;8;"S-6";8;"S-2"
2.26491822552854;-2.43659683297672;-404.862510004996;22.7092776170485;"T32";40.9750379854813;2;1;8;"S-6";8;"S-2"
2.04610384223398;-2.62760407066033;-404.614274342916;22.4422259322506;"T32";41.0846382612363;2;1;8;"S-6";8;"S-2"
2.02107620042891;-2.48689636579492;-404.380733916484;22.1423136000954;"T32";41.1987773492001;2;1;8;"S-6";8;"S-2"
2.16308491927928;-2.4907472575437;-404.223803330697;21.9492134570172;"T32";41.2764243897982;2;1;8;"S-6";8;"S-2"
2.38633467067175;-2.58470243766087;-404.182935294584;21.9021547641467;"T32";41.295317793265;2;1;8;"S-6";8;"S-2"
2.32662747915071;-2.5956436607548;-404.168829199013;21.8868760775244;"T32";41.3012289907783;2;1;8;"S-6";8;"S-2"
2.99720005746163;-2.4568494515434;-403.961587679642;21.6556722682251;"T32";41.3903027772903;2;1;8;"S-6";8;"S-2"
2.7929727767757;-1.85905132590748;-403.584685820878;21.3467202105585;"T32";41.5160540957004;2;1;8;"S-6";8;"S-2"
2.80847612212065;-1.80578036135591;-403.385009766996;21.2138123513029;"T32";41.5875463979319;2;1;8;"S-6";8;"S-2"
2.59123628405831;-1.83579856476748;-403.358070325418;21.1964909597609;"T32";41.5971385897137;2;1;8;"S-6";8;"S-2"
2.95794933669948;-1.90784436798992;-403.115811658792;21.0248593276973;"T32";41.6906301281415;2;1;8;"S-6";8;"S-2"
2.79433958917161;-1.47346887016308;-402.503046644868;20.6296327204623;"T32";41.8977888533846;2;1;8;"S-6";8;"S-2"
2.92712257905874;-1.51359132602346;-402.223166323138;20.482050464162;"T32";41.9979485915974;2;1;8;"S-6";8;"S-2"
2.77363714487278;-1.39590385058045;-401.675611060279;20.198914082272;"T32";42.1850112266839;2;1;8;"S-6";8;"S-2"
2.77214094381411;-1.26764902930599;-401.63961646714;20.1807988824324;"T32";42.1979886246845;2;1;8;"S-6";8;"S-2"
2.78401520867929;-1.30417440842187;-401.374209639984;20.0594332254784;"T32";42.2937293653376;2;1;8;"S-6";8;"S-2"
3.00337770198825;-0.927580681561748;-400.682745388406;19.7355161798975;"T32";42.5420987885445;2;1;8;"S-6";8;"S-2"
2.8450308303851;-1.02273577894865;-400.390955198054;19.6453979961404;"T32";42.6392527995631;2;1;8;"S-6";8;"S-2"
2.71742937480136;-1.03446171408962;-400.160990168024;19.5627298360607;"T32";42.7200832171366;2;1;8;"S-6";8;"S-2"
2.5988852191554;-1.01119191013568;-400.072973035957;19.529223775461;"T32";42.7524730679579;2;1;8;"S-6";8;"S-2"
2.23991907134118;-1.63740732428353;-399.598492794138;19.3446097807719;"T32";42.9350437480025;2;1;8;"S-6";8;"S-2"
1.93315810547128;-1.89552939073407;-399.387738846724;19.190546153415;"T32";43.0291337310337;2;1;8;"S-6";8;"S-2"
1.95967724387762;-1.92041426695733;-399.29809228914;19.1026445564381;"T32";43.0755068431608;2;1;8;"S-6";8;"S-2"
1.88262952151188;-2.10936977794184;-399.120798779202;18.9289031982693;"T32";43.1659776135348;2;1;8;"S-6";8;"S-2"
1.79784473984331;-2.16807896499188;-399.078957666027;18.8820228223922;"T32";43.1882024393417;2;1;8;"S-6";8;"S-2"
1.82402376243913;-2.19506533056586;-399.073229509076;18.8751150531507;"T32";43.1913885637186;2;1;8;"S-6";8;"S-2"
1.76893963053712;-2.33953296151599;-398.813305014355;18.5623169094667;"T32";43.3338891714811;2;1;8;"S-6";8;"S-2"
1.76284276635605;-2.19913961439934;-398.765568898552;18.4991829197889;"T32";43.3608748950064;2;1;8;"S-6";8;"S-2"
1.56690453683779;-2.83975401027724;-398.591994548316;18.2826495811766;"T32";43.459337647073;2;1;8;"S-6";8;"S-2"
2.1140625597754;-2.54292240088863;-398.48575753882;18.0901126609845;"T32";43.5271382099018;2;1;8;"S-6";8;"S-2"
2.39807603422122;-2.34502589609099;-398.096730247931;17.6221670895615;"T32";43.7111570267007;2;1;8;"S-6";8;"S-2"
2.54319313316416;-2.17846525999614;-397.991402289359;17.5191691917016;"T32";43.7550788861699;2;1;8;"S-6";8;"S-2"
2.48463243833321;-2.24075939123472;-397.952450073691;17.4858032441746;"T32";43.7703951494768;2;1;8;"S-6";8;"S-2"
2.4381655733391;-2.25511537582039;-397.934218054914;17.4693607448066;"T32";43.7777330633253;2;1;8;"S-6";8;"S-2"
2.67450743506231;-1.71112181249135;-397.485915296649;17.0547152202202;"T32";43.9616019371897;2;1;8;"S-6";8;"S-2"
3.12755697752943;-1.26789752850339;-396.99252868276;16.7390516382281;"T32";44.1460795002058;2;1;8;"S-6";8;"S-2"
3.27488033278263;-1.27811600460848;-396.809471561035;16.6648411046142;"T32";44.2046098876745;2;1;8;"S-6";8;"S-2"
2.80327262340407;-1.15347235642329;-396.598587982115;16.5825377377922;"T32";44.2690041731112;2;1;8;"S-6";8;"S-2"
2.85736841661576;-1.05108771263785;-396.043652476845;16.3541964913567;"T32";44.4669640506618;2;1;8;"S-6";8;"S-2"
2.47555243429337;-1.10742992892122;-395.910348239756;16.3051603065818;"T32";44.5136168505996;2;1;8;"S-6";8;"S-2"
2.32479673748525;-1.24929237974136;-395.864513282389;16.2846561949033;"T32";44.532131892629;2;1;8;"S-6";8;"S-2"
2.50879736187343;-1.08563976015143;-395.766320698434;16.2318897551951;"T32";44.5743689546362;2;1;8;"S-6";8;"S-2"
2.59933953995071;-1.14455318688457;-395.723902278021;16.2135338989337;"T32";44.59127682494;2;1;8;"S-6";8;"S-2"
2.59043231704776;-1.34053001000128;-395.485525049785;16.108570537255;"T32";44.682983669918;2;1;8;"S-6";8;"S-2"
2.84467699367852;-1.22947668642368;-395.460343654506;16.0955393471162;"T32";44.6927045937628;2;1;8;"S-6";8;"S-2"
2.79245650898764;-1.27058264191732;-395.387212479285;16.0639318657799;"T32";44.7184126707725;2;1;8;"S-6";8;"S-2"
2.55436890916496;-1.53003709702504;-395.142216311184;15.9524572993818;"T32";44.806147669442;2;1;8;"S-6";8;"S-2"
2.57071877566173;-1.73086927368358;-394.272426318548;15.4314632681048;"T32";45.1466583879665;2;1;8;"S-6";8;"S-2"
2.37391576325687;-1.68135996620298;-393.981129372103;15.2353325443192;"T32";45.2599718119018;2;1;8;"S-6";8;"S-2"
2.39318221833461;-1.30869922845629;-393.758926401131;15.0779540957889;"T32";45.3535736887716;2;1;8;"S-6";8;"S-2"
2.27390097312144;-1.32716986153604;-393.669940800856;15.0292927838624;"T32";45.3907566494308;2;1;8;"S-6";8;"S-2"
2.24871709941162;-1.3497260801274;-393.485419664466;14.9215964092496;"T32";45.4719040426426;2;1;8;"S-6";8;"S-2"
2.38164689103947;-1.62974094983235;-393.338153856135;14.8332044535574;"T32";45.5373928532936;2;1;8;"S-6";8;"S-2"
2.18701353716949;-1.91772427401651;-393.221892364956;14.7536476923196;"T32";45.5862084403634;2;1;8;"S-6";8;"S-2"
2.15704048812246;-1.94988571731193;-393.18925130854;14.7250257633037;"T32";45.6011333852075;2;1;8;"S-6";8;"S-2"
2.43093949096047;-1.85654756562054;-393.08132478647;14.6274641342739;"T32";45.6511679221876;2;1;8;"S-6";8;"S-2"
2.88585467948932;-1.82386040484181;-392.889547019142;14.4810003706153;"T32";45.7300583133474;2;1;8;"S-6";8;"S-2"
2.93416865069606;-1.8149012311868;-392.877863653336;14.4736164824241;"T32";45.7341068075038;2;1;8;"S-6";8;"S-2"
2.86228859568074;-1.84624685781955;-392.838713245043;14.4494003814871;"T32";45.7474497379735;2;1;8;"S-6";8;"S-2"
2.47485502168477;-0.967096590038152;-391.64068983229;13.6766456827722;"T32";46.166004112456;2;1;8;"S-6";8;"S-2"
2.68148650158509;-0.817082012886343;-391.393555468106;13.5800732376032;"T32";46.2658622302115;2;1;8;"S-6";8;"S-2"
2.65655993616973;-0.970101418772013;-391.176313481561;13.5138769246458;"T32";46.3468777365051;2;1;8;"S-6";8;"S-2"
2.81670494448565;-0.939860374220586;-391.074778894893;13.4767993322153;"T32";46.3850980624557;2;1;8;"S-6";8;"S-2"
2.79687765350803;-0.894763008733698;-390.748642868748;13.3679763160951;"T32";46.5008844272234;2;1;8;"S-6";8;"S-2"
2.4704216201472;-1.03832190379212;-390.313363406147;13.228723903281;"T32";46.6565149254166;2;1;8;"S-6";8;"S-2"
2.54698567192625;-0.928566812397165;-390.176737466811;13.1712998165251;"T32";46.7118196305819;2;1;8;"S-6";8;"S-2"
2.38531734403067;-0.801553121638267;-389.871063679637;13.0598588542462;"T32";46.8318335711956;2;1;8;"S-6";8;"S-2"
2.2904846648717;-0.971089690748548;-389.78582856094;13.0312167636517;"T32";46.8675668118522;2;1;8;"S-6";8;"S-2"
2.51597397777099;-1.24932406150615;-389.487887699807;12.9048996993482;"T32";46.9976444612257;2;1;8;"S-6";8;"S-2"
1.97294164710046;-1.34574763209383;-388.972567140769;12.6490137563762;"T32";47.2024639719166;2;1;8;"S-6";8;"S-2"
1.94812628109637;-1.42405240899093;-388.940255530977;12.6269739396228;"T32";47.2188413492404;2;1;8;"S-6";8;"S-2"
1.74857507046904;-1.77644078093805;-388.689959494469;12.4440111218583;"T32";47.3473217454739;2;1;8;"S-6";8;"S-2"
1.63209062471806;-1.99603318958734;-388.601463660222;12.3541049968344;"T32";47.3979320027865;2;1;8;"S-6";8;"S-2"
2.07012637058815;-1.67875708373368;-388.478960684124;12.2042848812041;"T32";47.4729909328744;2;1;8;"S-6";8;"S-2"
2.05475411551482;-1.69297719557675;-388.447122645193;12.178466006498;"T32";47.4883706890978;2;1;8;"S-6";8;"S-2"
2.09971083004425;-1.59465872881501;-388.439127437977;12.1718785012642;"T32";47.4922617664561;2;1;8;"S-6";8;"S-2"
2.10470180342906;-1.70253700618573;-388.032921400874;11.8633788766989;"T32";47.6857198518701;2;1;8;"S-6";8;"S-2"
1.95250664990948;-1.79110630622138;-387.809265900641;11.682459296945;"T32";47.7919845492579;2;1;8;"S-6";8;"S-2"
2.09292913570175;-2.00602943717276;-387.765784178388;11.6425719106791;"T32";47.8142542415299;2;1;8;"S-6";8;"S-2"
2.11052610543101;-1.95248471035405;-387.74356346096;11.6212738110368;"T32";47.8248712839559;2;1;8;"S-6";8;"S-2"
2.71385942441362;-1.82076381439801;-387.191309904373;11.1103743615107;"T32";48.0865375837311;2;1;8;"S-6";8;"S-2"
2.84696605490422;-1.77729561907831;-387.177802237591;11.1013118910407;"T32";48.0915148742497;2;1;8;"S-6";8;"S-2"
3.06574516603822;-1.47105743742873;-387.107696772101;11.0575466566523;"T32";48.1161394971423;2;1;8;"S-6";8;"S-2"
2.87964056852035;-1.43953808905463;-386.996074282045;11.0039860750358;"T32";48.1525490758941;2;1;8;"S-6";8;"S-2"
2.24774450326326;-1.81477145239084;-386.254446271135;10.6332447466612;"T32";48.4100909437984;2;1;8;"S-6";8;"S-2"
2.27360020207421;-1.93482297100038;-386.135675384553;10.537352168999;"T32";48.4629309736192;2;1;8;"S-6";8;"S-2"
2.37913087397066;-2.17768970706149;-386.032989739014;10.4499671724638;"T32";48.5080953105353;2;1;8;"S-6";8;"S-2"
2.56169994064639;-1.83721378388031;-385.785367856758;10.2233114511946;"T32";48.6121761263348;2;1;8;"S-6";8;"S-2"
2.59378876257561;-1.74775363588342;-385.711174914668;10.1701013567139;"T32";48.6411385121755;2;1;8;"S-6";8;"S-2"
2.64228657837246;-1.53440978641856;-385.56603846501;10.0723051285673;"T32";48.6970938974991;2;1;8;"S-6";8;"S-2"
2.34466070810719;-1.58838159503831;-385.128821973936;9.8184078911598;"T32";48.8625628873706;2;1;8;"S-6";8;"S-2"
2.1120638986604;-1.66456384356297;-384.6715350287;9.50862056672834;"T32";49.0575962001458;2;1;8;"S-6";8;"S-2"
2.52280216838564;-1.67888854102883;-384.379727304713;9.27864050460564;"T32";49.1957585560158;2;1;8;"S-6";8;"S-2"
2.54805289529038;-1.67587528726922;-382.67599004965;8.14482787740278;"T32";49.8710938147269;2;1;8;"S-6";8;"S-2"
3.06148206450904;-1.73228603115548;-382.347530271044;7.92879718712748;"T32";50;2;1;8;"S-6";8;"S-2"
