"Vx";"Vy";"X";"Y";"Traj";"Time";"TrueMovMode";"TrueTrajClust";"firstEstMovMode";"firstSegment";"finalEstMovMode";"finalSegment"
0;0;0;0;"T33";0;1;1;1;"S-1-NA";8;"S-1"
-1.89035098250644;1.75201602958049;0;0;"T33";0.0435176771134138;1;1;7;"S-2-NA";3;"S-2"
-5.68220634155794;5.15064227420047;-0.19923053651119;0.184650944073206;"T33";0.148911087308079;1;1;1;"S-3-NA";2;"S-3"
-7.75733850928006;6.38860044406172;-0.533733060945897;0.487861130331207;"T33";0.207779509946704;1;1;1;"S-3-NA";2;"S-3"
-17.704970485694;8.08232292647904;-3.34305409387282;2.80149351558785;"T33";0.569929624907672;1;1;4;"S-4-NA";2;"S-3"
-17.7934219226445;8.11400340280229;-3.3728650391577;2.81510221867666;"T33";0.571613386273384;1;1;4;"S-4-NA";2;"S-3"
-22.0288888867107;4.47459183115465;-12.1161207653743;6.80212658209087;"T33";1.06298911850899;1;1;4;"S-4-NA";2;"S-3"
-22.0088303948015;4.47145165436594;-13.688645867062;7.1215438713824;"T33";1.13437379477546;1;1;4;"S-4-NA";2;"S-3"
-22.2600797314079;4.3670272510697;-14.5720222232387;7.30101613766818;"T33";1.17451115511358;1;1;4;"S-4-NA";2;"S-3"
-22.7159239305154;3.09511075637655;-20.9291969711577;8.54817947665675;"T33";1.46009749732912;1;1;4;"S-4-NA";2;"S-3"
-22.7377397373299;2.54684909273965;-26.9256687337319;9.36521620866127;"T33";1.72407407080755;1;1;2;"S-5";2;"S-3"
-22.5982215620217;2.43225012718898;-27.9032271956192;9.47471231119912;"T33";1.76706684287637;1;1;2;"S-5";2;"S-3"
-21.4481001130003;1.92383287412407;-33.9925045813808;10.1301021902371;"T33";2.03652509953827;1;1;2;"S-5";2;"S-3"
-21.0707604601333;2.17857376780682;-35.4848650129384;10.2639626274389;"T33";2.10610517533496;1;1;2;"S-5";2;"S-3"
-20.9490149508284;2.42464601815673;-41.3411737612707;10.8694652451272;"T33";2.38404050469398;1;1;2;"S-5";2;"S-3"
-20.7939664266782;2.48323790747396;-42.4281639914317;10.9952738590177;"T33";2.43592791957781;1;1;2;"S-5";2;"S-3"
-21.1140141015263;2.38572089827589;-43.3450844328884;11.1047734874985;"T33";2.48002342414111;1;1;2;"S-5";2;"S-3"
-21.0364587395641;2.47758407478828;-43.8682106060449;11.1638827140877;"T33";2.50479967799038;1;1;2;"S-5";2;"S-3"
-21.2016671021006;2.29872457452895;-47.1842304792032;11.5544293422598;"T33";2.66243171645328;1;1;2;"S-5";2;"S-3"
-21.2021678248749;2.33188001575784;-49.5951990034717;11.8158310786639;"T33";2.77614770457149;1;1;2;"S-5";2;"S-3"
-21.6096263496014;2.53292737626745;-52.9970658377386;12.1899789182914;"T33";2.93659671442583;1;1;2;"S-5";2;"S-3"
-21.8818983071136;2.18757370619297;-55.2800378572482;12.4575727319889;"T33";3.04224278079346;1;1;2;"S-5";2;"S-3"
-21.4097608331102;2.44898976441634;-58.0185451667755;12.7313463553035;"T33";3.16739222034812;1;1;2;"S-5";2;"S-3"
-20.9031994254841;2.55442991085288;-61.1993587330869;13.0951888067505;"T33";3.3159606042318;1;1;2;"S-5";2;"S-3"
-20.9805084313167;2.52081822727236;-61.6272120349282;13.1474736866598;"T33";3.3364289207384;1;1;2;"S-5";2;"S-3"
-21.6083451380284;2.33231804729545;-68.3102123608212;13.9504394055092;"T33";3.65496268495917;1;1;2;"S-5";2;"S-3"
-21.7242014934277;2.24977590227407;-69.1796743922415;14.044285647522;"T33";3.69520001113415;1;1;2;"S-5";2;"S-3"
-21.7509635742837;1.93036583753491;-73.0076697000881;14.4407159421046;"T33";3.87140880338848;1;1;2;"S-5";2;"S-3"
-21.6794040939828;1.82856311411634;-76.6193327823975;14.7612456973481;"T33";4.03745492221788;1;1;2;"S-5";2;"S-3"
-21.9722707820857;1.71242180693899;-78.0327326731162;14.8804598092517;"T33";4.10265043610707;1;1;2;"S-5";2;"S-3"
-22.088438455528;1.74768277070114;-90.4433269114619;15.8476867482235;"T33";4.66748027829453;1;1;2;"S-5";2;"S-3"
-22.0482314783691;1.72454307152028;-95.4757934497743;16.2458658716978;"T33";4.89531288621947;1;1;2;"S-5";2;"S-3"
-21.5669953763349;1.98405716808163;-97.346208449501;16.392163829056;"T33";4.98014576733112;1;1;2;"S-5";2;"S-3"
-21.5255094809073;2.00507995826667;-97.4370810111244;16.4005236563813;"T33";4.98435926856473;1;1;2;"S-5";2;"S-3"
-21.2468623706918;2.08142055600909;-105.363330871922;17.1388460061587;"T33";5.35258515737951;1;1;2;"S-5";2;"S-3"
-21.1962765565295;2.13693349483676;-108.506236938606;17.446736610365;"T33";5.50050846068189;1;1;2;"S-5";2;"S-3"
-20.9233372147336;2.50501099374241;-112.01501853628;17.8004795379089;"T33";5.66604610066861;1;1;2;"S-5";2;"S-3"
-20.8793912218793;2.35670601552736;-118.028112838286;18.5203870353768;"T33";5.95343306194991;1;1;2;"S-5";2;"S-3"
-20.942067630057;2.25627751448838;-118.571397033218;18.5817088007832;"T33";5.9794531785883;1;1;2;"S-5";2;"S-3"
-20.9165715707025;2.25608109963723;-118.650932393588;18.5902778613163;"T33";5.98325105383992;1;1;2;"S-5";2;"S-3"
-20.6081223381206;2.31728522009015;-122.946094437198;19.0535580826332;"T33";6.18859837995842;1;1;2;"S-5";2;"S-3"
-20.5512440274357;2.30398879411837;-123.478805021064;19.1134588509966;"T33";6.21444792486727;1;1;2;"S-5";2;"S-3"
-20.4706065686248;2.40427076026255;-125.231843552188;19.3099910475864;"T33";6.2997487722896;1;1;2;"S-5";2;"S-3"
-20.670167426481;2.35759746732278;-126.17087078869;19.4202797056311;"T33";6.34562075138092;1;1;2;"S-5";2;"S-3"
-20.5320279341636;2.61592043647219;-128.739594673436;19.7132631537076;"T33";6.46989279193804;1;1;2;"S-5";2;"S-3"
-20.6997722273471;2.49830737854366;-132.887536418736;20.2417392309669;"T33";6.67191578540951;1;1;2;"S-5";2;"S-3"
-20.6033140210804;2.97413942028614;-134.367841657928;20.4204009795577;"T33";6.74342890270054;1;1;2;"S-5";2;"S-3"
-20.5794734097895;2.75500502377716;-137.051013924664;20.8077235433818;"T33";6.87365903286263;1;1;2;"S-5";2;"S-3"
-20.9043056388387;2.64714380992421;-139.670108940701;21.1583457280827;"T33";7.0009263814427;1;1;2;"S-5";2;"S-3"
-20.7373241973487;3.11316309556981;-141.978063579931;21.45060551142;"T33";7.11133208824322;1;1;2;"S-5";2;"S-3"
-21.5418301206495;3.25891249869224;-145.764760644012;22.0190783501436;"T33";7.29393506189808;1;1;2;"S-5";2;"S-3"
-21.7069984529615;3.28810276493587;-148.38277599541;22.4151395437679;"T33";7.41546676727012;1;1;2;"S-5";2;"S-3"
-21.6510524281795;2.84044812372208;-151.914186596816;22.950065686955;"T33";7.57815211545676;1;1;2;"S-5";2;"S-3"
-21.5091426444851;2.67009342770022;-153.690635200568;23.1831217991303;"T33";7.66020118026063;1;1;2;"S-5";2;"S-3"
-21.4748691467623;2.71270596056442;-154.651343489285;23.3023818240433;"T33";7.7048662933521;1;1;2;"S-5";2;"S-3"
-21.3215262849816;2.82436082713355;-156.766941457453;23.5696242076493;"T33";7.80338135082275;1;1;2;"S-5";2;"S-3"
-21.2512909071649;2.77178358809013;-157.356662629314;23.6477417567625;"T33";7.83103983849287;1;1;2;"S-5";2;"S-3"
-21.1887817228698;2.75040406916801;-157.948382982598;23.7249192219403;"T33";7.85888381069526;1;1;2;"S-5";2;"S-3"
-21.3349308122136;2.5385292454167;-166.334107989742;24.8134259838784;"T33";8.25464630033821;1;1;2;"S-5";2;"S-3"
-21.4117074375585;2.51947542024191;-169.254376822419;25.1608931447273;"T33";8.39152365224436;1;1;2;"S-5";2;"S-3"
-21.4956461550261;2.5062493237062;-174.058156635266;25.7261448976769;"T33";8.61587660619989;1;1;2;"S-5";2;"S-3"
-21.44309407392;2.51199305761991;-186.52215813435;27.1793645451565;"T33";9.19571502599865;1;1;2;"S-5";2;"S-3"
-21.8198799902772;2.39852971311817;-188.869320109252;27.4543274103912;"T33";9.30517506785691;1;1;2;"S-5";2;"S-3"
-21.8438759438482;2.49773211330902;-190.703948318418;27.6559971846599;"T33";9.38925564987585;1;1;2;"S-5";2;"S-3"
-22.2400913060104;2.34024576857297;-192.008738482455;27.8051930646503;"T33";9.4489881885238;1;1;2;"S-5";2;"S-3"
-22.0160039068646;2.14074084526298;-192.722372263615;27.8802862112427;"T33";9.48107590666041;1;1;2;"S-5";2;"S-3"
-21.8358334644987;2.10284952487;-193.04267526583;27.9114310876064;"T33";9.49562455061823;1;1;2;"S-5";2;"S-3"
-21.7850203069572;2.16456561052514;-193.530819166969;27.9584406589263;"T33";9.517979726661;1;1;2;"S-5";2;"S-3"
-21.7313467019645;2.06446948141098;-195.048538815989;28.1092417007614;"T33";9.58764776587486;1;1;2;"S-5";2;"S-3"
-21.252479068011;2.37395034041718;-196.3023939414;28.2283574498229;"T33";9.64534576050937;1;1;2;"S-5";2;"S-3"
-21.38938017864;2.33657851641643;-196.672831183368;28.2697361338748;"T33";9.66277606785297;1;1;2;"S-5";2;"S-3"
-21.4365667491969;2.2227232206773;-197.609786794807;28.3720892798865;"T33";9.70658077858388;1;1;2;"S-5";2;"S-3"
-21.3075598940401;2.51499951619108;-199.526643467489;28.5708450735231;"T33";9.79600072605535;1;1;2;"S-5";2;"S-3"
-21.0742050275239;2.71073852186202;-200.388767052076;28.672604280533;"T33";9.83646165113896;1;1;2;"S-5";2;"S-3"
-20.7199036688105;2.81954017639678;-201.870422766584;28.8631870909502;"T33";9.90676825167611;1;1;2;"S-5";2;"S-3"
-20.9373645418217;3.13181330989307;-204.385161144975;29.2053897384304;"T33";10.0281364982948;1;1;2;"S-5";2;"S-3"
-20.7348719525618;3.05459185652306;-210.857556723947;30.1735313868516;"T33";10.3372678393498;1;1;2;"S-5";2;"S-3"
-20.8785813763499;3.30424275194773;-211.922803553889;30.3304599803521;"T33";10.3886424913071;1;1;2;"S-5";2;"S-3"
-21.2528530122866;3.47909996518848;-214.637653037233;30.760111859772;"T33";10.5186728527769;1;1;2;"S-5";2;"S-3"
-21.4362797418875;3.58767516390436;-216.098539010723;30.9992594385263;"T33";10.5874111992307;1;1;2;"S-5";2;"S-3"
-21.2136930648941;3.62199442336675;-216.515577397361;31.0690569164541;"T33";10.6068659923039;1;1;2;"S-5";2;"S-3"
-21.8110339649955;3.15793333882112;-219.113497155687;31.5126218746265;"T33";10.7293302775361;1;1;2;"S-5";2;"S-3"
-22.0685439105056;2.74010330902872;-223.058870540343;32.0838568818938;"T33";10.9102191519924;1;1;2;"S-5";2;"S-3"
-21.4455717821942;2.64219064772323;-230.285457043572;32.9811337330889;"T33";11.2376801087521;1;1;2;"S-5";2;"S-3"
-21.7300236907943;2.47394070054546;-231.750526055578;33.1616368076213;"T33";11.3059957977384;1;1;2;"S-5";2;"S-3"
-21.0922608088184;2.64161721079435;-234.402713349767;33.4635855853092;"T33";11.4280475419946;1;1;2;"S-5";2;"S-3"
-21.2143457657704;2.77651874991089;-237.516416868735;33.8535491306859;"T33";11.5756705752574;1;1;2;"S-5";2;"S-3"
-21.2179922231458;2.73479505906498;-239.818279325392;34.1548152805445;"T33";11.6841755690984;1;1;2;"S-5";2;"S-3"
-21.4649614608294;2.78577249633368;-241.132254625832;34.3241740550028;"T33";11.7461029789411;1;1;2;"S-5";2;"S-3"
-21.4599466688982;3.15835407977842;-242.309257392219;34.4769282046291;"T33";11.8009366560727;1;1;2;"S-5";2;"S-3"
-21.5664700205877;3.01152975568234;-243.303129052375;34.6232006376906;"T33";11.8472495232709;1;1;2;"S-5";2;"S-3"
-21.5982599867234;2.77489121539326;-244.690661272979;34.8169548573348;"T33";11.9115869980305;1;1;2;"S-5";2;"S-3"
-21.7819291077023;3.14183944300408;-250.468162621317;35.559233992241;"T33";12.1790854609571;1;1;2;"S-5";2;"S-3"
-21.5886889533546;3.32495120869091;-251.41722878499;35.6961279051862;"T33";12.2226567240432;1;1;2;"S-5";2;"S-3"
-21.4705929474767;3.31960982755874;-251.560039929475;35.7181227603854;"T33";12.2292718151584;1;1;2;"S-5";2;"S-3"
-21.384891893649;3.22194350777816;-253.279038929745;35.9839005145825;"T33";12.3093347647227;1;1;2;"S-5";2;"S-3"
-21.492086329475;3.11702639334816;-254.76229412704;36.2073743800137;"T33";12.3786947224289;1;1;2;"S-5";2;"S-3"
-21.3342675309649;2.71401120569422;-258.224322799737;36.7094770880474;"T33";12.5397786032408;1;1;2;"S-5";2;"S-3"
-21.5146673135896;3.01693298955665;-263.883340704437;37.4293817196121;"T33";12.8050334518775;1;1;2;"S-5";2;"S-3"
-21.275017512996;2.82525969249776;-265.491274777344;37.6548571721895;"T33";12.8797700977884;1;1;2;"S-5";2;"S-3"
-21.2908793594317;2.81560780086092;-271.941126556012;38.5113785001613;"T33";13.1829356192611;1;1;2;"S-5";2;"S-3"
-21.5785164297537;2.76536047991201;-272.8011321988;38.6251097630058;"T33";13.2233287673444;1;1;2;"S-5";2;"S-3"
-21.5087905487553;2.68108741727337;-274.084926794972;38.7896324192383;"T33";13.2828228757717;1;1;2;"S-5";2;"S-3"
-21.4585417474509;2.57906478619379;-274.404583158848;38.8294778328191;"T33";13.2976845372468;1;1;2;"S-5";2;"S-3"
-20.5980156260396;3.17845789097081;-280.651440802512;39.5802767809842;"T33";13.5887974058278;1;1;2;"S-5";2;"S-3"
-20.6493553812722;3.28030032555365;-280.883417468822;39.6160728537195;"T33";13.6000594939105;1;1;2;"S-5";2;"S-3"
-21.635814844552;3.00795680581859;-287.090207585292;40.6020666178718;"T33";13.9006398268975;1;1;2;"S-5";2;"S-3"
-21.5407033420152;2.90299718926328;-287.343159892847;40.6372337525753;"T33";13.9123311964795;1;1;2;"S-5";2;"S-3"
-21.4859386768027;2.77310773969506;-288.380590132554;40.7770461357694;"T33";13.9604925876483;1;1;2;"S-5";2;"S-3"
-21.9842863818132;2.74656288863991;-289.819910607062;40.9628137118478;"T33";14.0274815377779;1;1;2;"S-5";2;"S-3"
-21.7815306733825;2.72903768003218;-293.595601317608;41.4345220859322;"T33";14.1992265125737;1;1;2;"S-5";2;"S-3"
-21.3616373485681;2.54670313368517;-301.506690421928;42.4257132276164;"T33";14.5624282187782;1;1;2;"S-5";2;"S-3"
-21.4488388112602;2.57784248331259;-303.3452963209;42.6449091313816;"T33";14.6484986762516;1;1;2;"S-5";2;"S-3"
-21.3850870866979;2.10719644135956;-306.214493629551;42.9897454547058;"T33";14.7822680301033;1;1;2;"S-5";2;"S-3"
-21.2056453928784;2.05941551124834;-306.858155296427;43.0531691652749;"T33";14.8123666527681;1;1;2;"S-5";2;"S-3"
-20.758770263534;2.04451862232195;-310.346384870514;43.3919333933177;"T33";14.9768619798124;1;1;2;"S-5";2;"S-3"
-20.7387189926576;2.00839086907827;-311.123916451919;43.4685120045478;"T33";15.0143175502308;1;1;2;"S-5";2;"S-3"
-20.7759726706103;2.15033587289187;-311.827261579985;43.5366257551376;"T33";15.0482321390882;1;1;2;"S-5";2;"S-3"
-20.4327186209018;2.02279947900912;-313.882538754095;43.7493491884177;"T33";15.147157816682;1;1;2;"S-5";2;"S-3"
-20.3062948324904;2.46544561793965;-315.599061937717;43.9192816514423;"T33";15.2311663725413;1;1;2;"S-5";2;"S-3"
-20.3465555004314;3.02585883065466;-324.201365867579;44.9637120954506;"T33";15.6547938240692;1;1;2;"S-5";2;"S-3"
-20.2445331076819;3.15064989409496;-324.670858275751;45.033533139566;"T33";15.6778686097823;1;1;2;"S-5";2;"S-3"
-20.403041625851;3.21821193921325;-324.812983521989;45.0556520439452;"T33";15.6848890357651;1;1;2;"S-5";2;"S-3"
-20.4835471072822;3.33040001951611;-325.787496265326;45.209363858244;"T33";15.7326521468349;1;1;2;"S-5";2;"S-3"
-20.683544206122;3.41197303346714;-326.730063997056;45.3626150298164;"T33";15.7786679919809;1;1;2;"S-5";2;"S-3"
-21.5755262727337;3.43357560258716;-330.070784010863;45.9137027199086;"T33";15.9401838318445;1;1;2;"S-5";2;"S-3"
-21.9592326311856;3.31609569125316;-331.490948960816;46.1397108210399;"T33";16.0060067893937;1;1;2;"S-5";2;"S-3"
-22.2157538339041;2.8468493430111;-333.006067279068;46.3685110442206;"T33";16.0750036593527;1;1;2;"S-5";2;"S-3"
-22.2159365351699;2.73172376344285;-337.939821355251;47.0007495293683;"T33";16.2970872363076;1;1;2;"S-5";2;"S-3"
-22.0749091741228;2.50030538337171;-339.919026797391;47.2441172816334;"T33";16.3861766806804;1;1;2;"S-5";2;"S-3"
-22.0554581462354;2.16905009762921;-342.92933389874;47.5850784603062;"T33";16.5225444943644;1;1;2;"S-5";2;"S-3"
-21.98545937555;2.19314204958965;-343.914990585249;47.6820131382406;"T33";16.567234415561;1;1;2;"S-5";2;"S-3"
-22.1619448186024;2.27737285860867;-345.265787750783;47.8167608373264;"T33";16.628674895037;1;1;2;"S-5";2;"S-3"
-21.5239299187812;2.30024130731165;-351.191140476663;48.4256531338308;"T33";16.8960409937426;1;1;2;"S-5";2;"S-3"
-20.9275844328083;2.81141320266138;-354.407311667872;48.769362198733;"T33";17.0454640407115;1;1;2;"S-5";2;"S-3"
-20.4967199085742;2.92589933779075;-357.240073525414;49.1499156310634;"T33";17.180824233219;1;1;2;"S-5";2;"S-3"
-20.7161828748223;2.96149943985982;-357.685030160463;49.2134330294394;"T33";17.2025329084136;1;1;2;"S-5";2;"S-3"
-20.9755315544964;3.0549582989979;-361.256284185562;49.7239646683438;"T33";17.3749224864878;1;1;2;"S-5";2;"S-3"
-21.2936707114814;2.97675246697387;-363.208879053396;50.0083482073532;"T33";17.4680116586387;1;1;2;"S-5";2;"S-3"
-21.5154073211878;2.76135604365171;-365.914611530831;50.3865965580631;"T33";17.5950791104697;1;1;2;"S-5";2;"S-3"
-21.7391355292757;2.57096898783189;-367.623927477342;50.6059756220494;"T33";17.6745252450928;1;1;2;"S-5";2;"S-3"
-21.6689016973289;2.7663699726741;-368.84932885513;50.7508971593249;"T33";17.7308936952613;1;1;2;"S-5";2;"S-3"
-21.6347663678317;2.8184859327567;-370.178480396394;50.9205838819952;"T33";17.7922328235582;1;1;2;"S-5";2;"S-3"
-21.3977486383431;2.51364334064042;-371.91546715977;51.1468711769316;"T33";17.8725196514279;1;1;2;"S-5";2;"S-3"
-21.4915708006582;2.62997506795978;-373.072880445767;51.2828352097787;"T33";17.9266100749373;1;1;2;"S-5";2;"S-3"
-21.2405108107146;3.04671027839499;-376.75776616644;51.7337635138817;"T33";18.0980673292652;1;1;2;"S-5";2;"S-3"
-21.3339812783708;2.78240757272993;-379.598083735676;52.1411748426023;"T33";18.2317890459672;1;1;2;"S-5";2;"S-3"
-21.406288462805;2.72483861323288;-379.875316835449;52.1773319698705;"T33";18.2447839528322;1;1;2;"S-5";2;"S-3"
-21.8610942942167;2.34759602694224;-382.600422898934;52.5242148141263;"T33";18.3720879489556;1;1;2;"S-5";2;"S-3"
-22.1974922452842;2.1897030517458;-387.195270275369;53.0176414148331;"T33";18.5822717263363;1;1;2;"S-5";2;"S-3"
-22.0620879795199;2.22727193086148;-396.263660935374;53.9122056513339;"T33";18.9908039406873;1;1;2;"S-5";2;"S-3"
-21.8089441172034;2.08459430073529;-397.888700446389;54.0762610613561;"T33";19.0644614980556;1;1;2;"S-5";2;"S-3"
-21.5995519367714;2.15019703281644;-398.843884124412;54.1675616965754;"T33";19.1082592937164;1;1;2;"S-5";2;"S-3"
-21.6022295918785;2.07063944450035;-404.84121083999;54.7645849193911;"T33";19.3859190680087;1;1;2;"S-5";2;"S-3"
-21.32341577602;2.53745173959701;-409.888557657272;55.2483884714959;"T33";19.6195684140548;1;1;2;"S-5";2;"S-3"
-21.2257731450261;2.45521901202582;-410.245549108598;55.2908698726328;"T33";19.6363101713359;1;1;2;"S-5";2;"S-3"
-21.1982234147229;2.27575535274664;-412.951882972644;55.6039158243866;"T33";19.7638124227524;1;1;2;"S-5";2;"S-3"
-20.5922242235279;2.7315330395761;-416.182931410564;55.9507880897517;"T33";19.9162331409752;1;1;2;"S-5";2;"S-3"
-3.06287829598083;-7.44921055905822;-426.745205450451;57.3518606596611;"T33";20.4291585017927;2;1;1;"S-6-NA";8;"S-4"
-2.15273962451122;-7.58338365297797;-426.875726955889;57.0344199772258;"T33";20.4717725049704;2;1;1;"S-6-NA";8;"S-4"
-1.37772461959864;-7.3448973882205;-426.973462655447;56.6901297073293;"T33";20.5171731184237;2;1;1;"S-6-NA";8;"S-4"
2.83303209322867;-4.70449378501473;-427.548490219897;53.6245544855489;"T33";20.9345479379408;2;1;1;"S-6-NA";8;"S-4"
3.50440784314719;-3.58706642533786;-427.227625718602;53.0917313467712;"T33";21.0478062741458;2;1;1;"S-6-NA";8;"S-4"
3.78484607213101;-3.1355047213896;-427.119910130755;52.9814750678371;"T33";21.0785434464924;2;1;1;"S-6-NA";8;"S-4"
3.71138015603353;-2.95713287566188;-427.050665778517;52.9241105174079;"T33";21.0968386032619;2;1;1;"S-6-NA";8;"S-4"
3.31487947169486;-2.87079504954167;-426.835901522793;52.7529918460735;"T33";21.1547050159425;2;1;1;"S-6-NA";8;"S-4"
3.89480440392104;-2.1525650253438;-426.110537353707;52.1248025307427;"T33";21.3735256926157;2;1;1;"S-6-NA";8;"S-4"
3.81799664282381;-1.7447144986458;-425.728271088736;51.9135331300207;"T33";21.4716734364629;2;1;1;"S-6-NA";8;"S-4"
3.25202057575628;-1.00108319603421;-424.569821771797;51.3841551581966;"T33";21.7750915442593;2;1;8;"S-7-NA";8;"S-4"
3.29122864280157;-0.882857722313302;-424.427583063194;51.340369217213;"T33";21.8188301078044;2;1;8;"S-7-NA";8;"S-4"
2.15310598891023;-1.71653699451836;-423.408205161227;51.0669255430167;"T33";22.1285557490773;2;1;8;"S-7-NA";8;"S-4"
1.99464946439071;-1.70409498585893;-423.325808676765;51.001235969663;"T33";22.1668244106695;2;1;8;"S-7-NA";8;"S-4"
2.33527849757088;-1.65228575377392;-423.285416462121;50.966727565218;"T33";22.1870746929199;2;1;8;"S-7-NA";8;"S-4"
2.468393628874;-1.72501939494698;-423.211875997684;50.9146952864809;"T33";22.2185657825321;2;1;8;"S-7-NA";8;"S-4"
2.40555726438117;-1.70575897123112;-423.193519658747;50.9018670890995;"T33";22.2260023350827;2;1;8;"S-7-NA";8;"S-4"
2.91053451074992;-1.59882432965195;-423.021394172869;50.7798144586918;"T33";22.2975556040183;2;1;8;"S-7-NA";8;"S-4"
2.17663063334102;-1.18817460060338;-422.469921614423;50.476877750564;"T33";22.4870302714407;2;1;8;"S-7-NA";8;"S-4"
2.46712359707428;-0.859157776817644;-422.172333778373;50.3144311218951;"T33";22.6237497641705;2;1;8;"S-7-NA";8;"S-4"
2.51301877252294;-0.951241352679052;-421.078854829695;49.9336350630121;"T33";23.0669699376449;2;1;8;"S-7-NA";8;"S-4"
2.10604341937779;-0.916133631410769;-420.225997958069;49.6108071028405;"T33";23.4063453855924;2;1;8;"S-7-NA";8;"S-4"
1.88196467222749;-1.06313703166894;-420.126324440523;49.5674488981877;"T33";23.4536727657542;2;1;8;"S-7-NA";8;"S-4"
1.74927511172105;-1.34916656631097;-420.06083446322;49.5304530814748;"T33";23.4884714940563;2;1;8;"S-7-NA";8;"S-4"
1.87297827722338;-1.47811897730938;-419.867149378871;49.3810692375924;"T33";23.5991945490241;2;1;8;"S-7-NA";8;"S-4"
2.01772736944331;-1.38659015233149;-419.858833422824;49.3745064426058;"T33";23.6036345129833;2;1;8;"S-7-NA";8;"S-4"
1.9876816732072;-1.3648645186215;-419.837170077125;49.3596193065793;"T33";23.6143710208125;2;1;8;"S-7-NA";8;"S-4"
2.27144696880699;-1.46482377431661;-419.500150668581;49.1282010473032;"T33";23.7839250359684;2;1;8;"S-7-NA";8;"S-4"
2.3566913320469;-1.46737538356982;-419.465310293899;49.1057329862651;"T33";23.7992634414695;2;1;8;"S-7-NA";8;"S-4"
2.31506552601242;-1.81705873176404;-419.273843440549;48.986517650954;"T33";23.8805073662661;2;1;8;"S-7-NA";8;"S-4"
1.68089363642478;-2.37459017562132;-418.217577830757;48.1574712901619;"T33";24.3367646937259;2;1;8;"S-7-NA";8;"S-4"
1.75305886472624;-2.33534432041327;-418.206318281933;48.1415649808995;"T33";24.3434632429853;2;1;8;"S-7-NA";8;"S-4"
2.86705435305752;-2.44828812201446;-417.764376960664;47.5528310967456;"T33";24.5955604943447;2;1;1;"S-8-NA";8;"S-4"
3.16858930231688;-2.61670557765922;-416.78451285475;46.7160874022498;"T33";24.9373273341917;2;1;1;"S-8-NA";8;"S-4"
3.64080161745668;-1.91660954691248;-416.389992522252;46.3902819866364;"T33";25.0618371064775;2;1;1;"S-8-NA";8;"S-4"
3.553333526577;-1.95213625741405;-416.37767927133;46.3837999816417;"T33";25.0652191229165;2;1;1;"S-8-NA";8;"S-4"
3.32658263361033;-1.64630375931467;-416.190519136382;46.280977636753;"T33";25.1178908278234;2;1;8;"S-9";8;"S-4"
2.57232955051429;-0.656379739609593;-414.999027807064;45.6913164526808;"T33";25.4760636016726;2;1;8;"S-9";8;"S-4"
2.52885457050544;-0.733890802558943;-414.993488482282;45.6899029866041;"T33";25.4782170290127;2;1;8;"S-9";8;"S-4"
2.58866755529393;-0.693150697369471;-414.10639284031;45.4324617955502;"T33";25.8290065336041;2;1;8;"S-9";8;"S-4"
2.62128801529356;-1.03474776364449;-413.580365560509;45.2916108874897;"T33";26.0322104091756;2;1;8;"S-9";8;"S-4"
2.8326956703216;-1.17054441647413;-413.020618291053;45.0706518658574;"T33";26.2457494274713;2;1;8;"S-9";8;"S-4"
2.76039215463761;-1.08005683382644;-412.975430086532;45.051978910253;"T33";26.2617017957382;2;1;8;"S-9";8;"S-4"
2.48655240092046;-1.2228358864474;-412.897986068309;45.0216774398697;"T33";26.2897572363727;2;1;8;"S-9";8;"S-4"
2.70685530937399;-1.45833575413804;-412.505867431934;44.8288414714313;"T33";26.4474529423751;2;1;8;"S-9";8;"S-4"
2.52516077387762;-1.78616007066346;-411.992395411744;44.5522051092292;"T33";26.6371461329982;2;1;8;"S-9";8;"S-4"
2.73385247613366;-1.6626071085541;-411.936943164428;44.5129812344533;"T33";26.6591060208157;2;1;8;"S-9";8;"S-4"
2.7815509077521;-1.5756782291293;-411.877057272117;44.4765613064839;"T33";26.6810113331303;2;1;8;"S-9";8;"S-4"
2.85507054340734;-1.38136527913688;-411.542694918283;44.2871534908272;"T33";26.8012184998952;2;1;8;"S-9";8;"S-4"
3.09003349520383;-1.26101841186486;-411.505917640323;44.2693595855408;"T33";26.8140998901799;2;1;8;"S-9";8;"S-4"
3.01608641885084;-1.17679873872174;-411.478214289851;44.2580540656912;"T33";26.823065278586;2;1;8;"S-9";8;"S-4"
3.02232175292872;-1.13940089859815;-411.235851326603;44.1634903198779;"T33";26.9034220487811;2;1;8;"S-9";8;"S-4"
2.80438473470616;-0.965425034360639;-410.760069732083;43.9841229259837;"T33";27.0608445978723;2;1;8;"S-9";8;"S-4"
2.84731511040963;-1.00679206065992;-410.69688554878;43.9623714196438;"T33";27.0833750953898;2;1;8;"S-9";8;"S-4"
2.78559535207372;-1.1751392969055;-410.499300760938;43.8925067267692;"T33";27.1527684642933;2;1;8;"S-9";8;"S-4"
2.76510516995946;-1.21713749022789;-410.488724595292;43.8880450349977;"T33";27.1565651986748;2;1;8;"S-9";8;"S-4"
2.87707123887062;-1.49098725927918;-410.298414187352;43.8042746472376;"T33";27.2253909381106;2;1;8;"S-9";8;"S-4"
2.86258842210865;-1.4927121135109;-410.29082422137;43.8003412922253;"T33";27.2280290257186;2;1;8;"S-9";8;"S-4"
2.47219512447679;-1.20820623372859;-409.67891619334;43.4812585632028;"T33";27.4417894193903;2;1;8;"S-9";8;"S-4"
1.67046917692753;-1.65802633906489;-409.392788338613;43.341422732972;"T33";27.5575277977623;2;1;8;"S-9";8;"S-4"
1.68665144202417;-1.8056288542306;-409.121617339895;43.0722716079612;"T33";27.7198600349948;2;1;8;"S-9";8;"S-4"
1.72301978649533;-1.69927677824935;-409.073150953306;43.0203863731676;"T33";27.7485953061841;2;1;8;"S-9";8;"S-4"
1.80507493446677;-1.62126307389682;-409.043219264105;42.9908671390926;"T33";27.7659669518471;2;1;8;"S-9";8;"S-4"
2.03865150372437;-1.43031881701637;-408.974738318329;42.9293596489973;"T33";27.8039049590006;2;1;8;"S-9";8;"S-4"
2.02071707984521;-1.55158022421139;-408.907981252807;42.8825228616358;"T33";27.8366506565362;2;1;8;"S-9";8;"S-4"
2.12287936468883;-1.49992383121935;-408.769835512664;42.7764495272721;"T33";27.9050153680146;2;1;8;"S-9";8;"S-4"
1.98573150541616;-1.5268026668707;-408.76176959705;42.7707505416151;"T33";27.9088148847222;2;1;8;"S-9";8;"S-4"
2.37837310075045;-1.19780346403252;-408.305907985753;42.4202445835072;"T33";28.1383834895678;2;1;8;"S-9";8;"S-4"
2.41104763255913;-1.00915915006813;-408.101301773421;42.3172001831911;"T33";28.2244112924673;2;1;8;"S-9";8;"S-4"
2.67558259975704;-1.01557315546582;-407.963940930014;42.2597069382991;"T33";28.2813827274367;2;1;8;"S-9";8;"S-4"
2.98521159117907;-0.913761345641092;-407.518848737695;42.0907629175586;"T33";28.447736101225;2;1;8;"S-9";8;"S-4"
3.16372016115253;-0.918229861764429;-407.182537729858;41.9878194612275;"T33";28.5603951197118;2;1;8;"S-9";8;"S-4"
2.15817624836753;-1.05289030478451;-406.280776589849;41.7260946673908;"T33";28.845427010674;2;1;8;"S-9";8;"S-4"
2.68953462211874;-1.33003751620577;-405.927588231852;41.5537877957074;"T33";29.0090783149935;2;1;8;"S-9";8;"S-4"
2.74390147398083;-1.40616778042399;-405.869359551765;41.5249923571219;"T33";29.0307284099981;2;1;8;"S-9";8;"S-4"
2.5721677037156;-1.38502888893405;-405.145897619241;41.1542396644594;"T33";29.2943901848048;2;1;8;"S-9";8;"S-4"
2.54899521075117;-1.4311998079844;-404.878094743841;41.0100365013327;"T33";29.3985058204271;2;1;8;"S-9";8;"S-4"
2.59062243290173;-1.29204159936244;-404.790075696278;40.9606159126079;"T33";29.4330367003568;2;1;8;"S-9";8;"S-4"
2.58608342159784;-1.26735326836684;-404.735263951064;40.9332792177464;"T33";29.4541944516823;2;1;8;"S-9";8;"S-4"
2.85749429436538;-1.12616814370056;-404.469810642301;40.8031894009797;"T33";29.5568412984721;2;1;8;"S-9";8;"S-4"
2.46865256539731;-1.02932187638243;-404.205951435537;40.6991997504435;"T33";29.6491806628183;2;1;8;"S-9";8;"S-4"
1.66924599003124;-1.72548445165298;-403.541688587401;40.4222307306475;"T33";29.91825977806;2;1;8;"S-9";8;"S-4"
1.33753233356191;-2.2722077722826;-403.351339208997;40.2254683033133;"T33";30.032292928081;2;1;8;"S-9";8;"S-4"
2.05810593600432;-2.28497323714475;-402.848598052511;39.3714086783221;"T33";30.4081650800072;2;1;8;"S-9";8;"S-4"
2.41567154163213;-2.41048499685566;-402.789211780131;39.305476191239;"T33";30.4370198980905;2;1;8;"S-9";8;"S-4"
2.97326480281386;-2.03427914915542;-402.518000949305;39.0348476610669;"T33";30.5492913001217;2;1;8;"S-9";8;"S-4"
2.47506546364805;-2.09975391651992;-402.25056464704;38.8518703181441;"T33";30.6392383179627;2;1;8;"S-9";8;"S-4"
2.22419390611849;-2.06111975261078;-402.154111389445;38.7700429449406;"T33";30.6782083003782;2;1;8;"S-9";8;"S-4"
2.47058812000453;-1.91723253132359;-402.010071857805;38.6365641493176;"T33";30.7429686305113;2;1;8;"S-9";8;"S-4"
2.4186860731071;-1.96332036085201;-401.911776704561;38.5602848764015;"T33";30.7827547658235;2;1;8;"S-9";8;"S-4"
2.47764015157779;-1.97128738411197;-401.905759564723;38.5554005826972;"T33";30.7852425379679;2;1;8;"S-9";8;"S-4"
2.53028411983315;-1.75866998821744;-401.765512671136;38.4438158023922;"T33";30.8418475673534;2;1;8;"S-9";8;"S-4"
2.50521577747399;-1.80758046218754;-401.617987264604;38.3412785011721;"T33";30.9001514571719;2;1;8;"S-9";8;"S-4"
2.5300428994097;-1.65802373203182;-401.063480477843;37.9411869629854;"T33";31.1214923858643;2;1;8;"S-9";8;"S-4"
2.16063581302379;-1.16094671408341;-400.204869127133;37.3785095489377;"T33";31.4608587068506;2;1;8;"S-9";8;"S-4"
2.27018358833048;-1.25785919115482;-400.176922108784;37.3634931362109;"T33";31.473793333862;2;1;8;"S-9";8;"S-4"
2.29003460056519;-1.17901885498995;-399.840237655585;37.1769436271091;"T33";31.6221004817635;2;1;8;"S-9";8;"S-4"
2.1226167999013;-1.80301980410727;-398.581241158525;36.5287522818629;"T33";32.1718723047525;2;1;8;"S-9";8;"S-4"
2.3448945560996;-1.70245470371309;-398.567089473135;36.5167313796344;"T33";32.178539398592;2;1;8;"S-9";8;"S-4"
2.18957118953309;-1.73456588293329;-398.438119044831;36.4230954795744;"T33";32.2335399221629;2;1;8;"S-9";8;"S-4"
2.36145377218761;-1.80147042373876;-398.347006827257;36.3509168973587;"T33";32.2751518222503;2;1;8;"S-9";8;"S-4"
3.26584908200579;-1.31140571983617;-397.374092148481;35.6087143443043;"T33";32.6871500117704;2;1;8;"S-9";8;"S-4"
3.30925376551135;-1.31633079872536;-397.288608867342;35.5743884275149;"T33";32.7133249142207;2;1;8;"S-9";8;"S-4"
3.03601214859979;-0.96142349296362;-396.945592548597;35.4379459009445;"T33";32.8169785905629;2;1;8;"S-9";8;"S-4"
2.14593998374515;-0.692262284913613;-395.916533802693;35.112070639079;"T33";33.155929390341;2;1;1;"S-10-NA";8;"S-4"
2.12645593934706;-0.676601260138863;-395.906542939538;35.108847670213;"T33";33.1605850951746;2;1;1;"S-10-NA";8;"S-4"
1.95873761968955;-0.690340216315735;-395.880385525194;35.1005248363467;"T33";33.1728860386647;2;1;1;"S-10-NA";8;"S-4"
2.12334525527128;-0.552753717416998;-395.856124699056;35.0919743169734;"T33";33.1852719886228;2;1;1;"S-10-NA";8;"S-4"
1.66977898809226;-1.37225019871648;-395.516254797726;35.0034986670846;"T33";33.3453354076482;2;1;8;"S-11";8;"S-4"
2.02767423656388;-1.32516858235743;-395.410978318633;34.9169808282657;"T33";33.4083835594356;2;1;8;"S-11";8;"S-4"
1.88422577068084;-1.17590432884227;-395.208280874867;34.7845097047691;"T33";33.5083490470424;2;1;8;"S-11";8;"S-4"
2.05193312837701;-1.26567942867346;-395.172064726904;34.7619079943867;"T33";33.5275697521865;2;1;8;"S-11";8;"S-4"
2.29665495269076;-1.39439447214428;-395.063288104775;34.6948120783236;"T33";33.5805815295316;2;1;8;"S-11";8;"S-4"
2.20235691814558;-1.33711458126063;-395.038002489829;34.6794601328063;"T33";33.5915912874043;2;1;8;"S-11";8;"S-4"
2.18851819693349;-1.29814830250893;-394.990732474174;34.6507611391653;"T33";33.6130546638742;2;1;8;"S-11";8;"S-4"
2.30046851628995;-1.28427664955455;-394.849018854638;34.5667018451186;"T33";33.6778078926727;2;1;8;"S-11";8;"S-4"
2.49755505149508;-1.39800959834426;-394.72453181568;34.4972047856392;"T33";33.7319216690958;2;1;8;"S-11";8;"S-4"
2.45710056177929;-1.52247871531983;-394.289779678977;34.2538517273563;"T33";33.90599276172;2;1;8;"S-11";8;"S-4"
2.62306338046432;-0.999333115264507;-393.108829031837;33.522106249747;"T33";34.3866204842925;2;1;8;"S-11";8;"S-4"
2.69700482125315;-0.997652109084491;-393.087624563447;33.514027784083;"T33";34.3947043409571;2;1;8;"S-11";8;"S-4"
2.76801089625157;-0.798938447588809;-392.978752368777;33.4737547472025;"T33";34.4350721570663;2;1;8;"S-11";8;"S-4"
2.67620730859859;-0.937194584651403;-392.801087026059;33.4224747203451;"T33";34.499257360585;2;1;8;"S-11";8;"S-4"
2.29633655808245;-0.849722868115151;-392.306679383572;33.2493356052772;"T33";34.6839992678724;2;1;8;"S-11";8;"S-4"
2.41663250398173;-0.961437829159114;-391.931595026001;33.1105415966293;"T33";34.8473395919427;2;1;8;"S-11";8;"S-4"
1.92276617289756;-1.56935065184261;-391.40450286995;32.9008422164196;"T33";35.0654497742653;2;1;8;"S-11";8;"S-4"
2.42925108040643;-1.54722413595111;-391.150909681118;32.6938609194701;"T33";35.1973395445384;2;1;8;"S-11";8;"S-4"
2.13621488082339;-1.91549901329061;-390.947084772464;32.564041972091;"T33";35.2812439668924;2;1;8;"S-11";8;"S-4"
2.09769763550815;-1.90405320045238;-390.904207305791;32.5255946483496;"T33";35.301315668039;2;1;8;"S-11";8;"S-4"
2.36600189149589;-1.78965977660174;-390.539735134184;32.1947679395439;"T33";35.4750643367879;2;1;8;"S-11";8;"S-4"
2.57227010176143;-0.923148496140244;-389.385677744668;31.3218311522449;"T33";35.9628312289715;2;1;8;"S-11";8;"S-4"
2.58944483237551;-0.950101871920982;-389.370538157896;31.3163977855268;"T33";35.9687169198878;2;1;8;"S-11";8;"S-4"
2.67505851305552;-1.00666391809054;-389.077282714464;31.2087984490697;"T33";36.0819672350772;2;1;8;"S-11";8;"S-4"
1.98938806474533;-1.01855654639043;-388.644113917682;31.0457906509095;"T33";36.2438959535211;2;1;8;"S-11";8;"S-4"
2.05291045279977;-1.22276816039245;-388.481095363196;30.9623259821513;"T33";36.3258400233462;2;1;8;"S-11";8;"S-4"
1.94339449027968;-1.02693690812396;-388.380200451072;30.902230284396;"T33";36.374987277668;2;1;8;"S-11";8;"S-4"
2.1481427364079;-1.44224261658923;-388.048670731233;30.7270419182942;"T33";36.5455803927034;2;1;8;"S-11";8;"S-4"
2.28191726632418;-1.15453782520292;-387.852652639395;30.5954372344529;"T33";36.6368304239586;2;1;8;"S-11";8;"S-4"
2.36641378671102;-1.36010892055777;-387.160739293665;30.2453631361509;"T33";36.9400462135673;2;1;8;"S-11";8;"S-4"
2.27544853260246;-1.40144275042524;-387.006078567198;30.1564710603404;"T33";37.0054027996957;2;1;8;"S-11";8;"S-4"
2.38470635663354;-1.59670572866994;-386.300180051781;29.7217100262879;"T33";37.3156266985461;2;1;8;"S-11";8;"S-4"
2.40071692069997;-1.58269449311521;-385.707219966833;29.3246872390273;"T33";37.564277893398;2;1;8;"S-11";8;"S-4"
2.19542597505769;-1.40683797923666;-385.439925211791;29.1484707375329;"T33";37.6756174489856;2;1;8;"S-11";8;"S-4"
1.85744636037266;-1.38609414895688;-385.361886041638;29.0984629168703;"T33";37.7111637033522;2;1;8;"S-11";8;"S-4"
2.18317132746062;-1.93350244401211;-384.651599372526;28.5684211255476;"T33";38.0935632623732;2;1;8;"S-11";8;"S-4"
1.93749571511681;-2.17446462085341;-384.413293987314;28.3573684981457;"T33";38.2027188665234;2;1;8;"S-11";8;"S-4"
1.85134914599833;-2.14504876812744;-384.188996633142;28.1056380517804;"T33";38.318485498894;2;1;8;"S-11";8;"S-4"
2.47256528982887;-1.80044638368312;-383.846636636835;27.7089657709616;"T33";38.5034100967459;2;1;8;"S-11";8;"S-4"
2.78962517481283;-1.81276926742762;-383.503773356728;27.459303221986;"T33";38.6420771246776;2;1;8;"S-11";8;"S-4"
3.16681621010933;-1.62606102261101;-382.068708411044;26.5267615838526;"T33";39.1565064317547;2;1;8;"S-11";8;"S-4"
1.92008767341804;-1.58266022148055;-380.529049116023;25.7361947174391;"T33";39.6426916704513;2;1;8;"S-11";8;"S-4"
1.90391465904726;-1.60188357215127;-380.517636622572;25.7267878035447;"T33";39.6486354060471;2;1;8;"S-11";8;"S-4"
1.93603005482231;-1.61139172032418;-380.512702498181;25.7226364132668;"T33";39.6512269740924;2;1;8;"S-11";8;"S-4"
1.51681824596199;-1.92036488551675;-380.328476949748;25.5693022629638;"T33";39.7463833214715;2;1;8;"S-11";8;"S-4"
1.7885468062242;-1.82394137896367;-380.288684482796;25.5189230850733;"T33";39.7726174909621;2;1;8;"S-11";8;"S-4"
1.61489032637881;-2.01343043386923;-380.153207360308;25.3807649285469;"T33";39.8483645287342;2;1;8;"S-11";8;"S-4"
2.44099577515206;-2.15272220740336;-379.905724492131;25.0722055604521;"T33";40.0016151019372;2;1;8;"S-11";8;"S-4"
3.17661702998035;-1.97391240235849;-379.538672657785;24.7485013397777;"T33";40.1519848150201;2;1;1;"S-12-NA";8;"S-4"
3.35809887484801;-1.65618065171311;-379.087667079329;24.4682517861032;"T33";40.2939615072682;2;1;8;"S-13";8;"S-4"
2.88251834971887;-1.0886819258833;-378.325270757389;24.0922455741385;"T33";40.5209936317988;2;1;8;"S-13";8;"S-4"
2.32471017710904;-0.931605939500382;-378.06347807834;23.9933705893404;"T33";40.6118144514039;2;1;8;"S-13";8;"S-4"
2.33647434106003;-1.04260042668799;-377.492556250528;23.7645789872658;"T33";40.8574028406292;2;1;8;"S-13";8;"S-4"
2.4141460403568;-0.960228922766344;-377.486526822421;23.7618884872217;"T33";40.8599834074266;2;1;8;"S-13";8;"S-4"
1.99594172904666;-1.0956876499451;-377.066317531605;23.5947498353293;"T33";41.0340446629561;2;1;8;"S-13";8;"S-4"
1.80036629105798;-1.26685881296623;-376.923523891796;23.5163621623065;"T33";41.105586651247;2;1;8;"S-13";8;"S-4"
2.03635910838303;-1.471976063515;-376.860838348986;23.4722523982275;"T33";41.140404867474;2;1;8;"S-13";8;"S-4"
2.02557215031553;-1.4861690634959;-376.708592558409;23.3622019859114;"T33";41.2151685915887;2;1;8;"S-13";8;"S-4"
2.6123227298186;-1.87273403933684;-375.875376565721;22.7508686244464;"T33";41.6265170555562;2;1;8;"S-13";8;"S-4"
2.75468083441645;-1.29516182378997;-374.675401787619;21.8906251378183;"T33";42.0858687139116;2;1;8;"S-13";8;"S-4"
2.06735764503777;-1.54068568668319;-373.856896533328;21.5057904431105;"T33";42.3830012325197;2;1;8;"S-13";8;"S-4"
2.28170076857532;-1.5017909251227;-373.781648498209;21.4497123034927;"T33";42.41939940257;2;1;8;"S-13";8;"S-4"
2.04309292745779;-1.4496239531554;-373.628116837519;21.3486594143852;"T33";42.486687656492;2;1;8;"S-13";8;"S-4"
2.05068342166214;-1.45023627423984;-373.599297329583;21.3282112749685;"T33";42.5007934798487;2;1;8;"S-13";8;"S-4"
2.14299001504972;-1.1039064543289;-372.988627541602;20.8963476978037;"T33";42.798581905663;2;1;8;"S-13";8;"S-4"
2.2653456789326;-1.14189804624499;-372.840186482465;20.8198820856828;"T33";42.8678501048125;2;1;8;"S-13";8;"S-4"
2.25960316543534;-1.1395357369574;-372.647364249023;20.7226857356128;"T33";42.952968343161;2;1;8;"S-13";8;"S-4"
1.94398845648538;-1.0789642960701;-372.278143332584;20.5364847090119;"T33";43.116369121708;2;1;8;"S-13";8;"S-4"
2.45072466425914;-1.2208100087261;-371.95532307927;20.357311048689;"T33";43.2824299088679;2;1;8;"S-13";8;"S-4"
1.91934817204427;-1.60304958055431;-371.257211496707;20.0095520288244;"T33";43.5672891559079;2;1;8;"S-13";8;"S-4"
1.81907904351996;-1.68356800920015;-371.137438387779;19.909516905012;"T33";43.6296921689063;2;1;8;"S-13";8;"S-4"
2.23911348175399;-2.01572192332688;-370.758758116326;19.5590461582882;"T33";43.837863591034;2;1;8;"S-13";8;"S-4"
2.40670552022827;-1.93639482598252;-370.707002008661;19.5124536466812;"T33";43.860978144221;2;1;8;"S-13";8;"S-4"
2.5719913479876;-1.53024842122078;-370.21834816762;19.1192909761613;"T33";44.0640166285448;2;1;8;"S-13";8;"S-4"
2.08443733362409;-1.92844877609818;-369.77159061721;18.8534852467922;"T33";44.237717660144;2;1;8;"S-13";8;"S-4"
2.12720511894597;-2.00823048802562;-369.711919856152;18.798279938254;"T33";44.2663444555365;2;1;8;"S-13";8;"S-4"
2.75060282000672;-1.63833087486104;-368.745213811548;17.8856417848189;"T33";44.7207933641039;2;1;8;"S-13";8;"S-4"
2.63184123576215;-1.61205774585455;-368.716239976833;17.8683842121763;"T33";44.7313269949518;2;1;8;"S-13";8;"S-4"
2.36741638318167;-1.38673900015337;-367.732256564903;17.2656738132971;"T33";45.1052034273744;2;1;8;"S-13";8;"S-4"
2.41902273802053;-0.899335597155064;-367.283224315773;17.0026484593209;"T33";45.2948752790689;2;1;8;"S-13";8;"S-4"
2.27288214294242;-1.53206169352026;-366.543808959234;16.7277512701514;"T33";45.6005422514863;2;1;8;"S-13";8;"S-4"
2.34832937599624;-1.49140300931209;-366.508786674513;16.7041441064419;"T33";45.6159510067664;2;1;8;"S-13";8;"S-4"
2.33306179789345;-1.55192422190555;-366.358098917345;16.6084436579429;"T33";45.6801190739498;2;1;8;"S-13";8;"S-4"
2.46674728158556;-1.4853101928979;-366.35222504325;16.6045364286133;"T33";45.6826367415488;2;1;8;"S-13";8;"S-4"
3.32886890122935;-1.25044110949718;-365.840119813561;16.2961809180298;"T33";45.8902401849627;2;1;8;"S-13";8;"S-4"
3.35154581772151;-1.28371166746801;-365.765028678761;16.2679740271314;"T33";45.912797737401;2;1;8;"S-13";8;"S-4"
3.10228250388912;-1.16669224964844;-365.644343901208;16.2217492504293;"T33";45.9488064283505;2;1;8;"S-13";8;"S-4"
2.6826254028556;-1.62923111585828;-365.143963772822;16.0335685747705;"T33";46.1101006134413;2;1;8;"S-13";8;"S-4"
2.47151694642199;-1.99238205734062;-364.615174930154;15.7124207785571;"T33";46.3072167825885;2;1;8;"S-13";8;"S-4"
2.36320387502429;-2.05256869020957;-364.475579051117;15.5998873301928;"T33";46.3636986445636;2;1;8;"S-13";8;"S-4"
2.48811184412766;-1.74160680080667;-363.951885480826;15.1450315147452;"T33";46.585301856976;2;1;8;"S-13";8;"S-4"
2.72470357648919;-1.62129739421362;-363.763963131907;15.0134912700116;"T33";46.6608299524523;2;1;8;"S-13";8;"S-4"
2.70955392996906;-1.23878446161082;-363.584909918896;14.9069481178735;"T33";46.7265447019599;2;1;8;"S-13";8;"S-4"
2.03774729459066;-1.01480314375416;-363.085279005809;14.6785212152657;"T33";46.9109407044016;2;1;8;"S-13";8;"S-4"
2.08043499663343;-1.16057459227436;-363.014225087012;14.6431361896726;"T33";46.9458095612936;2;1;8;"S-13";8;"S-4"
1.79913969018309;-1.39093305028162;-362.790967959806;14.5185917795858;"T33";47.0531222759746;2;1;8;"S-13";8;"S-4"
1.75417157436524;-1.36649206913134;-362.732281084255;14.4732203638656;"T33";47.0857416861691;2;1;8;"S-13";8;"S-4"
1.67317315962607;-1.46456249002029;-362.642667025647;14.4034113998166;"T33";47.1368279424496;2;1;8;"S-13";8;"S-4"
1.57129601027924;-1.54855267255963;-362.402770286619;14.1934249059285;"T33";47.2802062518895;2;1;8;"S-13";8;"S-4"
1.52241645680145;-1.73361268028541;-362.35497753691;14.1463239206226;"T33";47.310622385703;2;1;8;"S-13";8;"S-4"
1.77917469487095;-1.61764778145944;-362.169377500435;13.9349766409363;"T33";47.4325338611379;2;1;8;"S-13";8;"S-4"
1.70237067152317;-1.67420057700525;-362.155544570754;13.9223995690651;"T33";47.4403087748215;2;1;8;"S-13";8;"S-4"
1.76293494427723;-1.90709796287443;-362.010373717165;13.779630940053;"T33";47.5255844765343;2;1;8;"S-13";8;"S-4"
2.59739064212076;-1.85922068586084;-361.656419595385;13.3967324180237;"T33";47.7263599634171;2;1;8;"S-13";8;"S-4"
2.63205844822989;-1.83147515759033;-361.041163339101;12.9563299848128;"T33";47.9632347123697;2;1;8;"S-13";8;"S-4"
2.75425548437211;-1.77680611309853;-361.028459868123;12.9474904806873;"T33";47.9680611519143;2;1;8;"S-13";8;"S-4"
2.88155752631802;-1.62483675633153;-360.593610212224;12.6669632996529;"T33";48.125943983905;2;1;8;"S-13";8;"S-4"
2.81293970402205;-0.997522158746644;-359.263399564015;11.916891459985;"T33";48.5875730286352;2;1;8;"S-13";8;"S-4"
2.26907247888973;-1.06184923939695;-358.804876618409;11.7542904636388;"T33";48.7505779252388;2;1;8;"S-13";8;"S-4"
3.24708466969951;-0.691458345822621;-358.250664996469;11.4949381535226;"T33";48.9948238129728;2;1;8;"S-13";8;"S-4"
2.40061704251855;-1.06084912867188;-357.125312479131;11.255297223501;"T33";49.3413970107213;2;1;8;"S-13";8;"S-4"
1.82058897619583;-1.31252847287713;-356.945088597079;11.1756550544856;"T33";49.4164709933102;2;1;8;"S-13";8;"S-4"
1.96977947014625;-1.25692602497257;-356.715851703668;11.0103898828466;"T33";49.5423845830373;2;1;8;"S-13";8;"S-4"
2.16113996501134;-1.46644876441147;-356.557776889954;10.9095215621737;"T33";49.6226345887408;2;1;8;"S-13";8;"S-4"
2.30577120983;-1.51638426094652;-356.491839579847;10.8647795794697;"T33";49.653145018965;2;1;8;"S-13";8;"S-4"
2.11973219369032;-1.68738163418264;-356.174165129164;10.6558618277571;"T33";49.7909186407924;2;1;8;"S-13";8;"S-4"
2.0695461511173;-1.59597839819844;-356.112204811319;10.6065392280955;"T33";49.8201488982886;2;1;8;"S-13";8;"S-4"
1.95056606638736;-1.43914333940748;-355.831862726002;10.3903469426372;"T33";49.9556095572188;2;1;8;"S-13";8;"S-4"
1.90817171037319;-1.38722744116401;-355.745276234641;10.3264627325753;"T33";50;2;1;8;"S-13";8;"S-4"
