"Vx";"Vy";"X";"Y";"Traj";"Time";"TrueMovMode";"TrueTrajClust";"firstEstMovMode";"firstSegment";"finalEstMovMode";"finalSegment"
0;0;0;0;"T35";0;1;2;1;"S-1-NA";2;"S-1"
-0.177268395721022;0.291563015824215;0;0;"T35";0.00537191517651081;1;2;1;"S-1-NA";2;"S-1"
-0.894377564702531;0.929984463331993;-0.00280481391840488;0.00461323069772036;"T35";0.0211943290196359;1;2;1;"S-1-NA";2;"S-1"
-2.219665916487;1.95929853959148;-0.0258998696284804;0.028627745191161;"T35";0.0470168190076947;1;2;7;"S-2-NA";3;"S-2"
-9.4779573017696;7.07290127853859;-0.516574400258396;0.461746028504478;"T35";0.268074648920447;1;2;1;"S-3-NA";2;"S-3"
-9.96468529807613;7.21228210456273;-0.674770325457812;0.579799331128414;"T35";0.284765579272062;1;2;1;"S-3-NA";2;"S-3"
-15.5144102526791;8.84447370568916;-2.80530540298767;2.12184702788593;"T35";0.498574145603925;1;2;1;"S-3-NA";2;"S-3"
-16.438820429066;8.88277060927726;-3.51145792218244;2.52441130757847;"T35";0.544090056791902;1;2;1;"S-3-NA";2;"S-3"
-16.8673102803364;8.86824246838109;-3.87204246219549;2.71925434805139;"T35";0.566024996805936;1;2;4;"S-4-NA";2;"S-3"
-17.8727712882599;8.64247545610633;-4.45674702172268;3.02667157818915;"T35";0.600689952261746;1;2;4;"S-4-NA";2;"S-3"
-18.2746061581059;8.6338860038299;-4.75293563604461;3.1698951884715;"T35";0.617262010928243;1;2;4;"S-4-NA";2;"S-3"
-19.6963767129265;7.76119834675974;-6.25836320188642;3.88113842282904;"T35";0.699640123639256;1;2;4;"S-4-NA";2;"S-3"
-19.8235824343884;7.68747746089735;-6.50387501863187;3.97788037359525;"T35";0.712104944977909;1;2;4;"S-4-NA";2;"S-3"
-22.3586073826084;5.05773686244994;-12.4141849677998;6.26986642967399;"T35";1.01025034673512;1;2;4;"S-4-NA";2;"S-3"
-22.3928886162744;4.01516673418129;-15.7982312526044;7.03537097769902;"T35";1.16160352481529;1;2;4;"S-4-NA";2;"S-3"
-21.9911211577098;3.63743377965941;-20.571173641084;7.89118551019571;"T35";1.3747489778325;1;2;2;"S-5";2;"S-3"
-21.8759473045585;3.21927018453496;-23.072509145339;8.30491804307518;"T35";1.4884919510223;1;2;2;"S-5";2;"S-3"
-21.6120786204829;3.25194254472063;-24.8574156571;8.56758535688321;"T35";1.57008414389566;1;2;2;"S-5";2;"S-3"
-21.5100996932557;3.34452087486973;-25.0460082676587;8.5959626520368;"T35";1.57881040358916;1;2;2;"S-5";2;"S-3"
-21.603606310359;3.37691213857169;-25.3576045922388;8.64441154009181;"T35";1.59329645102844;1;2;2;"S-5";2;"S-3"
-21.660698708035;3.2967753046251;-25.4254517500435;8.65501689400665;"T35";1.59643699880689;1;2;2;"S-5";2;"S-3"
-21.5209596504131;3.44964534965632;-25.7696900279511;8.70741022945762;"T35";1.61232929676771;1;2;2;"S-5";2;"S-3"
-22.1533103182524;3.20857727426777;-26.7327056884896;8.86177427962018;"T35";1.65707709966227;1;2;2;"S-5";2;"S-3"
-22.3505271932131;2.93095330466375;-28.7929188876637;9.16016549772948;"T35";1.75007508369163;1;2;2;"S-5";2;"S-3"
-22.3288633305828;2.84909894240989;-29.4636414597441;9.24812121001123;"T35";1.78008433431387;1;2;2;"S-5";2;"S-3"
-22.2418116959969;1.68032335100798;-36.6077863077507;10.1596936098028;"T35";2.10003545507789;1;2;2;"S-5";2;"S-3"
-22.225172859845;1.60508789991807;-36.9855418872205;10.1882322706742;"T35";2.11701948428527;1;2;2;"S-5";2;"S-3"
-21.9888970934237;1.41662814850326;-38.0499347363428;10.2651020477355;"T35";2.16491080354899;1;2;2;"S-5";2;"S-3"
-21.3322254767723;1.29563195971796;-39.8938053436764;10.3838928626386;"T35";2.24876542342827;1;2;2;"S-5";2;"S-3"
-21.0785735796075;1.53467344103242;-40.9811998526429;10.44993674916;"T35";2.29973968816921;1;2;2;"S-5";2;"S-3"
-21.0586658823823;1.59606440865026;-41.0659483876113;10.4561070588013;"T35";2.30376028921455;1;2;2;"S-5";2;"S-3"
-20.9987712110427;1.47191653621934;-42.3664211246174;10.5546716241707;"T35";2.36551504349336;1;2;2;"S-5";2;"S-3"
-21.0008425245674;1.46796152014422;-42.4018743607111;10.5571567317012;"T35";2.36720339162275;1;2;2;"S-5";2;"S-3"
-20.76830238552;1.9245845492829;-44.0278604717336;10.6708133643091;"T35";2.44462819537148;1;2;2;"S-5";2;"S-3"
-20.7627071186624;1.91732821578472;-44.1878013117173;10.6856349738811;"T35";2.45232939487323;1;2;2;"S-5";2;"S-3"
-20.8784151098726;1.93667051802936;-45.2874014450164;10.7871773377745;"T35";2.50528973992914;1;2;2;"S-5";2;"S-3"
-20.9896052407827;1.88106491082777;-45.7675483709783;10.8317155075033;"T35";2.52828702796251;1;2;2;"S-5";2;"S-3"
-21.1085496140128;2.18510644903245;-46.9149891870541;10.93454786817;"T35";2.58295412641019;1;2;2;"S-5";2;"S-3"
-21.4881331006932;3.06918409005357;-50.2273916050221;11.277439825109;"T35";2.73987643886358;1;2;2;"S-5";2;"S-3"
-21.7643674208595;2.96159252558024;-53.4059299496302;11.7314354919816;"T35";2.88779707625508;1;2;2;"S-5";2;"S-3"
-21.6517178314635;2.91668535533871;-54.247029581064;11.8458883650449;"T35";2.9264427954331;1;2;2;"S-5";2;"S-3"
-21.7995140442111;2.8068640829596;-55.0891592678522;11.9593309724108;"T35";2.96533715445548;1;2;2;"S-5";2;"S-3"
-21.6654477801321;2.828054688413;-55.6019126127248;12.0253521205988;"T35";2.98885847441852;1;2;2;"S-5";2;"S-3"
-21.6385756697942;2.39379821687266;-58.7455539290272;12.4357008774526;"T35";3.13395777484402;1;2;2;"S-5";2;"S-3"
-21.6408554538357;2.53031157875053;-59.1994379714155;12.4859124453449;"T35";3.15493346424773;1;2;2;"S-5";2;"S-3"
-21.6085364368841;2.77937521669477;-60.5555718747971;12.6444755541546;"T35";3.21759891230613;1;2;2;"S-5";2;"S-3"
-21.201789619488;2.60976596453643;-63.3085628920485;12.9985761211912;"T35";3.34500184981152;1;2;2;"S-5";2;"S-3"
-21.4412618030808;2.54667154087025;-66.9394397112253;13.4455072017356;"T35";3.51625516777858;1;2;2;"S-5";2;"S-3"
-21.5006153188729;2.70174905112331;-68.070184588103;13.5798106687785;"T35";3.56899203034118;1;2;2;"S-5";2;"S-3"
-21.5600900739141;2.57627479552632;-69.1289690510308;13.7128566247028;"T35";3.6182364099659;1;2;2;"S-5";2;"S-3"
-21.5744720888982;2.53618487471876;-69.6600671359705;13.7763190038251;"T35";3.64286979893222;1;2;2;"S-5";2;"S-3"
-21.4242824958209;2.52850107652;-70.9409731387462;13.9268957788577;"T35";3.70224117068574;1;2;2;"S-5";2;"S-3"
-21.3271285836061;2.51679018357539;-71.0798486899111;13.9432859184431;"T35";3.70872332714498;1;2;2;"S-5";2;"S-3"
-21.1979445676607;2.49573259880749;-71.861599920041;14.0355394918332;"T35";3.7453785771504;1;2;2;"S-5";2;"S-3"
-21.374861235115;2.55836950338468;-73.3617851914394;14.2121632807166;"T35";3.81614889483899;1;2;2;"S-5";2;"S-3"
-21.2416688788715;2.32673430652208;-75.4088279418433;14.4571750114199;"T35";3.91191759845242;1;2;2;"S-5";2;"S-3"
-21.5554570050253;2.19494016771806;-79.1924089644946;14.8716145649742;"T35";4.09003830282018;1;2;2;"S-5";2;"S-3"
-21.5919605266862;2.17938550902319;-80.9506174182595;15.0506486887921;"T35";4.17160504730418;1;2;2;"S-5";2;"S-3"
-21.6918818345618;2.27565689660085;-81.4037074226054;15.0963813488039;"T35";4.19258924666792;1;2;2;"S-5";2;"S-3"
-21.8133135851958;1.97751872110809;-83.8715777720373;15.355281255388;"T35";4.30635855300352;1;2;2;"S-5";2;"S-3"
-21.7192530795136;2.118277748935;-84.7488613276843;15.434812714386;"T35";4.34657635632902;1;2;2;"S-5";2;"S-3"
-21.2740650173568;2.3059481761968;-89.0639580671826;15.8556638999364;"T35";4.54525246750563;1;2;2;"S-5";2;"S-3"
-20.6084848008452;2.15140480912896;-92.9323728618707;16.274970883971;"T35";4.72708959132433;1;2;2;"S-5";2;"S-3"
-20.6395828026569;2.16081407115935;-93.2498188783796;16.3081103841893;"T35";4.74249324761331;1;2;2;"S-5";2;"S-3"
-20.6224194481876;2.3368195371919;-95.4460943286315;16.5380444357843;"T35";4.84890409279615;1;2;2;"S-5";2;"S-3"
-20.9259402406384;2.50488759103818;-97.79160486487;16.8038248336441;"T35";4.96264004614204;1;2;2;"S-5";2;"S-3"
-20.5100078948867;2.74704087992399;-98.910200626211;16.9377235550277;"T35";5.01609502825886;1;2;2;"S-5";2;"S-3"
-20.2913765477505;2.74824232271388;-102.111160807749;17.3664493029045;"T35";5.1721632364206;1;2;2;"S-5";2;"S-3"
-20.1339594493827;2.79586273836303;-102.46343950359;17.4141615524418;"T35";5.18952424172312;1;2;2;"S-5";2;"S-3"
-20.5033089590001;2.7517005419137;-104.409617375091;17.684413720518;"T35";5.28618569951504;1;2;2;"S-5";2;"S-3"
-20.5160860371363;2.77048505392522;-104.661477500517;17.7182152715266;"T35";5.29846957651898;1;2;2;"S-5";2;"S-3"
-20.427318509192;3.16482681462814;-106.16828443429;17.9216939507256;"T35";5.37191472249106;1;2;2;"S-5";2;"S-3"
-20.752010740557;3.16293172527397;-107.560589199826;18.1374052519479;"T35";5.44007368152961;1;2;2;"S-5";2;"S-3"
-20.8602943387544;3.27643018722315;-108.156052026762;18.2281631206713;"T35";5.4687679046765;1;2;2;"S-5";2;"S-3"
-20.932425497816;3.29962930329446;-108.903658127373;18.345586161613;"T35";5.50460661761463;1;2;2;"S-5";2;"S-3"
-20.911796883069;3.24410052720526;-109.346364508705;18.4153710486415;"T35";5.52575592882931;1;2;2;"S-5";2;"S-3"
-20.640705545007;3.30706601432725;-111.126992497094;18.6916044219948;"T35";5.61090537812561;1;2;2;"S-5";2;"S-3"
-20.4651442474137;3.47544936110927;-111.845272412896;18.8066876536772;"T35";5.64570457208902;1;2;2;"S-5";2;"S-3"
-20.2330281090189;3.49699183998669;-113.948581597123;19.1638776383733;"T35";5.7484797667712;1;2;2;"S-5";2;"S-3"
-20.7902169265177;3.41953927384308;-115.05097392626;19.3544105115884;"T35";5.8029645588249;1;2;2;"S-5";2;"S-3"
-21.5082032730066;3.24542594140502;-118.303201190655;19.8893312821302;"T35";5.95939521444961;1;2;2;"S-5";2;"S-3"
-21.6044201366786;3.1689101106063;-118.522865717646;19.9224770054273;"T35";5.96960827242583;1;2;2;"S-5";2;"S-3"
-21.6042797530195;3.21018790299086;-118.77697260481;19.9597490950651;"T35";5.9813700732775;1;2;2;"S-5";2;"S-3"
-21.8698508930565;3.06689892719715;-119.591369610871;20.0807606468028;"T35";6.01906616939232;1;2;2;"S-5";2;"S-3"
-21.8024435835232;3.07490291474868;-119.893336757578;20.1231067388183;"T35";6.03287363192067;1;2;2;"S-5";2;"S-3"
-21.9738610862749;2.96320991639776;-122.376142302081;20.4732686817354;"T35";6.14675102988258;1;2;2;"S-5";2;"S-3"
-22.0331587018448;2.94930144409228;-123.099186834883;20.5707723803884;"T35";6.17965578567237;1;2;2;"S-5";2;"S-3"
-21.8434447715805;2.12627957569786;-130.359995632414;21.5426854030111;"T35";6.50919586187229;1;2;2;"S-5";2;"S-3"
-21.8468948390067;1.99969653291754;-131.594900409635;21.6628932197357;"T35";6.56573020387441;1;2;2;"S-5";2;"S-3"
-21.5561293650486;2.29998406887749;-133.935745364229;21.8771561424207;"T35";6.67287792311981;1;2;2;"S-5";2;"S-3"
-21.6034604490462;2.31817573064412;-134.036416015303;21.8878974443378;"T35";6.67754808673635;1;2;2;"S-5";2;"S-3"
-21.5451307732579;2.4809872555873;-134.683626415115;21.9573468478259;"T35";6.7075067316182;1;2;2;"S-5";2;"S-3"
-21.5293233374796;2.40393094923052;-136.543536657512;22.1715211620358;"T35";6.79383297683671;1;2;2;"S-5";2;"S-3"
-21.4899421156757;2.38310557743319;-137.535105640835;22.2822382212737;"T35";6.83988964883611;1;2;2;"S-5";2;"S-3"
-21.3912312799742;2.33950048745498;-137.68466351754;22.2988232920107;"T35";6.84684908483177;1;2;2;"S-5";2;"S-3"
-21.2841576588743;2.33058204872367;-137.831008544609;22.3148286475549;"T35";6.85369044076651;1;2;2;"S-5";2;"S-3"
-21.0904023806015;2.75860173205608;-138.860076660903;22.4275100003802;"T35";6.90203945850953;1;2;2;"S-5";2;"S-3"
-21.2720177763958;2.73527323289272;-139.805766701545;22.5512052308943;"T35";6.946879287716;1;2;2;"S-5";2;"S-3"
-21.3519856996508;2.47496526501866;-140.467421137107;22.6362844032626;"T35";6.9779837387614;1;2;2;"S-5";2;"S-3"
-21.2605338035342;2.42871919307163;-141.213856447068;22.7228056987862;"T35";7.01294232858345;1;2;2;"S-5";2;"S-3"
-20.8852175858188;2.61849690312627;-143.322713020401;22.9637131229563;"T35";7.11213346803561;1;2;2;"S-5";2;"S-3"
-21.0105989309402;2.42320801281074;-144.386911703611;23.0971376824489;"T35";7.16308810515329;1;2;2;"S-5";2;"S-3"
-21.063793383536;2.41848770986511;-144.741588968229;23.1380435505971;"T35";7.179968978744;1;2;2;"S-5";2;"S-3"
-21.4074767401522;2.29048918532593;-147.399805741987;23.4432528013921;"T35";7.30616736691445;1;2;2;"S-5";2;"S-3"
-21.4369774406368;2.29484848643983;-147.508010270804;23.454830125804;"T35";7.31122188735753;1;2;2;"S-5";2;"S-3"
-21.6531075203097;2.41718800479773;-148.929951284276;23.6070502413314;"T35";7.37755311420187;1;2;2;"S-5";2;"S-3"
-21.4299927266305;2.49169641271825;-149.379673871231;23.6572538456711;"T35";7.39832253893837;1;2;2;"S-5";2;"S-3"
-21.6909077096532;2.28979552931301;-150.144583494533;23.7461909997218;"T35";7.43401595391333;1;2;2;"S-5";2;"S-3"
-21.7072677825209;2.29961243427777;-150.515780627757;23.7853763370774;"T35";7.45112898293883;1;2;2;"S-5";2;"S-3"
-21.815781394386;1.96627475412777;-153.69574141523;24.1222532504067;"T35";7.59762189118192;1;2;2;"S-5";2;"S-3"
-21.4919622975815;1.69814723127649;-158.71207067141;24.5743792318926;"T35";7.82756227999926;1;2;2;"S-5";2;"S-3"
-20.6422586214051;2.1394450300871;-161.241002594626;24.7741980610918;"T35";7.94523101067171;1;2;2;"S-5";2;"S-3"
-20.7856121629413;2.20837135286211;-162.786615853619;24.934391510173;"T35";8.0201071803458;1;2;2;"S-5";2;"S-3"
-20.7347749341544;2.21988863098511;-163.291041010515;24.987984257763;"T35";8.04437517654151;1;2;2;"S-5";2;"S-3"
-20.878113975801;2.71576165382356;-167.005646051355;25.385674106095;"T35";8.22352373506874;1;2;2;"S-5";2;"S-3"
-20.9557396809755;2.69332080935255;-167.216468969737;25.4130973109952;"T35";8.23362153023481;1;2;2;"S-5";2;"S-3"
-20.9818675712766;2.69908850008991;-167.45632692351;25.443924875568;"T35";8.24506746139377;1;2;2;"S-5";2;"S-3"
-21.3813500228161;2.47211239253194;-169.024961606848;25.645712624931;"T35";8.31982890376821;1;2;2;"S-5";2;"S-3"
-21.7562679508402;2.19531236214176;-171.739641612367;25.9595840164119;"T35";8.44679375877604;1;2;2;"S-5";2;"S-3"
-21.8325305825422;1.96182964440379;-172.353160123185;26.0214909930241;"T35";8.47499337978661;1;2;2;"S-5";2;"S-3"
-22.3314094428879;1.75341062447996;-174.432833532283;26.2083664873339;"T35";8.57024909928441;1;2;2;"S-5";2;"S-3"
-22.3387564626474;1.54373452799039;-175.220467040869;26.2702096488989;"T35";8.60551930963993;1;2;2;"S-5";2;"S-3"
-22.2578314454205;1.53471701757081;-176.20800310916;26.3384539815145;"T35";8.64972660783678;1;2;2;"S-5";2;"S-3"
-21.579225207689;1.93436689508313;-180.577839474029;26.6397619615669;"T35";8.84605464525521;1;2;2;"S-5";2;"S-3"
-21.5454151686934;2.02217136989287;-183.749303316577;26.9240527369276;"T35";8.99302302859724;1;2;2;"S-5";2;"S-3"
-21.7278208055509;2.11853647506418;-184.607842979479;27.0046320301389;"T35";9.03287093387917;1;2;2;"S-5";2;"S-3"
-21.7205404398659;2.23174759062909;-185.071929494868;27.0498820448199;"T35";9.05423002550378;1;2;2;"S-5";2;"S-3"
-21.5529102380722;2.06768505157961;-187.554089071868;27.3049196057343;"T35";9.16850708890706;1;2;2;"S-5";2;"S-3"
-21.2424041451719;2.23408110796331;-188.719199344132;27.4166948169143;"T35";9.2225652304478;1;2;2;"S-5";2;"S-3"
-21.2741156621252;2.24139509014021;-188.767927663567;27.4218196143302;"T35";9.22485914779827;1;2;2;"S-5";2;"S-3"
-21.2951357648503;2.31178871806823;-189.353982003634;27.4835650396745;"T35";9.2524069128558;1;2;2;"S-5";2;"S-3"
-21.5297231126738;2.43548850314772;-190.225611190665;27.5781886449508;"T35";9.29333781823516;1;2;2;"S-5";2;"S-3"
-21.5982451597191;2.34665475936321;-190.702306450028;27.6321134361619;"T35";9.31547908112407;1;2;2;"S-5";2;"S-3"
-21.7658656849116;2.43720523050849;-191.452311601217;27.7136016841455;"T35";9.35020436299965;1;2;2;"S-5";2;"S-3"
-21.5529231897284;2.59433198428626;-191.956768645715;27.7700876225048;"T35";9.3733808840625;1;2;2;"S-5";2;"S-3"
-21.3800228838957;2.66284180188729;-192.265724499496;27.8072767335197;"T35";9.38771563814953;1;2;2;"S-5";2;"S-3"
-21.3396470027083;2.66844475383755;-192.380277244535;27.8215440633381;"T35";9.39307357184589;1;2;2;"S-5";2;"S-3"
-21.7756695437181;2.28227307958641;-194.837962981358;28.1288686695125;"T35";9.50824350584298;1;2;2;"S-5";2;"S-3"
-21.6520078241108;2.13514539198804;-196.729746409588;28.3271434634052;"T35";9.59511952241883;1;2;2;"S-5";2;"S-3"
-21.5114270568848;2.18326755264215;-198.794643541824;28.5307668701875;"T35";9.69048698898405;1;2;2;"S-5";2;"S-3"
-21.5364705066615;2.19266977680206;-201.638753825749;28.8194252508058;"T35";9.82270091772079;1;2;2;"S-5";2;"S-3"
-21.5196437195993;2.01980989472502;-202.039974306318;28.8602742850664;"T35";9.84133073361591;1;2;2;"S-5";2;"S-3"
-21.0778834834267;2.03203942070942;-203.515311437302;28.9987477920651;"T35";9.90988842677325;1;2;2;"S-5";2;"S-3"
-21.0408724961086;1.93005154524565;-203.873559663741;29.0332851553206;"T35";9.92688483092934;1;2;2;"S-5";2;"S-3"
-20.9505995135222;2.10974012701854;-204.647973525481;29.1043211197649;"T35";9.96369004715234;1;2;2;"S-5";2;"S-3"
-21.1316598490554;2.18692404665371;-209.102339526741;29.552878913408;"T35";10.1763028651476;1;2;2;"S-5";2;"S-3"
-21.2341742830073;2.37575676295643;-210.025059865037;29.6483716153808;"T35";10.2199681685306;1;2;2;"S-5";2;"S-3"
-21.2114801812842;2.59529153643533;-214.092674161381;30.1034711188906;"T35";10.4115279740654;1;2;2;"S-5";2;"S-3"
-21.4357643867324;2.48750500366669;-214.358797294798;30.1360321240588;"T35";10.4240741580725;1;2;2;"S-5";2;"S-3"
-21.7723382118358;2.26073407807463;-214.982720537144;30.2084350558712;"T35";10.45318080578;1;2;2;"S-5";2;"S-3"
-21.7847769316263;2.23488981710316;-215.060407315347;30.2165016744029;"T35";10.4567489470355;1;2;2;"S-5";2;"S-3"
-21.5637005701773;2.59168458549613;-216.271720385142;30.3407697012689;"T35";10.5123525951058;1;2;2;"S-5";2;"S-3"
-21.6966440562956;2.59747485613566;-216.878947269389;30.4137507070419;"T35";10.5405122740194;1;2;2;"S-5";2;"S-3"
-21.9229350312593;2.62917883651964;-220.521689743134;30.8498518827989;"T35";10.708406555932;1;2;2;"S-5";2;"S-3"
-21.7303994899604;2.37128737877457;-222.933650024678;31.1391140147954;"T35";10.8184265089221;1;2;2;"S-5";2;"S-3"
-22.0974725086097;2.20644745915785;-224.616288904165;31.3227286943049;"T35";10.8958589960821;1;2;2;"S-5";2;"S-3"
-22.014015754214;2.03569368504147;-225.690609313793;31.4300003081612;"T35";10.9444763395004;1;2;2;"S-5";2;"S-3"
-21.7914396641659;1.97126420723006;-226.097347620114;31.467612464475;"T35";10.9629526734352;1;2;2;"S-5";2;"S-3"
-21.4915713574256;2.04604489152965;-226.883746542514;31.5387504926283;"T35";10.9990401891991;1;2;2;"S-5";2;"S-3"
-21.4428385143561;2.17468059161076;-227.141294587876;31.5632696333544;"T35";11.0110238660127;1;2;2;"S-5";2;"S-3"
-21.5183730051047;2.16599033764994;-227.206348261865;31.5698672189373;"T35";11.0140576842241;1;2;2;"S-5";2;"S-3"
-21.3125916258545;2.11439999655235;-231.657463873326;32.0179063622266;"T35";11.2209095503204;1;2;2;"S-5";2;"S-3"
-21.2666191481838;2.18801737757696;-234.789916920263;32.3286737633909;"T35";11.3678861875087;1;2;2;"S-5";2;"S-3"
-21.3395520577099;2.54155391521836;-237.336684018935;32.5906980480084;"T35";11.4876403938979;1;2;2;"S-5";2;"S-3"
-21.2379910961938;2.55818122992324;-237.522883338004;32.6128745026552;"T35";11.4963659434579;1;2;2;"S-5";2;"S-3"
-21.435360903852;2.48225739723;-241.281255098746;33.0655819197483;"T35";11.6733305039816;1;2;2;"S-5";2;"S-3"
-21.5073534782448;2.50454051482269;-241.554641377826;33.0972405942438;"T35";11.6860844893381;1;2;2;"S-5";2;"S-3"
-21.601362095899;2.51449146972833;-241.720686171185;33.1165765814754;"T35";11.6938048624434;1;2;2;"S-5";2;"S-3"
-21.7645250739787;2.46597678186622;-242.295392899781;33.1834749168783;"T35";11.7204099777155;1;2;2;"S-5";2;"S-3"
-21.7245070996324;2.55697065536086;-242.837552361094;33.2449029810847;"T35";11.7453202139586;1;2;2;"S-5";2;"S-3"
-21.6249775659042;2.04538614682777;-248.556214792321;33.917988540978;"T35";12.0085557573475;1;2;2;"S-5";2;"S-3"
-21.4051321641753;2.28725400420812;-252.340582962191;34.2759308419842;"T35";12.1835556230508;1;2;2;"S-5";2;"S-3"
-21.3781896631832;2.46948084494611;-253.663409021646;34.4172819524634;"T35";12.2453551040962;1;2;2;"S-5";2;"S-3"
-21.5565872771219;2.31412166429828;-254.218926132175;34.4814519727086;"T35";12.2713403310627;1;2;2;"S-5";2;"S-3"
-21.6043740191761;2.27271367646593;-259.723487025625;35.072372207541;"T35";12.5266943359748;1;2;2;"S-5";2;"S-3"
-21.8651988008963;2.19966193811381;-260.904288234653;35.1965888617501;"T35";12.5813499907963;1;2;2;"S-5";2;"S-3"
-22.6297079208783;2.05234479292262;-262.935082781524;35.4008889236686;"T35";12.6742279273458;1;2;2;"S-5";2;"S-3"
-22.5440602617069;2.04151991571747;-263.134238372924;35.4189508422059;"T35";12.6830285531469;1;2;2;"S-5";2;"S-3"
-22.5493159097174;2.05318824063602;-263.194625158343;35.4244192815042;"T35";12.6857071649283;1;2;2;"S-5";2;"S-3"
-22.4208252679644;1.99679883613093;-263.515904955155;35.4536728474843;"T35";12.6999550382607;1;2;2;"S-5";2;"S-3"
-21.8931061222461;2.14533850554203;-265.072317511274;35.5922869592956;"T35";12.7693732036278;1;2;2;"S-5";2;"S-3"
-21.4899007350712;2.32052349328409;-266.485385545459;35.7307556282803;"T35";12.8339171758853;1;2;2;"S-5";2;"S-3"
-21.4743827478087;2.31946799360321;-266.545374347147;35.7372333419454;"T35";12.8367086639628;1;2;2;"S-5";2;"S-3"
-21.4578773161751;2.28078574029279;-266.925312319439;35.7782707946458;"T35";12.8544012783095;1;2;2;"S-5";2;"S-3"
-21.6241650983909;2.29838247353584;-269.000006341739;35.9987927256742;"T35";12.9510881030001;1;2;2;"S-5";2;"S-3"
-21.3061172949742;2.40605918202506;-269.934199036678;36.0980859056506;"T35";12.994289433118;1;2;2;"S-5";2;"S-3"
-21.3460167035015;2.35079451334864;-270.240544394695;36.1326809025391;"T35";13.0086677148938;1;2;2;"S-5";2;"S-3"
-21.1708208415916;2.50544593027675;-274.208162955024;36.569626871065;"T35";13.1945393281057;1;2;2;"S-5";2;"S-3"
-20.8660987770047;2.85774228192264;-275.34909576697;36.7046497637436;"T35";13.2484310888685;1;2;2;"S-5";2;"S-3"
-21.1792842100702;2.99001397486822;-277.543726400207;37.0052181076792;"T35";13.3536079432815;1;2;2;"S-5";2;"S-3"
-21.0370574632904;2.82643551340458;-278.324334436128;37.1154214985563;"T35";13.3904650923796;1;2;2;"S-5";2;"S-3"
-21.0488314991064;2.80764162229023;-279.240990663676;37.2385789182499;"T35";13.4340384975076;1;2;2;"S-5";2;"S-3"
-21.2275659939604;2.72952418250714;-279.402694703437;37.2601481437219;"T35";13.4417208260857;1;2;2;"S-5";2;"S-3"
-21.2908028705681;2.48657479751865;-279.93951230369;37.3291742686154;"T35";13.4670095285401;1;2;2;"S-5";2;"S-3"
-21.2315258657986;2.7017855649014;-280.630533251383;37.4098793168721;"T35";13.4994658408687;1;2;2;"S-5";2;"S-3"
-21.7895451825421;2.7743997273996;-282.016712560961;37.5862754587535;"T35";13.564754568506;1;2;2;"S-5";2;"S-3"
-21.7019507021205;2.71629313858044;-283.367527016824;37.758270754053;"T35";13.6267482652329;1;2;2;"S-5";2;"S-3"
-21.8306557965241;2.7099479222005;-284.018499796187;37.8397488164751;"T35";13.6567443143576;1;2;2;"S-5";2;"S-3"
-21.6447883352515;2.88702945075343;-284.948400306701;37.9551819935544;"T35";13.6993404012173;1;2;2;"S-5";2;"S-3"
-21.614475451615;2.69536218503022;-286.327289149327;38.13910121865;"T35";13.763045752421;1;2;2;"S-5";2;"S-3"
-21.6455465441225;2.60939932691062;-286.573444168488;38.1697971720071;"T35";13.7744341860525;1;2;2;"S-5";2;"S-3"
-21.2280323502479;2.62902098075443;-287.820920784671;38.3201821316093;"T35";13.8320662081242;1;2;2;"S-5";2;"S-3"
-21.3417869436921;2.92284070303644;-289.080024280712;38.4761178986845;"T35";13.8913794537075;1;2;2;"S-5";2;"S-3"
-21.4301442833804;2.62468204201452;-290.659122574094;38.6923815498103;"T35";13.9653703663498;1;2;2;"S-5";2;"S-3"
-21.5222732401025;2.58606216306363;-291.341556370172;38.7759634289496;"T35";13.9972149394453;1;2;2;"S-5";2;"S-3"
-21.5795043798485;2.64580710885365;-291.510366691217;38.7962472520903;"T35";14.0050584566779;1;2;2;"S-5";2;"S-3"
-21.698265701275;2.606967401605;-292.685081706625;38.9402760158624;"T35";14.0594950644299;1;2;2;"S-5";2;"S-3"
-21.8728395478589;2.54996706297387;-294.352765766894;39.1406421668328;"T35";14.1363530070521;1;2;2;"S-5";2;"S-3"
-21.5666917739341;2.26938155585102;-299.614206618363;39.7540285013174;"T35";14.376899774652;1;2;2;"S-5";2;"S-3"
-21.5015221202137;2.09047879691721;-299.975642771086;39.7920610631588;"T35";14.3936587730423;1;2;2;"S-5";2;"S-3"
-22.0255183544387;1.99142604336681;-302.109982710421;39.9995715995594;"T35";14.4929233705625;1;2;2;"S-5";2;"S-3"
-22.0693823625921;2.2693478576351;-303.847576520166;40.1566752604056;"T35";14.5718134008348;1;2;2;"S-5";2;"S-3"
-22.0634578089646;2.25033401194605;-304.056401997506;40.178148342064;"T35";14.5812756265514;1;2;2;"S-5";2;"S-3"
-21.8506911148011;1.95972774290727;-305.216170195377;40.2964374082765;"T35";14.6338407415897;1;2;2;"S-5";2;"S-3"
-21.4858936656667;1.86977798381422;-308.498648743626;40.5908337842403;"T35";14.7840638412163;1;2;2;"S-5";2;"S-3"
-21.504922236263;2.07460781412441;-309.084886686536;40.641850270498;"T35";14.8113486240618;1;2;2;"S-5";2;"S-3"
-21.4669911216057;2.23288920220177;-309.930529255041;40.7234305087943;"T35";14.8506718338467;1;2;2;"S-5";2;"S-3"
-21.6831786836173;2.11032597646908;-310.310398677399;40.7629426288965;"T35";14.868367346935;1;2;2;"S-5";2;"S-3"
-21.6245212538091;2.15788259482991;-310.391686226494;40.7708539793919;"T35";14.8721162229776;1;2;2;"S-5";2;"S-3"
-21.5403754736914;1.93238857462933;-311.184564020634;40.8499742138572;"T35";14.9087819037959;1;2;2;"S-5";2;"S-3"
-21.6158127031261;1.97110923104924;-311.38331724949;40.8678043797742;"T35";14.9180089123547;1;2;2;"S-5";2;"S-3"
-21.2566764268368;2.38745149222768;-315.458291333195;41.2393943423166;"T35";15.1065271114931;1;2;2;"S-5";2;"S-3"
-21.5495586178005;2.37844196333091;-316.282615436994;41.3319786095923;"T35";15.1453066500835;1;2;2;"S-5";2;"S-3"
-21.3900613631516;2.36231948138849;-316.594174002489;41.3663655768313;"T35";15.1597644202411;1;2;2;"S-5";2;"S-3"
-21.3440981887872;2.29156701906903;-316.860373226515;41.3957646328776;"T35";15.1722094160505;1;2;2;"S-5";2;"S-3"
-21.084576402668;2.53080027616425;-317.249546685335;41.4375474739722;"T35";15.1904427213594;1;2;2;"S-5";2;"S-3"
-21.1276881705715;2.50126346593176;-317.499794776329;41.4675849727438;"T35";15.2023114962503;1;2;2;"S-5";2;"S-3"
-21.2893912343948;2.49173732253452;-318.214204337676;41.5521624485701;"T35";15.2361253974959;1;2;2;"S-5";2;"S-3"
-21.3822594293054;2.57039367097124;-319.064671186269;41.6517021660231;"T35";15.2760733151808;1;2;2;"S-5";2;"S-3"
-21.7931551492132;2.69781604970782;-319.630205886117;41.7196859456611;"T35";15.3025220963173;1;2;2;"S-5";2;"S-3"
-21.6057102736954;2.9632289436381;-321.686195155501;41.9742007605648;"T35";15.396863152273;1;2;2;"S-5";2;"S-3"
-21.5294276606656;2.93998349322729;-322.442377129944;42.0779113206409;"T35";15.4318623244762;1;2;2;"S-5";2;"S-3"
-21.6874552905009;2.94744003676589;-322.849700962273;42.1335340414266;"T35";15.4507817234844;1;2;2;"S-5";2;"S-3"
-22.0053827298399;2.5842397645348;-325.903536057325;42.548566404803;"T35";15.5915928538889;1;2;2;"S-5";2;"S-3"
-21.9766036225748;2.51941630174557;-327.648397128013;42.7534771494976;"T35";15.6708853202872;1;2;2;"S-5";2;"S-3"
-21.4003219519256;2.82850340092374;-330.915913668487;43.1280679907246;"T35";15.8195669180714;1;2;2;"S-5";2;"S-3"
-21.3474841215936;2.70721873898833;-333.201584611041;43.4301675595502;"T35";15.9263723646291;1;2;2;"S-5";2;"S-3"
-21.3604968407237;2.69323549509977;-333.275145519856;43.4394963155604;"T35";15.9298182465136;1;2;2;"S-5";2;"S-3"
-21.5715614148984;2.46586408421525;-334.630928957894;43.6104400958582;"T35";15.9932897775434;1;2;2;"S-5";2;"S-3"
-21.7494596403729;2.50133638421149;-338.111556527847;44.0083136827627;"T35";16.1546423798427;1;2;2;"S-5";2;"S-3"
-21.6695025435214;2.62641117032225;-338.590288567365;44.0633711365356;"T35";16.1766535951756;1;2;2;"S-5";2;"S-3"
-21.7520042021563;2.65720685308524;-339.969906240969;44.2305850936373;"T35";16.2403199239634;1;2;2;"S-5";2;"S-3"
-21.2659342960871;2.66949099013539;-341.66567450747;44.4377387433476;"T35";16.3182790973224;1;2;2;"S-5";2;"S-3"
-21.1504059234001;2.79789353913189;-342.394530220923;44.5292312558834;"T35";16.3525524898432;1;2;2;"S-5";2;"S-3"
-21.0907321033442;2.72591134150651;-342.729182666178;44.5735009459227;"T35";16.3683749968186;1;2;2;"S-5";2;"S-3"
-21.4272963689723;2.77660501279935;-343.401748891248;44.6604280327516;"T35";16.4002641802654;1;2;2;"S-5";2;"S-3"
-21.3660584806223;2.78594285988408;-343.439123219926;44.6652710958507;"T35";16.4020084193908;1;2;2;"S-5";2;"S-3"
-21.8689124273936;2.20787187834986;-344.416754941459;44.7927455252908;"T35";16.4477647165768;1;2;2;"S-5";2;"S-3"
-21.912816376327;2.12765251607137;-344.76952075144;44.8283605433712;"T35";16.4638956426643;1;2;2;"S-5";2;"S-3"
-22.0133886546856;2.07634662250845;-345.077566275921;44.8582706117061;"T35";16.4779534214176;1;2;2;"S-5";2;"S-3"
-21.8541545833301;2.10712919352349;-347.154161162424;45.054139173632;"T35";16.5722866891883;1;2;2;"S-5";2;"S-3"
-21.6999681308304;1.97215362010781;-347.676737157374;45.1045247939311;"T35";16.5961986640468;1;2;2;"S-5";2;"S-3"
-21.7122019219686;1.9977197206743;-347.758977631377;45.1119990375589;"T35";16.5999885532074;1;2;2;"S-5";2;"S-3"
-21.6849936416656;2.16167307328952;-348.449124308028;45.1754987982491;"T35";16.6317746741697;1;2;2;"S-5";2;"S-3"
-21.5187792567405;2.17004941417272;-350.263925708565;45.3564076509671;"T35";16.7154639493674;1;2;2;"S-5";2;"S-3"
-21.6356195006269;2.10934726720608;-350.424633885338;45.3726141783308;"T35";16.7229322250932;1;2;2;"S-5";2;"S-3"
-21.4469224906076;2.00531943295567;-351.462375260327;45.4737879364169;"T35";16.7708967113867;1;2;2;"S-5";2;"S-3"
-21.186490089723;2.28950281034462;-355.035878708998;45.8079158707391;"T35";16.9375175144523;1;2;2;"S-5";2;"S-3"
-21.3916518340528;2.36051154387244;-359.376629941192;46.2769960299834;"T35";17.1424004947767;1;2;2;"S-5";2;"S-3"
-21.5495483740162;2.30835498866041;-359.480103319444;46.2884140404177;"T35";17.1472375863232;1;2;2;"S-5";2;"S-3"
-20.4644984070612;2.70126836232672;-362.388914866408;46.6000015284229;"T35";17.282220069319;1;2;2;"S-5";2;"S-3"
-20.7196870880849;2.6420896640674;-362.981575303068;46.6782313904654;"T35";17.3111804877408;1;2;2;"S-5";2;"S-3"
-20.7567630032809;2.55005823130536;-366.070184645236;47.0720782079676;"T35";17.4602468963712;1;2;2;"S-5";2;"S-3"
-20.8432339897709;2.41320058807777;-366.507928054133;47.1258568815922;"T35";17.4813360907137;1;2;2;"S-5";2;"S-3"
-21.0442949315445;2.5636792575882;-367.404147351994;47.2296199030938;"T35";17.5243341829628;1;2;2;"S-5";2;"S-3"
-21.0060880146416;2.58169248439027;-367.63013809688;47.2571507748553;"T35";17.5350729958154;1;2;2;"S-5";2;"S-3"
-20.8587944429702;2.28851800559414;-370.224222645169;47.5759692325102;"T35";17.6585650304332;1;2;2;"S-5";2;"S-3"
-21.0838575354758;2.46978129993801;-371.532609109568;47.7195185632368;"T35";17.7212909213267;1;2;2;"S-5";2;"S-3"
-21.1353664465864;2.48757065918037;-372.087590782314;47.7845295961965;"T35";17.7476135082543;1;2;2;"S-5";2;"S-3"
-20.7506289150408;3.02025437429736;-375.295566225208;48.1620988996332;"T35";17.8993958514184;1;2;2;"S-5";2;"S-3"
-21.0404428645932;3.04934054799209;-378.187578758278;48.5830313706098;"T35";18.038765725214;1;2;2;"S-5";2;"S-3"
-20.8952883507275;3.27317823057002;-379.845430090228;48.8232997585705;"T35";18.1175592821091;1;2;2;"S-5";2;"S-3"
-21.1755583740478;3.21961979594015;-381.206488750953;49.0365051235332;"T35";18.1826963904314;1;2;2;"S-5";2;"S-3"
-21.1865231511091;3.07961618717438;-381.587011255604;49.0943613447072;"T35";18.2006662827916;1;2;2;"S-5";2;"S-3"
-21.4698668478337;3.05109203547337;-382.494801737571;49.2263153346512;"T35";18.2435138267465;1;2;2;"S-5";2;"S-3"
-21.6586948923854;2.6146541640933;-385.061799054453;49.5911124302331;"T35";18.3630766230635;1;2;2;"S-5";2;"S-3"
-21.4952065075323;2.88722250721461;-386.373095261821;49.7494131083668;"T35";18.4236202621832;1;2;2;"S-5";2;"S-3"
-21.5092498427332;2.90092183986315;-387.01791182509;49.8360244602438;"T35";18.4536184184253;1;2;2;"S-5";2;"S-3"
-21.6901891449806;2.89753199044958;-387.308531547229;49.8752199275527;"T35";18.4671298018657;1;2;2;"S-5";2;"S-3"
-21.8033568370051;2.98837740775384;-387.587514702348;49.9124885106596;"T35";18.4799919836223;1;2;2;"S-5";2;"S-3"
-21.4424603317842;2.95836950547566;-388.407227916457;50.0248387541653;"T35";18.5175877180882;1;2;2;"S-5";2;"S-3"
-21.4999024154497;2.76518317460448;-391.074731480761;50.3928684055336;"T35";18.641990586184;1;2;2;"S-5";2;"S-3"
-21.6637331726402;2.78348576505243;-391.24364115626;50.414592513099;"T35";18.649846885819;1;2;2;"S-5";2;"S-3"
-21.4719595962119;2.87902875327481;-391.94911427164;50.5052359104599;"T35";18.6824115924537;1;2;2;"S-5";2;"S-3"
-21.6072469856698;2.19159439212942;-398.017282738465;51.3188752719454;"T35";18.9650205662474;1;2;2;"S-5";2;"S-3"
-21.5723170729141;2.2525000321927;-400.642417974665;51.5851392557862;"T35";19.0865138429217;1;2;2;"S-5";2;"S-3"
-21.4014499468651;2.26329524982637;-401.092175329999;51.6321012234758;"T35";19.1073626629077;1;2;2;"S-5";2;"S-3"
-21.2844820785178;2.42611236163153;-401.495418590746;51.6747459302054;"T35";19.1262045293115;1;2;2;"S-5";2;"S-3"
-20.5143723568785;2.98780381727934;-406.137100690499;52.2038282108751;"T35";19.3442827556282;1;2;2;"S-5";2;"S-3"
-20.5239734768918;2.97103421094367;-406.257394160423;52.2213482832604;"T35";19.3501466186717;1;2;2;"S-5";2;"S-3"
-20.4971166874215;2.97385933822278;-406.595123374712;52.2702376979158;"T35";19.3666019709781;1;2;2;"S-5";2;"S-3"
-20.9192071603551;3.00564571644309;-410.712851520306;52.8676653500476;"T35";19.5674950140528;1;2;2;"S-5";2;"S-3"
-20.856773006826;2.98855371825361;-410.801199679109;52.8803591038322;"T35";19.5717183174565;1;2;2;"S-5";2;"S-3"
-21.090097535856;2.87018029432823;-412.393143970485;53.108467787265;"T35";19.6480457670987;1;2;2;"S-5";2;"S-3"
-21.1293517050832;2.52994016088836;-414.000560704275;53.3272233348036;"T35";19.724262424279;1;2;2;"S-5";2;"S-3"
-21.2885503272931;2.86417925952714;-419.438043250086;53.9782847425923;"T35";19.9816050357185;1;2;2;"S-5";2;"S-3"
-21.4495760994364;2.87418879114486;-420.003339110257;54.0543401175854;"T35";20.0081590213813;1;2;2;"S-5";2;"S-3"
-21.4244890959611;2.67480887890823;-420.64520895364;54.1403490485158;"T35";20.0380836147815;1;2;2;"S-5";2;"S-3"
-21.5090197131927;2.5848643581809;-421.668866865447;54.2681508952344;"T35";20.0858634198084;1;2;2;"S-5";2;"S-3"
-21.5800934896673;2.58069497716703;-422.289783908539;54.3427701180292;"T35";20.114731171634;1;2;2;"S-5";2;"S-3"
-21.6542295017819;2.63050026763438;-422.714067604304;54.3935088603371;"T35";20.1343920547515;1;2;2;"S-5";2;"S-3"
-21.2514479168999;2.3262709629572;-425.690349664764;54.7550599723706;"T35";20.271837816108;1;2;2;"S-5";2;"S-3"
-21.2928528736532;2.34935604874492;-426.030606244193;54.7923058580992;"T35";20.2878487994894;1;2;2;"S-5";2;"S-3"
-21.1954501280235;1.98490712414325;-426.909480520215;54.8892768280632;"T35";20.3291243524291;1;2;2;"S-5";2;"S-3"
-20.9982089399691;2.13087379092164;-428.317250350096;55.0211113655515;"T35";20.3955428441986;1;2;2;"S-5";2;"S-3"
-21.179120317981;2.253416911286;-430.043652144099;55.196304609221;"T35";20.4777594655752;1;2;2;"S-5";2;"S-3"
-21.2920685987265;2.15767700117882;-430.803286650655;55.2771282325711;"T35";20.5136266071349;1;2;2;"S-5";2;"S-3"
-21.2717102383874;2.41279348155473;-431.848568857038;55.3830541253982;"T35";20.5627191695385;1;2;2;"S-5";2;"S-3"
-21.1502031947902;2.52777648222762;-432.012069072874;55.4015995197543;"T35";20.570405444596;1;2;2;"S-5";2;"S-3"
-21.1301336659995;2.68916240783807;-432.395352329615;55.4474077984503;"T35";20.5885274102911;1;2;2;"S-5";2;"S-3"
-21.4088337677388;2.65561352893849;-434.094309926056;55.6636285272481;"T35";20.6689318991266;1;2;2;"S-5";2;"S-3"
-21.69752503187;2.74924688399982;-435.481679213347;55.8357218177531;"T35";20.7337354891934;1;2;2;"S-5";2;"S-3"
-21.503801271669;2.78450099470989;-435.764700702271;55.8715828639041;"T35";20.7467794418335;1;2;2;"S-5";2;"S-3"
-21.2977547262651;2.85190405635632;-436.239266674348;55.933033832717;"T35";20.768848375883;1;2;2;"S-5";2;"S-3"
-21.7853684902768;2.76526858689804;-439.050312278182;56.3094506176417;"T35";20.9008362609893;1;2;2;"S-5";2;"S-3"
-21.9903639093263;2.50156011626184;-441.580355911249;56.6305950676483;"T35";21.0169712547213;1;2;2;"S-5";2;"S-3"
-17.3844040633341;-0.42470756833744;-444.290043008871;56.9388412248702;"T35";21.1401928216219;3;2;1;"S-6-NA";3;"S-4"
-13.7684445188302;-2.29902899406342;-446.63337793714;56.8815926660148;"T35";21.2749880622141;3;2;1;"S-6-NA";3;"S-4"
-13.5970935994708;-2.22528713038529;-446.748462493196;56.8623760630949;"T35";21.2833466357552;3;2;1;"S-6-NA";3;"S-4"
-13.3179730338463;-2.16303440617313;-446.818106893704;56.8509781281598;"T35";21.2884686421603;3;2;1;"S-6-NA";3;"S-4"
-10.6553743673956;-2.61635723126852;-448.559077833609;56.5682188799175;"T35";21.4191920589656;3;2;1;"S-6-NA";3;"S-4"
-9.25163010114433;-2.74896818981752;-449.241490913645;56.4006568276515;"T35";21.4832360856235;3;2;1;"S-6-NA";3;"S-4"
-4.76294622848895;-2.0835743356163;-452.063969882941;55.5620040909772;"T35";21.7883151839487;3;2;7;"S-7-NA";3;"S-4"
-4.78916383155321;-1.74441581366968;-452.230385441708;55.4892047834349;"T35";21.8232548097149;3;2;7;"S-7-NA";3;"S-4"
-4.71039061680847;-1.55038296658528;-452.263230100725;55.4772413709065;"T35";21.8301129294559;3;2;7;"S-7-NA";3;"S-4"
-4.19300920337769;-0.890838454587353;-452.998311236545;55.2352959857472;"T35";21.9861681689508;3;2;7;"S-7-NA";3;"S-4"
-3.39016067105732;-0.0441353895546781;-453.81432004494;55.0619283658492;"T35";22.1807799069211;3;2;7;"S-7-NA";3;"S-4"
-3.28605388460576;0.0656115951684619;-453.988357853235;55.0596626247202;"T35";22.2321160603315;3;2;7;"S-7-NA";3;"S-4"
-2.97435829938104;0.440775077477937;-454.280976408753;55.0655052465632;"T35";22.3211646778509;3;2;7;"S-7-NA";3;"S-4"
-2.78661201684517;1.32004998937834;-454.641182321023;55.1188847566651;"T35";22.4422684172168;3;2;7;"S-7-NA";3;"S-4"
-3.04468345820439;1.45785670344792;-454.757623623652;55.1740443337321;"T35";22.484054393135;3;2;7;"S-7-NA";3;"S-4"
-3.36703911103184;1.52296568281251;-454.824825970404;55.2062221916424;"T35";22.506126423832;3;2;3;"S-8";3;"S-4"
-3.35323687251957;1.74158071651003;-454.962778023366;55.2686201132604;"T35";22.5470977486111;3;2;3;"S-8";3;"S-4"
-3.59648714900994;1.94768575434778;-455.113798695437;55.3470561737812;"T35";22.5921350298449;3;2;3;"S-8";3;"S-4"
-4.09795806798315;2.17996196510371;-455.40172941064;55.5029857041824;"T35";22.672193904873;3;2;3;"S-8";3;"S-4"
-4.18685272213916;2.11818799891377;-455.42514181014;55.5154402338715;"T35";22.6779070915654;3;2;3;"S-8";3;"S-4"
-4.09256874738658;2.08718603584076;-455.574555100807;55.591030530491;"T35";22.7135933935642;3;2;3;"S-8";3;"S-4"
-4.03722060565574;2.15793345851671;-455.602187630273;55.6051229583026;"T35";22.7203452726826;3;2;3;"S-8";3;"S-4"
-4.11149612023309;2.04021804391593;-456.340553009225;55.9997863942362;"T35";22.9032348026522;3;2;3;"S-8";3;"S-4"
-4.05031205680464;2.43643535395972;-456.856389835195;56.2557563791968;"T35";23.0286968755536;3;2;3;"S-8";3;"S-4"
-4.0843604538644;2.45237818281448;-457.020968894017;56.3547576985549;"T35";23.0693305493332;3;2;3;"S-8";3;"S-4"
-4.31700860290166;2.54345518866972;-457.309493974618;56.5279972108001;"T35";23.139971983619;3;2;3;"S-8";3;"S-4"
-4.34335667230505;2.5302750058516;-457.338083041526;56.5448410527413;"T35";23.1465944088995;3;2;3;"S-8";3;"S-4"
-4.36979639722093;2.52758432715278;-457.374500367285;56.5660564066942;"T35";23.1549790129066;3;2;3;"S-8";3;"S-4"
-4.41506605047785;2.61633810567371;-457.587182520929;56.6890763438606;"T35";23.2036499655806;3;2;3;"S-8";3;"S-4"
-4.61091443342129;2.46088294929999;-457.72820095855;56.7726429106419;"T35";23.2355902437121;3;2;3;"S-8";3;"S-4"
-4.72585338552947;2.28974943272028;-457.986583165334;56.9105436191148;"T35";23.2916273293085;3;2;3;"S-8";3;"S-4"
-4.8824933696825;2.38605772688423;-458.2468454852;57.0366447590901;"T35";23.3466993551701;3;2;3;"S-8";3;"S-4"
-4.70304458516051;2.17432693148357;-458.38256016788;57.1029680580159;"T35";23.3744955388829;3;2;3;"S-8";3;"S-4"
-4.67504259084563;2.23975457962274;-458.433098900414;57.1263332898867;"T35";23.3852414996363;3;2;3;"S-8";3;"S-4"
-4.69283169548454;2.10920267735186;-458.974612336243;57.3857656210915;"T35";23.5010721953586;3;2;3;"S-8";3;"S-4"
-4.9011833867358;1.67411128818923;-459.682232005914;57.7038067098553;"T35";23.6518595484085;3;2;3;"S-8";3;"S-4"
-5.03920696541412;1.56307069667168;-459.722961435273;57.717718778038;"T35";23.6601696698926;3;2;3;"S-8";3;"S-4"
-4.9103428978071;1.5134062604649;-459.914890333505;57.7772516447628;"T35";23.6982567934319;3;2;3;"S-8";3;"S-4"
-4.62545185548589;1.74636441733665;-460.375050644841;57.9190766680835;"T35";23.7919692532159;3;2;3;"S-8";3;"S-4"
-4.68875280265414;1.80836563651485;-460.503366825674;57.9675231376124;"T35";23.8197105820291;3;2;3;"S-8";3;"S-4"
-4.51555766222687;1.91244518234879;-460.699417791208;58.0431363857401;"T35";23.861523612868;3;2;3;"S-8";3;"S-4"
-4.63263023942846;1.84311759092058;-460.748211260244;58.0638015708112;"T35";23.8723292481154;3;2;3;"S-8";3;"S-4"
-4.5067868981204;1.83031380186783;-460.787902471452;58.0795929389544;"T35";23.8808969967067;3;2;3;"S-8";3;"S-4"
-4.74291384250518;1.88727408127472;-460.873436114398;58.1143301942865;"T35";23.8998758490197;3;2;3;"S-8";3;"S-4"
-4.68163339558077;1.92531979266173;-460.884314144665;58.1186587200115;"T35";23.9021693821996;3;2;3;"S-8";3;"S-4"
-4.60298317279976;2.17687825359028;-460.98739070816;58.1610489140074;"T35";23.9241866045631;3;2;3;"S-8";3;"S-4"
-4.42059161400044;2.73812885011019;-461.411222640171;58.3614907755862;"T35";24.0162642672658;3;2;3;"S-8";3;"S-4"
-4.46306547886212;2.61780186109463;-461.473363096904;58.3999807769702;"T35";24.0303213126026;3;2;3;"S-8";3;"S-4"
-4.35570291194597;2.72264078547394;-461.609558863459;58.4798661232302;"T35";24.0608375053853;3;2;3;"S-8";3;"S-4"
-4.46086437882991;2.49379205649771;-461.833177739383;58.6196446812036;"T35";24.1121768369339;3;2;3;"S-8";3;"S-4"
-4.43865009478229;2.42500266958551;-462.133442001475;58.7875037703994;"T35";24.1794876172207;3;2;3;"S-8";3;"S-4"
-4.16002531964295;2.30290451230505;-462.246858642568;58.8494675773118;"T35";24.2050396744162;3;2;3;"S-8";3;"S-4"
-4.45914709519022;2.15598848732409;-462.409912342891;58.939730754425;"T35";24.2442350368947;3;2;3;"S-8";3;"S-4"
-4.408095470879;2.21203581376849;-462.461811188594;58.9648237400234;"T35";24.2558737751096;3;2;3;"S-8";3;"S-4"
-4.1114830402414;2.12179236005163;-463.190070797034;59.3302732513221;"T35";24.4210833567195;3;2;3;"S-8";3;"S-4"
-4.09465368670604;2.15592260771043;-463.231718331356;59.3517660847532;"T35";24.4312129216269;3;2;3;"S-8";3;"S-4"
-4.43645310921323;2.32140059101315;-463.564391837437;59.5269257899748;"T35";24.5124587439932;3;2;3;"S-8";3;"S-4"
-4.24742203242125;2.14111627837492;-464.084988215312;59.7993309545349;"T35";24.6298039215617;3;2;3;"S-8";3;"S-4"
-4.12907311095742;2.38537976383606;-464.471435854886;59.994138375487;"T35";24.7207879670896;3;2;3;"S-8";3;"S-4"
-4.1795172807646;2.51790162255651;-465.275308916174;60.4585386129154;"T35";24.9154740478843;3;2;3;"S-8";3;"S-4"
-4.20028673481761;2.59766276617483;-465.324479292179;60.4881607346121;"T35";24.9272386543453;3;2;3;"S-8";3;"S-4"
-4.14941084791666;2.59710342281311;-465.34337280497;60.4998454070639;"T35";24.9317368026823;3;2;3;"S-8";3;"S-4"
-4.02569915855166;2.65515438804125;-465.593922322817;60.6566635757714;"T35";24.9921187525615;3;2;3;"S-8";3;"S-4"
-3.96877053139563;2.62343249892305;-465.658530646638;60.6992760680964;"T35";25.0081677222624;3;2;3;"S-8";3;"S-4"
-3.95008393137044;3.07865515454775;-466.063358949889;60.9668752449276;"T35";25.1101711764932;3;2;3;"S-8";3;"S-4"
-3.97217250765621;3.00494725396946;-466.377124369084;61.2114208145681;"T35";25.1896037720144;3;2;3;"S-8";3;"S-4"
-3.92590432478417;2.96308256938006;-466.502939798877;61.3066001476742;"T35";25.2212779829279;3;2;3;"S-8";3;"S-4"
-4.44461790563372;2.69419228510407;-466.847824984746;61.5669027934206;"T35";25.3091265796684;3;2;3;"S-8";3;"S-4"
-4.57691116472955;2.72299805380452;-466.933345672554;61.6187428350616;"T35";25.3283679834567;3;2;3;"S-8";3;"S-4"
-4.50617296286579;2.66637294815297;-467.359700288978;61.8723992310394;"T35";25.4215213353746;3;2;3;"S-8";3;"S-4"
-4.94237700581142;2.6724623766869;-467.604444419144;62.0172181568264;"T35";25.4758344148286;3;2;3;"S-8";3;"S-4"
-4.89205416570968;2.65609607179239;-467.617575074233;62.0243182185305;"T35";25.4784911638126;3;2;3;"S-8";3;"S-4"
-4.77118990729507;2.61825112109611;-467.672858099178;62.0543336313654;"T35";25.4897917388007;3;2;3;"S-8";3;"S-4"
-4.4952177019051;2.91353719831799;-468.643098618804;62.5867654518548;"T35";25.6931457319297;3;2;3;"S-8";3;"S-4"
-4.89890525365605;2.77202944379347;-468.970012649426;62.7986520059733;"T35";25.765870581381;3;2;3;"S-8";3;"S-4"
-5.28926866144151;2.43063160889511;-469.248634503849;62.9563092669641;"T35";25.8227448910475;3;2;3;"S-8";3;"S-4"
-4.5181505267856;2.46077183127615;-469.867406249409;63.2406597622251;"T35";25.9397311485372;3;2;3;"S-8";3;"S-4"
-4.76398803434146;2.15950381115396;-470.699546561907;63.6938778275652;"T35";26.1239083483815;3;2;3;"S-8";3;"S-4"
-5.13665224144192;1.91593560015934;-471.048067661632;63.8518615667557;"T35";26.1970657738857;3;2;3;"S-8";3;"S-4"
-5.11051531791713;1.89636517800726;-471.137838369375;63.8853454170792;"T35";26.214542274829;3;2;3;"S-8";3;"S-4"
-5.12667573800118;1.84664826521413;-471.261425789823;63.9312051525457;"T35";26.2387252412736;3;2;3;"S-8";3;"S-4"
-5.01525638906501;1.87289088482086;-471.340645290522;63.9597403205598;"T35";26.2541776522994;3;2;3;"S-8";3;"S-4"
-4.74906510795212;1.86112450467416;-471.494418659555;64.0171652493865;"T35";26.2848387705162;3;2;3;"S-8";3;"S-4"
-4.52317195987137;2.11585122973367;-471.612371905345;64.0633902791882;"T35";26.3096759212203;3;2;3;"S-8";3;"S-4"
-4.48092604781501;2.04436519768067;-471.629005562469;64.0711711781223;"T35";26.31335335318;3;2;3;"S-8";3;"S-4"
-4.33595675481449;2.14635277445487;-471.733624506122;64.1189022330736;"T35";26.3367009698413;3;2;3;"S-8";3;"S-4"
-4.280205190067;2.17818131387547;-471.777302309111;64.1405232913382;"T35";26.346774364356;3;2;3;"S-8";3;"S-4"
-4.54017610366449;1.92972883790405;-472.011585384397;64.259749121429;"T35";26.4015107764862;3;2;3;"S-8";3;"S-4"
-4.20126855923657;2.08591909509282;-472.848367882152;64.615410064992;"T35";26.5858169528656;3;2;3;"S-8";3;"S-4"
-3.96422478175024;2.08837852229743;-473.468721748217;64.923414172964;"T35";26.733475655783;3;2;3;"S-8";3;"S-4"
-4.01587232249044;2.29251849111926;-473.586088892958;64.9852439222331;"T35";26.7630822374485;3;2;3;"S-8";3;"S-4"
-3.87270684219876;2.11899662180107;-473.787218073254;65.100061408424;"T35";26.8131657969207;3;2;3;"S-8";3;"S-4"
-4.05881401892734;2.3061071250755;-473.878778667133;65.150159853007;"T35";26.8368083285168;3;2;3;"S-8";3;"S-4"
-4.61440521765968;2.23971465536089;-474.175440823953;65.3187151773928;"T35";26.9098991760984;3;2;3;"S-8";3;"S-4"
-4.74789217226614;2.30390945197851;-474.599880378278;65.5247273166167;"T35";27.0018805982545;3;2;3;"S-8";3;"S-4"
-5.0625224712947;2.22560878421116;-474.787411221297;65.6157264518314;"T35";27.0413783029653;3;2;3;"S-8";3;"S-4"
-4.94329602245227;2.37476519131359;-475.028292412655;65.7216237191481;"T35";27.0889595616609;3;2;3;"S-8";3;"S-4"
-4.99203419303851;2.559663567431;-475.793166834079;66.0890702858665;"T35";27.2436892031692;3;2;3;"S-8";3;"S-4"
-5.05076393705227;2.51355187058548;-475.822250391039;66.1039828682492;"T35";27.2495151963085;3;2;3;"S-8";3;"S-4"
-5.42777012804637;1.87439018329979;-477.011189695127;66.6956677398943;"T35";27.48491311213;3;2;3;"S-8";3;"S-4"
-4.9737085088939;1.81842347488973;-477.233008047016;66.7722690202446;"T35";27.5257804198191;3;2;3;"S-8";3;"S-4"
-4.93840448925109;1.81409795712432;-477.465363007337;66.8572196589079;"T35";27.5724970619194;3;2;3;"S-8";3;"S-4"
-4.53580200121961;1.63076023736666;-478.235179433772;67.1400078366677;"T35";27.7283806935884;3;2;3;"S-8";3;"S-4"
-4.7309256365259;1.1499469249373;-480.141765413671;67.8254840995875;"T35";28.1487222295254;3;2;3;"S-8";3;"S-4"
-4.74939928259389;1.15855335752687;-480.183777895319;67.8356960808766;"T35";28.157602623105;3;2;3;"S-8";3;"S-4"
-4.5905149466454;1.29038607982185;-480.331063030523;67.8716243483797;"T35";28.188613941893;3;2;3;"S-8";3;"S-4"
-4.25617286278815;1.94454686295414;-481.405984431822;68.1737829578734;"T35";28.4227753407322;3;2;3;"S-8";3;"S-4"
-4.30525918000434;2.15707112228018;-481.714194588421;68.3145970442527;"T35";28.4951901994646;3;2;3;"S-8";3;"S-4"
-4.1406574049924;2.18565133832892;-481.85615344641;68.3857229254873;"T35";28.5281635588035;3;2;3;"S-8";3;"S-4"
-4.1958121254885;2.09164621546485;-482.160987543276;68.5466299956979;"T35";28.6017832928337;3;2;3;"S-8";3;"S-4"
-4.30147694916958;2.01873512554906;-482.221866212365;68.5769785036846;"T35";28.616292681545;3;2;3;"S-8";3;"S-4"
-4.33203414881378;2.11248414285286;-482.431363055046;68.6752979042091;"T35";28.6649961490184;3;2;3;"S-8";3;"S-4"
-4.1148105350315;2.28043536035953;-482.739043710556;68.8253360810793;"T35";28.7360206712037;3;2;3;"S-8";3;"S-4"
-4.02046172973254;2.25476543770735;-483.101372638229;69.0261394210418;"T35";28.8240754976869;3;2;3;"S-8";3;"S-4"
-3.88763336504729;2.43482153237575;-483.165536326119;69.0621238615206;"T35";28.8400347810239;3;2;3;"S-8";3;"S-4"
-4.32560703787303;2.19918598487759;-483.572228415039;69.3168347774341;"T35";28.9446465205401;3;2;3;"S-8";3;"S-4"
-4.03051143827858;2.26424276381611;-483.94549972232;69.5066099974997;"T35";29.0309399133548;3;2;3;"S-8";3;"S-4"
-3.8340861896976;2.32506711570304;-484.281629809558;69.6954396607784;"T35";29.1143362992443;3;2;3;"S-8";3;"S-4"
-4.04817080464099;2.21175120091086;-484.327745022896;69.7234048552891;"T35";29.126363992691;3;2;3;"S-8";3;"S-4"
-3.86647889108138;2.13483056595275;-484.452264029118;69.7914368319121;"T35";29.1571233188733;3;2;3;"S-8";3;"S-4"
-4.31925711960361;1.95873912821291;-484.925675798417;70.052825538239;"T35";29.2795633431524;3;2;3;"S-8";3;"S-4"
-4.30229020020344;1.80595711358009;-485.113430155963;70.1379702278084;"T35";29.3230324750766;3;2;3;"S-8";3;"S-4"
-4.32404189643288;1.77654785611973;-485.13937476614;70.148860904896;"T35";29.329062893521;3;2;3;"S-8";3;"S-4"
-3.88029352381792;1.54874409621635;-485.314148735913;70.220667406485;"T35";29.3694820138626;3;2;3;"S-8";3;"S-4"
-3.86459361897657;1.74638098352253;-485.37021836531;70.2430465143984;"T35";29.3839318561368;3;2;3;"S-8";3;"S-4"
-3.59069139992195;2.31533727979562;-485.690909914495;70.3879646295458;"T35";29.4669138151221;3;2;3;"S-8";3;"S-4"
-3.73942389202202;2.15981580606706;-486.489533792063;70.9029305317415;"T35";29.6893288847059;3;2;3;"S-8";3;"S-4"
-4.24354614450878;2.06495942295479;-486.987232134394;71.1903910543941;"T35";29.8224238096736;3;2;3;"S-8";3;"S-4"
-4.38413877482572;1.93963850221499;-487.045149125512;71.2185741428975;"T35";29.8360720626079;3;2;3;"S-8";3;"S-4"
-4.33271336057913;2.25849988663156;-487.318637306345;71.3395712720238;"T35";29.8984533408657;3;2;3;"S-8";3;"S-4"
-3.85533419422166;2.4700822701486;-488.058121551915;71.72503990237;"T35";30.0691279699095;3;2;3;"S-8";3;"S-4"
-3.91999101434366;2.46110386521598;-488.167506249724;71.7951218172112;"T35";30.0975002697669;3;2;3;"S-8";3;"S-4"
-3.80768977830441;2.6581568286382;-488.382008102869;71.9297933860842;"T35";30.1522202556953;3;2;3;"S-8";3;"S-4"
-3.77935339138478;2.66880567880394;-488.388953975895;71.9346423157215;"T35";30.1540444255807;3;2;3;"S-8";3;"S-4"
-3.73424647434832;2.82870039273009;-488.804724996265;72.228240702889;"T35";30.2640555775724;3;2;3;"S-8";3;"S-4"
-4.12233771186604;2.75952696840372;-488.940131325989;72.3308113127021;"T35";30.3003162611276;3;2;3;"S-8";3;"S-4"
-4.3639745857036;2.32714226683072;-489.364915211177;72.6151651596822;"T35";30.403360677883;3;2;3;"S-8";3;"S-4"
-4.40544846322087;2.31833093339417;-489.683912954925;72.7852745674983;"T35";30.4764586617239;3;2;3;"S-8";3;"S-4"
-4.32157191886201;2.40787429989518;-489.892547812911;72.8950669414399;"T35";30.5238170316443;3;2;3;"S-8";3;"S-4"
-4.20261972890881;2.47915843557615;-490.073764576335;72.996036495008;"T35";30.5657500983216;3;2;3;"S-8";3;"S-4"
-4.30504078536235;2.39731620670526;-490.149876213684;73.0409353485681;"T35";30.5838606203906;3;2;3;"S-8";3;"S-4"
-4.0465174872634;2.29707362556328;-490.583645452864;73.2824852150856;"T35";30.6846190709621;3;2;3;"S-8";3;"S-4"
-4.22080233039497;2.35527766604838;-490.671307727113;73.3322481776255;"T35";30.7062827050686;3;2;3;"S-8";3;"S-4"
-4.21268842384777;2.32006529180126;-490.731003544261;73.3655594331356;"T35";30.7204259443097;3;2;3;"S-8";3;"S-4"
-4.18562958274593;2.38370085748869;-490.805442953068;73.4065556501206;"T35";30.7380962301977;3;2;3;"S-8";3;"S-4"
-4.06691278523261;2.13747220275221;-491.531648783388;73.8201272350461;"T35";30.91159601463;3;2;3;"S-8";3;"S-4"
-4.1903458182784;2.18232570585899;-491.621108715427;73.8671452381582;"T35";30.9335930272937;3;2;3;"S-8";3;"S-4"
-4.24414951975434;2.06489311387226;-491.752362175408;73.9355018397662;"T35";30.9649158501998;3;2;3;"S-8";3;"S-4"
-4.30717771396757;2.04281534079304;-492.035691748591;74.0733493123632;"T35";31.031673529651;3;2;3;"S-8";3;"S-4"
-4.74235686249097;2.15335010694691;-492.58801703553;74.3353070592209;"T35";31.1599072185345;3;2;3;"S-8";3;"S-4"
-4.81012561511843;2.07270507579164;-492.651800619978;74.364269111714;"T35";31.173356983345;3;2;3;"S-8";3;"S-4"
-4.77161884671097;2.044862414153;-492.714124643406;74.3911248177891;"T35";31.1863138223998;3;2;3;"S-8";3;"S-4"
-4.78554558303207;1.77221859569979;-493.302206647274;74.6431455312576;"T35";31.3095596269704;3;2;3;"S-8";3;"S-4"
-4.96706860808032;1.91052288873252;-493.515830961851;74.7222564656784;"T35";31.3541991170496;3;2;3;"S-8";3;"S-4"
-4.59588021609633;2.10982657859802;-493.882745967458;74.8633858866192;"T35";31.4280686434358;3;2;3;"S-8";3;"S-4"
-4.36297040906267;1.9667839355375;-494.592294550093;75.1891177133991;"T35";31.5824566059746;3;2;3;"S-8";3;"S-4"
-4.38967365500485;1.84307439576072;-494.756422315271;75.2631048876546;"T35";31.6200749599375;3;2;3;"S-8";3;"S-4"
-4.34346901920467;2.00287378689317;-494.863568677281;75.3080919942008;"T35";31.6444836906157;3;2;3;"S-8";3;"S-4"
-4.65051182480841;1.83515643569236;-495.190247262007;75.4587310274698;"T35";31.7196951364167;3;2;3;"S-8";3;"S-4"
-4.74936232197305;1.87336346559868;-495.950027682681;75.7585509142348;"T35";31.8830707925372;3;2;3;"S-8";3;"S-4"
-4.82054044549758;1.65812269600338;-496.473561397209;75.9650563074468;"T35";31.9933032151312;3;2;3;"S-8";3;"S-4"
-4.84471875065591;1.70352426781028;-496.672170242101;76.0333718494623;"T35";32.0345037500374;3;2;3;"S-8";3;"S-4"
-4.48506702387098;1.82231846851211;-497.020037176693;76.1556905630031;"T35";32.1063070790842;3;2;3;"S-8";3;"S-4"
-4.05700427354698;2.21788922252835;-497.532337494161;76.3638422639647;"T35";32.2205306380056;3;2;3;"S-8";3;"S-4"
-3.81544180254152;2.51945995798894;-497.664452837063;76.4360672791232;"T35";32.2530953912064;3;2;3;"S-8";3;"S-4"
-3.6063672996325;2.69816897595355;-497.787404453207;76.5172562186158;"T35";32.2853201301768;3;2;3;"S-8";3;"S-4"
-3.79505715254728;2.73713423716872;-497.974975143872;76.6575906261515;"T35";32.3373311082833;3;2;3;"S-8";3;"S-4"
-3.57689974692388;3.31112950345843;-498.881841439909;77.3116558187537;"T35";32.5762909604236;3;2;3;"S-8";3;"S-4"
-3.59869574396787;3.5605146539244;-498.984920355649;77.4070757810788;"T35";32.6051089097746;3;2;3;"S-8";3;"S-4"
-3.89274741973351;3.6566510035148;-499.138027717697;77.5585587196155;"T35";32.6476541464217;3;2;3;"S-8";3;"S-4"
-3.96893209608954;3.57411123924423;-499.195714912386;77.6127471669003;"T35";32.6624732930213;3;2;3;"S-8";3;"S-4"
-4.02732000125459;3.45421887678688;-499.225542565188;77.6396076287428;"T35";32.6699885772541;3;2;3;"S-8";3;"S-4"
-4.02169690422395;3.25527427026208;-499.561206865295;77.927505774738;"T35";32.7533353934996;3;2;3;"S-8";3;"S-4"
-3.69845711922925;3.52206196932649;-500.122195390795;78.3815856212461;"T35";32.8928258968517;3;2;3;"S-8";3;"S-4"
-3.5341128229722;3.60783786768201;-500.188944568144;78.4451512464373;"T35";32.9108737409115;3;2;3;"S-8";3;"S-4"
-3.68786674462555;3.58454355157547;-500.217732296254;78.4745395146678;"T35";32.919019414112;3;2;3;"S-8";3;"S-4"
-4.0103969296041;3.45196371457127;-500.369835504165;78.6223812374978;"T35";32.9602636396885;3;2;3;"S-8";3;"S-4"
-4.19197764465641;3.52011970870395;-500.463901177546;78.7033486073112;"T35";32.9837190918624;3;2;3;"S-8";3;"S-4"
-4.21329555343323;3.48536784092166;-500.679096890513;78.8840544064964;"T35";33.035054220818;3;2;3;"S-8";3;"S-4"
-4.14530042329806;3.25819491445775;-501.025159316122;79.1703279028296;"T35";33.1171900266781;3;2;3;"S-8";3;"S-4"
-4.59211048524235;2.91923525586832;-501.290197993468;79.3786475859604;"T35";33.1811271724291;3;2;3;"S-8";3;"S-4"
-4.5105536839797;2.93124397677015;-501.307274359444;79.3895031456777;"T35";33.1848458037712;3;2;3;"S-8";3;"S-4"
-5.09156257049345;2.69856630165957;-501.911757059778;79.7823343585528;"T35";33.3188609918579;3;2;3;"S-8";3;"S-4"
-4.94931159034214;2.70368293446362;-502.082991050716;79.87308965641;"T35";33.3524919231422;3;2;3;"S-8";3;"S-4"
-5.1723217092022;2.32117685423867;-502.660363987818;80.1884937946157;"T35";33.4691491443664;3;2;3;"S-8";3;"S-4"
-4.64900342563856;1.90932409851677;-503.738481179585;80.6723192046309;"T35";33.6775888456032;3;2;3;"S-8";3;"S-4"
-4.71679104732327;1.92524099779313;-503.76327424927;80.6825016031133;"T35";33.6829218314961;3;2;3;"S-8";3;"S-4"
-4.63257805061181;1.96549664599145;-504.199971487736;80.8607472405994;"T35";33.7755053769797;3;2;3;"S-8";3;"S-4"
-4.66075247255428;2.05088671507363;-504.525176682681;80.9987243481496;"T35";33.8457049918361;3;2;3;"S-8";3;"S-4"
-5.05121810102407;1.84663808807349;-505.036785571613;81.2238493424077;"T35";33.9554745820351;3;2;3;"S-8";3;"S-4"
-5.1669602579006;1.83958823355338;-505.062680935412;81.2333162401223;"T35";33.9606011402793;3;2;3;"S-8";3;"S-4"
-5.01084801946148;1.87536285096887;-505.125317181305;81.2556165666562;"T35";33.972723595798;3;2;3;"S-8";3;"S-4"
-4.69214771608265;1.92042858080942;-505.43982110617;81.3733229857864;"T35";34.0354882064275;3;2;3;"S-8";3;"S-4"
-4.4080158302291;1.73938228307237;-505.693755246208;81.4772545773901;"T35";34.0896071633324;3;2;3;"S-8";3;"S-4"
-4.48824252281818;1.67708269618121;-505.767299060209;81.5062746199738;"T35";34.1062912717462;3;2;3;"S-8";3;"S-4"
-4.46251909027838;1.65846766118596;-505.819559791236;81.5258024345359;"T35";34.1179351904429;3;2;3;"S-8";3;"S-4"
-4.08965207705489;2.10382054811837;-505.975371987627;81.5837090750913;"T35";34.1528509394266;3;2;3;"S-8";3;"S-4"
-3.958731063885;2.17544813663501;-506.040733219115;81.6173325470304;"T35";34.1688330401666;3;2;3;"S-8";3;"S-4"
-3.99012784902627;2.20782125317385;-506.057439283582;81.6265130587221;"T35";34.1730530955829;3;2;3;"S-8";3;"S-4"
-3.86651185507027;2.26456898389573;-506.197618466094;81.7040771343888;"T35";34.2081845970824;3;2;3;"S-8";3;"S-4"
-3.50159781218957;2.56655113198944;-506.549744832096;81.9103132657524;"T35";34.2992554069497;3;2;3;"S-8";3;"S-4"
-3.46081329979302;2.89256316539865;-506.881961596844;82.1538167631158;"T35";34.3941311701201;3;2;3;"S-8";3;"S-4"
-4.09751643046252;3.01553891471916;-507.690606724703;82.8296859615108;"T35";34.6277887118049;3;2;3;"S-8";3;"S-4"
-4.50826636115274;2.87627977611595;-507.846551039798;82.9444521030699;"T35";34.6658469643444;3;2;3;"S-8";3;"S-4"
-4.68479674478741;2.61224399954535;-508.204315034744;83.1727059951093;"T35";34.74520429736;3;2;3;"S-8";3;"S-4"
-4.58238634972695;2.93926505274824;-508.360366202638;83.2597201707848;"T35";34.778514422942;3;2;3;"S-8";3;"S-4"
-4.86972152799289;2.91915011415909;-508.995083397004;83.6668447398182;"T35";34.9170267931186;3;2;3;"S-8";3;"S-4"
-4.94966635220287;3.00509594003354;-509.195049348003;83.7867141461757;"T35";34.9580899113789;3;2;3;"S-8";3;"S-4"
-3.68628383720842;2.29043252575095;-511.106458752567;84.9471900717581;"T35";35.3442592546344;3;2;3;"S-8";3;"S-4"
-3.75672604191458;1.99770730825199;-511.504962501727;85.194796058985;"T35";35.4523637215607;3;2;3;"S-8";3;"S-4"
-3.77411709698047;2.13364588266485;-511.958057507376;85.4357375580505;"T35";35.5729727307335;3;2;3;"S-8";3;"S-4"
-3.83138696094148;2.09228013382576;-511.99648995515;85.4574648208372;"T35";35.583155893255;3;2;3;"S-8";3;"S-4"
-4.40991030389272;1.84512917225643;-512.479448210563;85.7212032459999;"T35";35.7092090067454;3;2;3;"S-8";3;"S-4"
-4.35139406104192;1.86807369383105;-512.490742852053;85.7259289821414;"T35";35.7117702020332;3;2;3;"S-8";3;"S-4"
-4.3035669597951;1.84441715874846;-512.525983282846;85.7410578628633;"T35";35.7198688550852;3;2;3;"S-8";3;"S-4"
-4.15541820754417;1.99288648782373;-512.619016137068;85.7809297631399;"T35";35.741486470215;3;2;3;"S-8";3;"S-4"
-4.03152259172078;2.16981317479073;-512.910247090636;85.9206004781468;"T35";35.811571101658;3;2;3;"S-8";3;"S-4"
-3.81517206190526;2.28190257296925;-513.642919386153;86.3149333792903;"T35";35.9933069790713;3;2;3;"S-8";3;"S-4"
-3.42140229366918;2.80439291663459;-514.722974840002;86.9609281808604;"T35";36.2764018005691;3;2;3;"S-8";3;"S-4"
-3.37142673774246;2.94534445536407;-514.834496993968;87.0523386353428;"T35";36.3089972524904;3;2;3;"S-8";3;"S-4"
-3.41910619482459;2.69988799686709;-515.872808491064;87.9594279031222;"T35";36.6169711691327;3;2;3;"S-8";3;"S-4"
-3.21464037955596;2.86801791080298;-516.179909892864;88.2019296978296;"T35";36.7067903745919;3;2;3;"S-8";3;"S-4"
-3.64153396301501;3.13887061020343;-516.635764301557;88.6086310561423;"T35";36.8485960992984;3;2;3;"S-8";3;"S-4"
-3.62024290288098;3.1846313525872;-516.704878259735;88.6682047891573;"T35";36.8675754521973;3;2;3;"S-8";3;"S-4"
-3.59450057692254;3.21246174308085;-516.777099747578;88.7317361103108;"T35";36.8875248008408;3;2;3;"S-8";3;"S-4"
-3.75816258070497;3.32393829517145;-516.849258285067;88.796225331041;"T35";36.9075995055027;3;2;3;"S-8";3;"S-4"
-4.04658154338443;3.11000982080737;-517.155027258417;89.066665254319;"T35";36.9889608002268;3;2;3;"S-8";3;"S-4"
-3.98038875827204;3.13973459404761;-517.17674480039;89.0833563225938;"T35";36.9943276862614;3;2;3;"S-8";3;"S-4"
-3.89509214553005;2.94872212288888;-517.387713868934;89.2497689327708;"T35";37.0473298127763;3;2;3;"S-8";3;"S-4"
-3.67745952496437;3.03354133449608;-517.567420777447;89.3858134002616;"T35";37.0934665668756;3;2;3;"S-8";3;"S-4"
-3.77578107433524;3.0901906028398;-517.599840634134;89.4125565838789;"T35";37.1022823965177;3;2;3;"S-8";3;"S-4"
-4.18102243453803;3.35706703886511;-517.945127014102;89.6951473129647;"T35";37.1937300660647;3;2;3;"S-8";3;"S-4"
-4.30800190732515;3.12026568848273;-518.268904741737;89.9551180627941;"T35";37.2711699106731;3;2;3;"S-8";3;"S-4"
-4.43340091645144;3.32335958919965;-518.610380034808;90.2024470248876;"T35";37.3504352639429;3;2;3;"S-8";3;"S-4"
-4.32686947213451;3.26593705065882;-518.709475506026;90.2767308288392;"T35";37.3727872851305;3;2;3;"S-8";3;"S-4"
-4.58440061077346;2.69660781385939;-519.230205871168;90.6697800307794;"T35";37.4931353493594;3;2;3;"S-8";3;"S-4"
-4.40513060220563;2.41651136490806;-519.868231689017;91.0450756368862;"T35";37.6323085743934;3;2;3;"S-8";3;"S-4"
-4.32035664177354;2.30601171920783;-520.029497773952;91.1335409656604;"T35";37.6689172699116;3;2;3;"S-8";3;"S-4"
-4.32237242861947;2.35272802135302;-520.232590534755;91.2419427309155;"T35";37.7159256022424;3;2;3;"S-8";3;"S-4"
-4.35472291378039;2.42786779150393;-520.338435674566;91.2995557271273;"T35";37.7404133439995;3;2;3;"S-8";3;"S-4"
-5.04998927211923;2.43097550536886;-521.274819152291;91.8216131188551;"T35";37.955440452788;3;2;3;"S-8";3;"S-4"
-5.08483304765452;2.4226442781189;-521.283834598178;91.8259529950291;"T35";37.9572256933898;3;2;3;"S-8";3;"S-4"
-5.09839016927043;2.54205441151188;-521.326180924845;91.8461286989387;"T35";37.9655536613427;3;2;3;"S-8";3;"S-4"
-4.34524403424792;2.17714117855137;-522.450939053108;92.4069324559889;"T35";38.1861641071737;3;2;3;"S-8";3;"S-4"
-4.33836020494537;2.23933499098359;-522.509577176761;92.4363125029166;"T35";38.1996588897891;3;2;3;"S-8";3;"S-4"
-4.23470820553811;2.30546393188921;-522.609331635346;92.4878028446731;"T35";38.2226524758153;3;2;3;"S-8";3;"S-4"
-4.24546285972982;2.5565243614795;-523.070453361096;92.7388471800391;"T35";38.3315435028635;3;2;3;"S-8";3;"S-4"
-4.12185216799453;2.60895585810932;-523.391758911336;92.9323303157548;"T35";38.4072256041691;3;2;3;"S-8";3;"S-4"
-4.35314011154212;2.45121938204997;-523.61399498963;93.0729962335795;"T35";38.4611421613954;3;2;3;"S-8";3;"S-4"
-3.82681165920426;2.49565726220859;-523.845318562409;93.2032527405129;"T35";38.514281634707;3;2;3;"S-8";3;"S-4"
-3.98396594276081;2.37259420757973;-523.91142440828;93.2463637031143;"T35";38.5315560270101;3;2;3;"S-8";3;"S-4"
-4.01588963312178;2.31534739468371;-523.959577937038;93.2750408517262;"T35";38.5436428594403;3;2;3;"S-8";3;"S-4"
-3.59674454997437;2.75045241218044;-524.410446982288;93.5349878534205;"T35";38.6559141334146;3;2;3;"S-8";3;"S-4"
-3.85962563847137;2.79067322134827;-524.593970072132;93.6753290753612;"T35";38.7069389107637;3;2;3;"S-8";3;"S-4"
-3.75404273529793;2.88192382836626;-524.641916692877;93.7099965180358;"T35";38.7193615199067;3;2;3;"S-8";3;"S-4"
-3.82515614390363;2.92833068737803;-524.676739047639;93.7367291316538;"T35";38.7286374811083;3;2;3;"S-8";3;"S-4"
-3.84812121157113;2.88835483826147;-524.720409482348;93.7701608320282;"T35";38.7400541221723;3;2;3;"S-8";3;"S-4"
-4.15530038837227;2.9033017907436;-524.90209383869;93.9065309879625;"T35";38.787267904263;3;2;3;"S-8";3;"S-4"
-4.10291461477246;2.95153415115511;-524.947847624008;93.9384990851957;"T35";38.7982788495719;3;2;3;"S-8";3;"S-4"
-4.10933307355271;3.0125662255932;-525.029326062661;93.9971126360118;"T35";38.8181375223212;3;2;3;"S-8";3;"S-4"
-4.05307590202977;2.67921153949298;-525.555775583204;94.3830545922077;"T35";38.9462482184172;3;2;3;"S-8";3;"S-4"
-4.39958285860712;2.54115890131285;-526.094319758687;94.7390493488709;"T35";39.0791211742908;3;2;3;"S-8";3;"S-4"
-4.36421916973238;2.46793878948577;-526.342969531932;94.882667188311;"T35";39.135637844447;3;2;3;"S-8";3;"S-4"
-4.35659994185184;2.60177660373068;-526.630630058429;95.0453374264302;"T35";39.2015512450598;3;2;3;"S-8";3;"S-4"
-4.32770439246027;2.59582408347479;-526.649450155594;95.0565768537674;"T35";39.2058711498976;3;2;3;"S-8";3;"S-4"
-4.54416305622719;2.54599447169391;-526.791733261957;95.1419204633758;"T35";39.2387484200299;3;2;3;"S-8";3;"S-4"
-4.40123329983112;2.6111804003682;-526.878154908234;95.1903406082808;"T35";39.2577665857971;3;2;3;"S-8";3;"S-4"
-4.75368605880714;2.22236015160791;-527.477820901918;95.5461127255045;"T35";39.3940161215141;3;2;3;"S-8";3;"S-4"
-4.70116702358292;2.37382063769561;-527.838294111044;95.7146348546003;"T35";39.4698463729583;3;2;3;"S-8";3;"S-4"
-4.69691317688378;2.48346969306671;-528.099535080922;95.8465466123824;"T35";39.5254157599993;3;2;3;"S-8";3;"S-4"
-4.62965692046447;2.56503703497395;-528.147772965268;95.8720521559852;"T35";39.5356858847663;3;2;3;"S-8";3;"S-4"
-4.65977743983479;2.49203140889109;-528.160425768457;95.8790623749567;"T35";39.5384188741446;3;2;3;"S-8";3;"S-4"
-4.71465480394771;2.48176220136132;-528.171110898501;95.8847767422247;"T35";39.5407119300216;3;2;3;"S-8";3;"S-4"
-4.60563784489821;2.57604417143136;-528.188436481221;95.8938968110525;"T35";39.5443867659196;3;2;3;"S-8";3;"S-4"
-4.4744866179472;2.63398130486362;-528.403414869983;96.0141394015476;"T35";39.591063989792;3;2;3;"S-8";3;"S-4"
-4.41633195262032;2.02060748855645;-529.046379739992;96.3926314145744;"T35";39.734759775456;3;2;3;"S-8";3;"S-4"
-4.56961717038583;1.85154165095169;-529.685979808105;96.6852680870834;"T35";39.8795858607627;3;2;3;"S-8";3;"S-4"
-4.6327434112479;1.70445752969075;-530.06701052875;96.8396561295081;"T35";39.9629693711177;3;2;3;"S-8";3;"S-4"
-4.15325583701506;1.88888601805632;-531.220195273778;97.2639305274848;"T35";40.2118898578919;3;2;3;"S-8";3;"S-4"
-4.09149506658393;1.93883684275268;-531.228261354501;97.2675989523776;"T35";40.2138319681399;3;2;3;"S-8";3;"S-4"
-4.11247027978533;2.63163044447589;-531.601552249425;97.444490315648;"T35";40.3050677850842;3;2;3;"S-8";3;"S-4"
-4.30043272191977;2.67958167616768;-532.015282453167;97.7092423809258;"T35";40.4056716011837;3;2;3;"S-8";3;"S-4"
-3.82769596778836;2.7095125039808;-532.385528549445;97.9399411778637;"T35";40.4917666804977;3;2;3;"S-8";3;"S-4"
-4.20136541261135;2.46461122758299;-532.882727137755;98.2918933191323;"T35";40.6216616858728;3;2;3;"S-8";3;"S-4"
-4.62761943443434;2.04366291069054;-533.164137567343;98.4569747239153;"T35";40.6886423937976;3;2;3;"S-8";3;"S-4"
-4.57348255836336;2.39906155161759;-533.586945256618;98.6436962996994;"T35";40.7800085260533;3;2;3;"S-8";3;"S-4"
-4.59387096372031;2.05537965788431;-534.983032521783;99.3760264743132;"T35";41.0852654604241;3;2;3;"S-8";3;"S-4"
-4.26873031135892;2.39381947090033;-535.15761405017;99.4541373583417;"T35";41.1232686019503;3;2;3;"S-8";3;"S-4"
-4.558719881161;2.17592939369206;-535.423722909829;99.6033659399498;"T35";41.1856077145785;3;2;3;"S-8";3;"S-4"
-4.47332800900612;2.30815713989272;-535.513387297296;99.646163782621;"T35";41.2052764790133;3;2;3;"S-8";3;"S-4"
-4.32446226772274;2.09790503534601;-535.924043914328;99.8580552425677;"T35";41.297077620402;3;2;3;"S-8";3;"S-4"
-3.96732087916578;2.17500028487133;-536.161777525147;99.9733857757833;"T35";41.352051764261;3;2;3;"S-8";3;"S-4"
-4.2184649126162;1.90183416699855;-536.646221898887;100.238972221392;"T35";41.4741604588926;3;2;3;"S-8";3;"S-4"
-4.45818364844853;1.88009841596565;-536.710439897532;100.267923981449;"T35";41.4893835317343;3;2;3;"S-8";3;"S-4"
-4.28198194724508;1.83207153664142;-537.265016683439;100.501799258678;"T35";41.613778762985;3;2;3;"S-8";3;"S-4"
-4.38675865812725;2.03567906732319;-537.632032288175;100.658829075997;"T35";41.6994903818704;3;2;3;"S-8";3;"S-4"
-4.0180875967606;2.2966709009851;-537.930288493007;100.79723512023;"T35";41.7674804921262;3;2;3;"S-8";3;"S-4"
-3.84659999891079;2.15273192160979;-538.661575151841;101.215226204092;"T35";41.9494791771285;3;2;3;"S-8";3;"S-4"
-4.20583290984167;2.29178871155862;-538.851841930175;101.321708127728;"T35";41.9989428017288;3;2;3;"S-8";3;"S-4"
-4.05087923438448;2.39594478607683;-539.111076315413;101.462966815477;"T35";42.0605796738528;3;2;3;"S-8";3;"S-4"
-3.97427731920589;2.3340725314102;-539.216566352467;101.525360258885;"T35";42.0866209431551;3;2;3;"S-8";3;"S-4"
-3.8571233748658;2.20791857905615;-539.652402616771;101.781324644608;"T35";42.196285224054;3;2;3;"S-8";3;"S-4"
-3.70828933776059;2.36508619066615;-539.910142592302;101.928861766248;"T35";42.2631070367061;3;2;3;"S-8";3;"S-4"
-3.72584794265974;2.38995557475877;-539.953894091475;101.956765755687;"T35";42.2749053337611;3;2;3;"S-8";3;"S-4"
-3.64495622050207;2.54356759137719;-540.138967693481;102.075481734885;"T35";42.3245782149024;3;2;3;"S-8";3;"S-4"
-3.73015380903119;2.51540106049716;-540.251072336882;102.153711957841;"T35";42.3553343163803;3;2;3;"S-8";3;"S-4"
-3.72105443316902;2.35152449265431;-540.6165391755;102.400161761389;"T35";42.4533106619492;3;2;3;"S-8";3;"S-4"
-3.86013406469733;2.1876019005608;-540.816227898267;102.526355272107;"T35";42.5069752149284;3;2;3;"S-8";3;"S-4"
-3.61529014032335;2.38323937905533;-541.166448934809;102.724831333382;"T35";42.5977029022761;3;2;3;"S-8";3;"S-4"
-4.51094856602442;2.08602429717405;-541.721483824885;103.090716492093;"T35";42.7512272028252;3;2;3;"S-8";3;"S-4"
-4.48193664670132;2.07627418551245;-541.770195508468;103.113242520493;"T35";42.7620257483795;3;2;3;"S-8";3;"S-4"
-4.23789830741663;1.89982353204324;-541.86588913251;103.157572955521;"T35";42.7833767025732;3;2;3;"S-8";3;"S-4"
-4.03405894086734;2.01437469993741;-542.178483677416;103.297707151606;"T35";42.8571383934468;3;2;3;"S-8";3;"S-4"
-4.0549569878231;2.13910993374935;-542.372141583817;103.394408660636;"T35";42.9051441140473;3;2;3;"S-8";3;"S-4"
-3.96582988322025;2.25884395593847;-542.475138228364;103.448742441772;"T35";42.9305442958139;3;2;3;"S-8";3;"S-4"
-4.19500358190421;2.11617343490841;-542.946047132146;103.716961140614;"T35";43.0492858751677;3;2;3;"S-8";3;"S-4"
-4.17686138242255;2.01824964960221;-543.078709636535;103.783882863591;"T35";43.0809098063037;3;2;3;"S-8";3;"S-4"
-3.9372739785529;2.04861949043549;-543.331773055847;103.906162515845;"T35";43.1414967868477;3;2;3;"S-8";3;"S-4"
-3.8406451401013;2.19303591415583;-543.85315749229;104.177446232529;"T35";43.2739194831811;3;2;3;"S-8";3;"S-4"
-4.22373912480497;2.11429194815238;-544.073793236785;104.303430824694;"T35";43.3313670568168;3;2;3;"S-8";3;"S-4"
-4.50354129765291;2.09997228140438;-544.726531114411;104.630174119708;"T35";43.4859073488042;3;2;3;"S-8";3;"S-4"
-4.4661729510577;2.18480176322768;-544.779838821949;104.65503116016;"T35";43.4977441909723;3;2;3;"S-8";3;"S-4"
-4.11069096273416;1.98193046079686;-545.356833038288;104.937290265449;"T35";43.6269362806343;3;2;3;"S-8";3;"S-4"
-3.75566766935038;1.99241373878038;-545.560474582264;105.035474094578;"T35";43.6764757730998;3;2;3;"S-8";3;"S-4"
-3.87058828702349;1.98009664266426;-545.645048839795;105.080341459715;"T35";43.6989948735572;3;2;3;"S-8";3;"S-4"
-3.95342596367414;2.01562069714834;-545.918013185283;105.219983225769;"T35";43.7695175758563;3;2;3;"S-8";3;"S-4"
-4.08469874058111;1.44801345322147;-546.294411750229;105.411886841735;"T35";43.8647257746197;3;2;3;"S-8";3;"S-4"
-3.83077046262984;1.56019529947021;-546.559209854607;105.505756975587;"T35";43.9295526128262;3;2;3;"S-8";3;"S-4"
-3.80658174431624;1.5337507149531;-546.585587385153;105.516500010069;"T35";43.9364383113571;3;2;3;"S-8";3;"S-4"
-3.57547768281298;1.7592924185422;-546.977308368379;105.674332516617;"T35";44.0393445431255;3;2;3;"S-8";3;"S-4"
-3.49112886629219;2.38109773011896;-547.629166160532;105.995075246243;"T35";44.2216580267996;3;2;3;"S-8";3;"S-4"
-3.58075627676398;2.53955859189481;-548.351191486597;106.487527095151;"T35";44.4284751778468;3;2;3;"S-8";3;"S-4"
-3.62754519930514;2.51561315075545;-548.376614007611;106.50555735934;"T35";44.4355749408714;3;2;3;"S-8";3;"S-4"
-3.55981873740205;2.58500930299372;-548.406901495707;106.526560985531;"T35";44.4439242477529;3;2;3;"S-8";3;"S-4"
-3.54700243042243;2.84101599076571;-548.991143727095;106.950816183548;"T35";44.6080455905758;3;2;3;"S-8";3;"S-4"
-3.62085144146973;3.03353149949885;-549.332360526474;107.224118049664;"T35";44.7042442276143;3;2;3;"S-8";3;"S-4"
-3.71442720085879;2.99747880511184;-549.436906684672;107.311706305955;"T35";44.7331175906584;3;2;3;"S-8";3;"S-4"
-3.407528652851;2.5684783553867;-550.136696909227;107.876424969883;"T35";44.9215154745616;3;2;3;"S-8";3;"S-4"
-3.42466371209286;2.62927263461409;-550.180027952679;107.9090864259;"T35";44.9342317413539;3;2;3;"S-8";3;"S-4"
-4.24382422847298;2.62537210959439;-550.932081059348;108.486472359053;"T35";45.1538308523595;3;2;3;"S-8";3;"S-4"
-4.07243212432411;2.71272787913935;-551.107525843588;108.595008391301;"T35";45.1951720518991;3;2;3;"S-8";3;"S-4"
-4.13371677298943;2.68214575030192;-551.246143054203;108.687344066958;"T35";45.2292099944316;3;2;3;"S-8";3;"S-4"
-4.52164105792765;2.45457693438039;-551.429156745488;108.806091775445;"T35";45.2734833932482;3;2;3;"S-8";3;"S-4"
-4.5582609971849;2.32794000872554;-551.460336461516;108.823017712467;"T35";45.2803790569305;3;2;3;"S-8";3;"S-4"
-5.10921297564319;2.05974378334579;-552.531075824587;109.36985278921;"T35";45.5152799026109;3;2;3;"S-8";3;"S-4"
-4.85812212089935;1.744169235911;-552.995760677112;109.557187265335;"T35";45.6062302808277;3;2;3;"S-8";3;"S-4"
-4.69338197265652;1.58532349179663;-553.165025501104;109.61795693958;"T35";45.6410718965344;3;2;3;"S-8";3;"S-4"
-4.65028744772796;1.58591038684201;-553.382838657405;109.691529539364;"T35";45.6874804687686;3;2;3;"S-8";3;"S-4"
-3.9078414886562;1.85997053485596;-554.36832213871;110.027613815149;"T35";45.8993993001059;3;2;3;"S-8";3;"S-4"
-3.94029321891104;2.38027992026787;-554.941315193029;110.300334753499;"T35";46.0460257832892;3;2;3;"S-8";3;"S-4"
-4.93706061403075;1.77085592975917;-555.611829949999;110.705384003286;"T35";46.216194529552;3;2;3;"S-8";3;"S-4"
-5.0859835800649;1.8199239381751;-555.816745504277;110.778884402159;"T35";46.257700107526;3;2;3;"S-8";3;"S-4"
-5.00920062776175;1.75142198208846;-555.867424963367;110.797019097114;"T35";46.2676646420732;3;2;3;"S-8";3;"S-4"
-4.54813978852908;1.93230780360346;-557.797358993229;111.471803186445;"T35";46.6529424884357;3;2;3;"S-8";3;"S-4"
-4.19825079708994;1.76713307357804;-558.073761559794;111.589234677372;"T35";46.713715151418;3;2;3;"S-8";3;"S-4"
-4.33554996544593;1.81878226511987;-558.252403916451;111.664429045705;"T35";46.7562667676248;3;2;3;"S-8";3;"S-4"
-4.01666171160185;1.86315132818235;-558.791834526064;111.890722557219;"T35";46.8806871096604;3;2;3;"S-8";3;"S-4"
-3.60928097421908;2.0714615556617;-558.94734995668;111.96285927221;"T35";46.9194046920165;3;2;3;"S-8";3;"S-4"
-3.59827609904846;2.07483441828813;-558.954484748561;111.96695411747;"T35";46.9213814823888;3;2;3;"S-8";3;"S-4"
-3.54640650934159;1.90621588620824;-559.098904230312;112.050229136718;"T35";46.961517224554;3;2;3;"S-8";3;"S-4"
-3.84419148204499;2.06577219252518;-559.262001198318;112.137894786605;"T35";47.0075065852143;3;2;3;"S-8";3;"S-4"
-4.26858548107896;1.91631219547704;-559.335796005563;112.17755026721;"T35";47.0267030294053;3;2;3;"S-8";3;"S-4"
-4.3504875876986;1.83819420109791;-559.907014712119;112.433989637702;"T35";47.1605222322978;3;2;3;"S-8";3;"S-4"
-4.02674265913402;1.80886884546253;-560.089727567077;112.511190572926;"T35";47.2025204799138;3;2;3;"S-8";3;"S-4"
-4.24559782121889;1.62820288069257;-560.602690907524;112.741620844722;"T35";47.3299096338451;3;2;3;"S-8";3;"S-4"
-4.09565414768848;1.57370497514637;-560.834398718323;112.830481669725;"T35";47.384485648945;3;2;3;"S-8";3;"S-4"
-4.17479258393685;1.70410572117468;-561.303937048796;113.010896026026;"T35";47.4991287104785;3;2;3;"S-8";3;"S-4"
-4.2434707999457;1.6930000720486;-561.323526403695;113.018892191365;"T35";47.5038210046478;3;2;3;"S-8";3;"S-4"
-4.21744976905543;1.61501019074008;-561.481668278336;113.081985403922;"T35";47.5410881103016;3;2;3;"S-8";3;"S-4"
-4.26125465052675;1.67635060858835;-561.51951318183;113.096477551584;"T35";47.5500615197234;3;2;3;"S-8";3;"S-4"
-4.3102540166201;1.62847148998135;-561.530983485253;113.100989896351;"T35";47.5527532864362;3;2;3;"S-8";3;"S-4"
-4.34851064286765;1.54666064745228;-561.704587538329;113.166579824437;"T35";47.5930302753113;3;2;3;"S-8";3;"S-4"
-4.15101971585133;1.53787760404679;-562.015576657025;113.277191174201;"T35";47.664546512533;3;2;3;"S-8";3;"S-4"
-4.07923312379855;1.77215998679875;-562.154003297397;113.328475736695;"T35";47.6978941354901;3;2;3;"S-8";3;"S-4"
-4.13159406783336;1.78437887065407;-562.163789684871;113.332727281966;"T35";47.7002932108007;3;2;3;"S-8";3;"S-4"
-4.26639915189453;1.83040605285568;-562.192030090874;113.344923926395;"T35";47.7071284432895;3;2;3;"S-8";3;"S-4"
-4.29773090655387;1.83610602505057;-562.353223626289;113.414080517797;"T35";47.7449105470441;3;2;3;"S-8";3;"S-4"
-4.48538397323236;1.80157261731826;-562.63898898469;113.536167150888;"T35";47.8114026947878;3;2;3;"S-8";3;"S-4"
-3.69792222749054;2.06317011382409;-563.383000745598;113.835002484365;"T35";47.9772774036974;3;2;3;"S-8";3;"S-4"
-4.10669428791736;2.19165795695541;-563.753726126453;114.041840129714;"T35";48.0775297502987;3;2;3;"S-8";3;"S-4"
-4.64805582163301;2.01461411918878;-564.071089813901;114.211210577592;"T35";48.1548093492165;3;2;3;"S-8";3;"S-4"
-4.49889787887698;2.02620196922758;-564.593776003956;114.4377592721;"T35";48.2672619982623;3;2;3;"S-8";3;"S-4"
-4.51521624701519;2.11113010021827;-565.161953004377;114.6936533573;"T35";48.3935544849373;3;2;3;"S-8";3;"S-4"
-4.573726109376;2.32412968873904;-565.970496201021;115.071695024936;"T35";48.572625243105;3;2;3;"S-8";3;"S-4"
-4.08540543723863;2.54703177218443;-567.372478681356;115.784109591904;"T35";48.8791548530571;3;2;3;"S-8";3;"S-4"
-4.35389272194198;2.74202535562998;-568.218731061118;116.3117026868;"T35";49.0862952196039;3;2;3;"S-8";3;"S-4"
-4.45281665836609;2.59533632218135;-568.289887743066;116.356516245284;"T35";49.1026384523138;3;2;3;"S-8";3;"S-4"
-4.12007111507638;2.6452203409342;-568.729453037783;116.612718075019;"T35";49.2013546871021;3;2;3;"S-8";3;"S-4"
-4.65528961434222;2.40906638255555;-568.945229999636;116.751253938273;"T35";49.253726832103;3;2;3;"S-8";3;"S-4"
-4.71577055528255;2.35368575649601;-569.267864241058;116.91821397068;"T35";49.3230317020789;3;2;3;"S-8";3;"S-4"
-4.46341670681448;2.16884448973651;-569.391780592648;116.980061795615;"T35";49.3493087124079;3;2;3;"S-8";3;"S-4"
-4.36133261878397;2.18660806946786;-569.524052329918;117.044334716422;"T35";49.3789433501661;3;2;3;"S-8";3;"S-4"
-4.24244770910658;1.91715715844531;-569.940149832997;117.2529503478;"T35";49.474349396769;3;2;3;"S-8";3;"S-4"
-4.11795473236256;1.89410900419141;-570.823575768836;117.652169495089;"T35";49.6825843583792;3;2;3;"S-8";3;"S-4"
-4.04540847359403;1.85773292824195;-570.88315866506;117.679575454496;"T35";49.6970534091815;3;2;3;"S-8";3;"S-4"
-3.9128317338565;2.03621321562241;-571.000964823786;117.733674411781;"T35";49.7261743643321;3;2;3;"S-8";3;"S-4"
-4.5458894267677;1.97994851668484;-571.506361269938;117.996679568349;"T35";49.8553382232785;3;2;3;"S-8";3;"S-4"
-4.54121701526526;1.99531769376431;-571.664752694503;118.065666478649;"T35";49.8901810031384;3;2;3;"S-8";3;"S-4"
-4.17628104573731;2.20399092228376;-572.16346459165;118.284790266199;"T35";50;3;2;3;"S-8";3;"S-4"
