"Vx";"Vy";"X";"Y";"Traj";"Time";"TrueMovMode";"TrueTrajClust";"firstEstMovMode";"firstSegment";"finalEstMovMode";"finalSegment"
0;0;0;0;"T36";0;1;2;1;"S-1-NA";2;"S-1"
-2.75724833765688;2.58794746079039;0;0;"T36";0.0665261875838041;1;2;1;"S-1-NA";2;"S-1"
-8.74292612309474;6.37013978884962;-0.477768684350324;0.448432677108918;"T36";0.239803537260741;1;2;1;"S-1-NA";2;"S-1"
-11.0204523270494;7.52880498342379;-1.12737344879089;0.921737964003462;"T36";0.314104149583727;1;2;1;"S-1-NA";2;"S-1"
-15.3604450728713;9.04600172437266;-3.14188359699395;2.29798401932392;"T36";0.496901560109109;1;2;1;"S-1-NA";2;"S-1"
-15.5041805199558;8.94796836242656;-3.20650203026575;2.33603880588967;"T36";0.501108367461711;1;2;1;"S-1-NA";2;"S-1"
-15.6957423876437;8.84335115868345;-3.28922423163665;2.38378048690172;"T36";0.50644384464249;1;2;1;"S-1-NA";2;"S-1"
-18.5938749671383;8.21594798788488;-5.6242391357149;3.6993829125493;"T36";0.65521125216037;1;2;4;"S-2-NA";2;"S-1"
-20.9411300935606;6.75720015219719;-8.89374779921166;5.14405827864179;"T36";0.831049191765487;1;2;4;"S-2-NA";2;"S-1"
-21.7590520685684;6.06708045265861;-10.4846407450071;5.65740125523522;"T36";0.907018966972828;1;2;4;"S-2-NA";2;"S-1"
-21.6662336565795;5.42743114387594;-12.9028614156502;6.33167416541713;"T36";1.01815527305007;1;2;4;"S-2-NA";2;"S-1"
-22.1020289003065;4.3179824006936;-17.9555775663939;7.59738879918246;"T36";1.25136221759021;1;2;4;"S-2-NA";2;"S-1"
-22.0132472619999;3.95903424977509;-19.3678675708896;7.87330208350557;"T36";1.31526087643579;1;2;4;"S-2-NA";2;"S-1"
-22.1155519789646;3.85960530541099;-19.8935458681218;7.96784417256384;"T36";1.33914096513763;1;2;4;"S-2-NA";2;"S-1"
-22.519652383658;3.07247007530986;-21.4276106646169;8.23556910355486;"T36";1.40850684838369;1;2;2;"S-3";2;"S-1"
-22.3983865987042;2.84392256698535;-21.9540174460037;8.30738944321627;"T36";1.43188228830695;1;2;2;"S-3";2;"S-1"
-22.5401442161678;2.47556862947243;-22.8815156224757;8.4251538626883;"T36";1.4732914394699;1;2;2;"S-3";2;"S-1"
-22.1615103719842;2.24081612286507;-25.6071890154898;8.72451270800985;"T36";1.59421672578901;1;2;2;"S-3";2;"S-1"
-22.2411877801021;2.16041829242081;-27.0376740619349;8.86915329891669;"T36";1.65876490063965;1;2;2;"S-3";2;"S-1"
-22.2114885900976;2.19411935066096;-27.6785177287355;8.9314022396669;"T36";1.68757827486843;1;2;2;"S-3";2;"S-1"
-22.2746470895211;1.9821390617047;-29.5586991297978;9.11713235757817;"T36";1.77222732454538;1;2;2;"S-3";2;"S-1"
-22.2590860481725;1.97830201346445;-29.599262115561;9.12074190875164;"T36";1.77404836285859;1;2;2;"S-3";2;"S-1"
-21.7367046744203;2.08637173976742;-31.0875154226947;9.25301214247444;"T36";1.84090884868056;1;2;2;"S-3";2;"S-1"
-21.1834159255344;2.47975950943732;-34.3298598579801;9.56422471593928;"T36";1.99007333721966;1;2;2;"S-3";2;"S-1"
-21.1636133313994;2.42851244767824;-34.67515142695;9.60464501711694;"T36";2.0063734264113;1;2;2;"S-3";2;"S-1"
-21.212577952141;2.56967156977069;-36.4483032066563;9.80811316318493;"T36";2.09015646250919;1;2;2;"S-3";2;"S-1"
-21.244341298589;2.62050127405366;-36.6666482306805;9.83456327226181;"T36";2.10044964915141;1;2;2;"S-3";2;"S-1"
-21.402264290798;2.59997294343266;-37.0791853182714;9.88544995066863;"T36";2.11986833019182;1;2;2;"S-3";2;"S-1"
-21.1399060396439;2.82536758880862;-38.904489209168;10.1071900743019;"T36";2.20515388064086;1;2;2;"S-3";2;"S-1"
-21.4720226616503;2.85384779167318;-40.2543851117868;10.2876048843002;"T36";2.26900922134519;1;2;2;"S-3";2;"S-1"
-21.3695038919984;2.54724519189721;-41.2723477120652;10.4229023532247;"T36";2.31641801074147;1;2;2;"S-3";2;"S-1"
-21.34972711153;2.54415230609875;-41.4434498312774;10.4432977284608;"T36";2.32442484702915;1;2;2;"S-3";2;"S-1"
-21.8901182560222;2.55454283333735;-52.8979350651917;11.8082779397207;"T36";2.86094155162573;1;2;2;"S-3";2;"S-1"
-21.6126150157187;2.60331545231675;-53.8244590861991;11.9164018552746;"T36";2.90326768299565;1;2;2;"S-3";2;"S-1"
-21.5945921689461;2.54857015657352;-58.1163223401156;12.433371871167;"T36";3.10184907866642;1;2;2;"S-3";2;"S-1"
-21.9116777994598;2.41567034503951;-59.5302421709814;12.6002411436469;"T36";3.16732472274452;1;2;2;"S-3";2;"S-1"
-22.1564388741718;1.93920377461211;-67.0658597196411;13.4310112932657;"T36";3.51123346481472;1;2;2;"S-3";2;"S-1"
-21.8939058933668;1.87314182538125;-67.3087185791002;13.4522670925228;"T36";3.52219456108287;1;2;2;"S-3";2;"S-1"
-21.4740429579634;1.78781418401085;-70.1077638698588;13.6917405254859;"T36";3.65004042396322;1;2;2;"S-3";2;"S-1"
-21.3868462383733;1.74016612854097;-71.4746028615841;13.8055362434813;"T36";3.71369117638096;1;2;2;"S-3";2;"S-1"
-21.5475302648364;1.74094168635918;-72.4112761792493;13.8817497797242;"T36";3.75748787773773;1;2;2;"S-3";2;"S-1"
-21.1706884665833;2.32258368127181;-76.5062955837395;14.2126085788581;"T36";3.94753376021981;1;2;2;"S-3";2;"S-1"
-20.9375479878344;2.46829111978762;-78.1132340540062;14.3889018096494;"T36";4.02343769092113;1;2;2;"S-3";2;"S-1"
-20.7306469092401;2.72381820666514;-80.8037209259665;14.706078627958;"T36";4.1519382619299;1;2;2;"S-3";2;"S-1"
-20.6914640687766;3.05506974830968;-84.553810803381;15.1988062852015;"T36";4.33283420279622;1;2;2;"S-3";2;"S-1"
-20.8471880608103;3.37798513850658;-88.0157298713432;15.7099544659427;"T36";4.50014566304162;1;2;2;"S-3";2;"S-1"
-21.6644627942213;2.83177397888699;-94.418380611866;16.7474113635083;"T36";4.80726865353063;1;2;2;"S-3";2;"S-1"
-21.7754917210583;2.65332031607627;-95.128982924408;16.8402945869285;"T36";4.84006901970133;1;2;2;"S-3";2;"S-1"
-21.9062548888706;2.58426691824711;-96.266887780415;16.9789470734432;"T36";4.8923252383247;1;2;2;"S-3";2;"S-1"
-21.83633646649;2.64516078364461;-97.4901092148943;17.1232497259437;"T36";4.94816415011883;1;2;2;"S-3";2;"S-1"
-21.7928804530362;2.70137486371801;-97.7454999519533;17.154186671947;"T36";4.9598598270677;1;2;2;"S-3";2;"S-1"
-21.9944233039396;2.69582783123593;-98.323783892643;17.2258688759052;"T36";4.98639527941123;1;2;2;"S-3";2;"S-1"
-22.0548206978661;2.45425212246093;-99.8303175988493;17.4105227510154;"T36";5.05489144707099;1;2;2;"S-3";2;"S-1"
-21.8044715790227;2.44772442758652;-101.393164133438;17.5844357234734;"T36";5.12575334869325;1;2;2;"S-3";2;"S-1"
-21.7987907286554;2.43433499782355;-101.800650673333;17.630179311159;"T36";5.14444155851379;1;2;2;"S-3";2;"S-1"
-22.0260640748371;2.42614253412624;-103.200239366251;17.7864754919949;"T36";5.2086464362219;1;2;2;"S-3";2;"S-1"
-22.0978036322926;2.39842498153807;-103.940654353158;17.8680312473281;"T36";5.24226183770224;1;2;2;"S-3";2;"S-1"
-22.0907646200578;2.19798403648032;-106.467951807215;18.1423360357338;"T36";5.3566305548884;1;2;2;"S-3";2;"S-1"
-21.8623486637625;2.41958467718075;-107.391005876712;18.2341779499662;"T36";5.39841516874731;1;2;2;"S-3";2;"S-1"
-21.7817002548008;2.30176808731766;-108.932379875636;18.4047673485235;"T36";5.46891875565052;1;2;2;"S-3";2;"S-1"
-21.9714448542739;2.15489531945428;-109.625676134601;18.4780310141361;"T36";5.50074805505574;1;2;2;"S-3";2;"S-1"
-21.7328238468057;2.06894645429664;-110.161359130053;18.5305692421527;"T36";5.52512892754748;1;2;2;"S-3";2;"S-1"
-21.1657081156757;2.31547820278555;-111.292487600764;18.6382517161528;"T36";5.577175936196;1;2;2;"S-3";2;"S-1"
-21.0890488185571;2.52037715585195;-112.94351534121;18.8188702300388;"T36";5.65518077928573;1;2;2;"S-3";2;"S-1"
-21.4894423825596;2.62295938975382;-114.976799672211;19.0618704441924;"T36";5.75159500585869;1;2;2;"S-3";2;"S-1"
-21.667748982537;2.76229922810943;-116.5490600531;19.2537774772264;"T36";5.82475932314992;1;2;2;"S-3";2;"S-1"
-21.5241175084626;2.59774669930486;-121.673588804734;19.9070747729664;"T36";6.06126422062516;1;2;2;"S-3";2;"S-1"
-21.7520456719495;2.6676083126296;-122.881628950282;20.0528731918559;"T36";6.11738917650655;1;2;2;"S-3";2;"S-1"
-22.1690205333232;2.24184434235078;-131.698986813667;21.1342085975702;"T36";6.52274681488052;1;2;2;"S-3";2;"S-1"
-21.7599277092403;2.45522995814802;-135.971308071733;21.566247497381;"T36";6.71546264784411;1;2;2;"S-3";2;"S-1"
-21.7795301121494;2.38372326541716;-136.299880922334;21.6033212375611;"T36";6.73056255327538;1;2;2;"S-3";2;"S-1"
-21.7175810771224;2.41591448596701;-137.400770770513;21.7238112908475;"T36";6.78110955050215;1;2;2;"S-3";2;"S-1"
-21.79290784266;2.51178270510118;-137.598147414641;21.7457679301273;"T36";6.7901978851296;1;2;2;"S-3";2;"S-1"
-21.7488833945263;2.47218531486191;-138.661348523764;21.8683091796577;"T36";6.83898444985971;1;2;2;"S-3";2;"S-1"
-21.645817798068;2.19886348440381;-140.432782486312;22.0696672424611;"T36";6.92043387098238;1;2;2;"S-3";2;"S-1"
-21.5221147452179;2.26731379084569;-140.934410116211;22.1206244614696;"T36";6.94360821507871;1;2;2;"S-3";2;"S-1"
-21.3415710154884;2.22148713900707;-143.349972453352;22.375099352273;"T36";7.05584450624883;1;2;2;"S-3";2;"S-1"
-21.2401077795592;2.3175066403917;-146.339096395613;22.6862432877316;"T36";7.19590560765937;1;2;2;"S-3";2;"S-1"
-21.7133475934026;2.05099104351859;-149.967511797675;23.0821394326877;"T36";7.36673409119248;1;2;2;"S-3";2;"S-1"
-21.8120269879406;1.96012472639859;-150.072834974215;23.0920880088263;"T36";7.37158471019939;1;2;2;"S-3";2;"S-1"
-21.9175093890564;1.88076682885049;-150.158750130242;23.0998087228065;"T36";7.37552359933034;1;2;2;"S-3";2;"S-1"
-21.4389990155016;2.22210626252039;-152.554668537827;23.305405252304;"T36";7.48483886709437;1;2;2;"S-3";2;"S-1"
-21.1319449268307;2.37484567198341;-153.263005979844;23.3788229088254;"T36";7.51787853660062;1;2;2;"S-3";2;"S-1"
-21.4928513914756;2.24761452353629;-154.301751321096;23.4955589634814;"T36";7.56703375373036;1;2;2;"S-3";2;"S-1"
-21.355983999086;2.459119002245;-157.955777558469;23.8776786874263;"T36";7.73704499006271;1;2;2;"S-3";2;"S-1"
-21.4223473334374;2.19074082775402;-159.297647398791;24.0321935823156;"T36";7.79987842543051;1;2;2;"S-3";2;"S-1"
-21.173204875104;2.40361823089447;-160.759982627428;24.1817382348868;"T36";7.8681405633688;1;2;2;"S-3";2;"S-1"
-21.2682577808985;2.67826724122609;-161.915700867547;24.3129373352645;"T36";7.92272456455976;1;2;2;"S-3";2;"S-1"
-21.4058372515403;2.29880242797713;-164.195952768899;24.6000846903535;"T36";8.02993841934949;1;2;2;"S-3";2;"S-1"
-21.7155204443338;2.30457522568821;-166.851560226909;24.8852740431684;"T36";8.15399838611484;1;2;2;"S-3";2;"S-1"
-21.7471493335201;2.18441837698562;-167.075531613708;24.9090431676801;"T36";8.16431227140129;1;2;2;"S-3";2;"S-1"
-21.6874881789638;2.12857857795624;-167.565811537306;24.9582899199119;"T36";8.1868568318896;1;2;2;"S-3";2;"S-1"
-21.3759372978494;2.10579037004691;-170.055017627603;25.2025999440236;"T36";8.30163296777755;1;2;2;"S-3";2;"S-1"
-21.3115779091293;1.82245120935873;-171.833761734385;25.3778279192299;"T36";8.38484541745856;1;2;2;"S-3";2;"S-1"
-21.2124789675255;1.81562111505727;-171.913161736095;25.3846177791716;"T36";8.38857109192759;1;2;2;"S-3";2;"S-1"
-20.9648650681007;1.75882617352456;-173.288613052247;25.5023455778019;"T36";8.45341270323843;1;2;2;"S-3";2;"S-1"
-20.9823200104504;1.88980243250033;-174.463189666214;25.6008854961245;"T36";8.50943865953013;1;2;2;"S-3";2;"S-1"
-21.1379580282467;1.9784367325738;-175.137300804556;25.661600272583;"T36";8.54156623827294;1;2;2;"S-3";2;"S-1"
-21.1988525588047;1.89983591697733;-175.369386523549;25.6833226599085;"T36";8.55254580965266;1;2;2;"S-3";2;"S-1"
-21.1209946037398;1.94393691054172;-175.93936532547;25.7344040189963;"T36";8.57943305745721;1;2;2;"S-3";2;"S-1"
-21.2188541355008;1.89550273056582;-175.984362730002;25.7385454960996;"T36";8.5815635160543;1;2;2;"S-3";2;"S-1"
-21.3119087906715;1.67887527964054;-177.143971563514;25.8421345823091;"T36";8.63621344324201;1;2;2;"S-3";2;"S-1"
-21.2797315954231;1.6516590439772;-177.998657811476;25.9094636811545;"T36";8.67631713626906;1;2;2;"S-3";2;"S-1"
-21.252909813253;1.72860324314876;-179.304984403874;26.0108562255599;"T36";8.73770543839782;1;2;2;"S-3";2;"S-1"
-21.2248526129114;1.65560152985939;-179.565893197813;26.0320772155952;"T36";8.74998181825504;1;2;2;"S-3";2;"S-1"
-21.1688543179545;2.09683361818789;-181.10969967313;26.1524987049198;"T36";8.82271761074662;1;2;2;"S-3";2;"S-1"
-21.4146009069871;2.10681894549151;-182.11170384781;26.2517499920927;"T36";8.87005149852484;1;2;2;"S-3";2;"S-1"
-20.9602529030625;2.16690485769672;-184.841454779998;26.5203093271644;"T36";8.99752298137173;1;2;2;"S-3";2;"S-1"
-21.2940543137534;2.60306509180004;-188.89295830758;26.9391603169638;"T36";9.19081757310778;1;2;2;"S-3";2;"S-1"
-21.3021298023594;2.44111168531621;-190.003433847352;27.0749090133035;"T36";9.24296713201329;1;2;2;"S-3";2;"S-1"
-21.2110266072397;2.1612197456988;-192.160416147752;27.3220878046909;"T36";9.3442237819545;1;2;2;"S-3";2;"S-1"
-21.0977774156514;2.51156448595406;-193.31319261386;27.4395457338645;"T36";9.39857176272199;1;2;2;"S-3";2;"S-1"
-21.3633821942772;2.70227494089741;-195.970790820808;27.7559169393714;"T36";9.52453755307943;1;2;2;"S-3";2;"S-1"
-21.1505069037641;2.55122750341952;-197.548073524659;27.9554289588899;"T36";9.59836868569255;1;2;2;"S-3";2;"S-1"
-20.9956997963325;2.50085886101384;-197.714861438048;27.9755473377927;"T36";9.60625445004553;1;2;2;"S-3";2;"S-1"
-20.7037379827728;2.48742558422226;-201.002463782847;28.3671432138642;"T36";9.7628390067257;1;2;2;"S-3";2;"S-1"
-20.9448894939791;2.63287816408704;-203.42986201874;28.6587800419617;"T36";9.88008345011622;1;2;2;"S-3";2;"S-1"
-20.9393098935361;2.62204992651098;-203.725595137942;28.6959551854337;"T36";9.89420303376392;1;2;2;"S-3";2;"S-1"
-20.7720772583845;3.1947747241406;-206.004664531574;28.9813434702659;"T36";10.0030447007157;1;2;2;"S-3";2;"S-1"
-20.9600028713883;2.72170068806087;-210.211255973413;29.6283231558314;"T36";10.205556533765;1;2;2;"S-3";2;"S-1"
-21.0545949842734;2.60985653482345;-211.998218895009;29.8603640693318;"T36";10.2908123866655;1;2;2;"S-3";2;"S-1"
-21.0388452128912;2.65505649401439;-213.022783976004;29.9873656988566;"T36";10.3394746896811;1;2;2;"S-3";2;"S-1"
-20.8384848372793;2.73322205260543;-215.91651425265;30.3525481642054;"T36";10.4770169476978;1;2;2;"S-3";2;"S-1"
-20.7994486029619;2.86214622607449;-218.224947373686;30.6553273903654;"T36";10.5877943453379;1;2;2;"S-3";2;"S-1"
-20.8057485049782;3.01172835301246;-218.438907046751;30.6847697031154;"T36";10.598081140779;1;2;2;"S-3";2;"S-1"
-20.5959113062313;3.08416972866628;-219.291623457376;30.8082043486099;"T36";10.6390657951124;1;2;2;"S-3";2;"S-1"
-20.5315804622162;3.04486995538339;-220.123368215522;30.9327553804583;"T36";10.6794497696683;1;2;2;"S-3";2;"S-1"
-20.6146603864483;3.44777254198886;-222.230591752382;31.2452603845651;"T36";10.7820830540732;1;2;2;"S-3";2;"S-1"
-20.7618735668561;3.35432331302032;-222.50925848566;31.2918669981764;"T36";10.79560094513;1;2;2;"S-3";2;"S-1"
-20.9242194068755;3.46619426276885;-222.808692180072;31.3402440109078;"T36";10.8100232318975;1;2;2;"S-3";2;"S-1"
-21.0967511153923;3.18416557182863;-223.201908756533;31.4053821656389;"T36";10.8288156450726;1;2;2;"S-3";2;"S-1"
-21.1574542004922;3.27346102242215;-224.147389820359;31.5480850982272;"T36";10.8736320747994;1;2;2;"S-3";2;"S-1"
-21.1242015700614;3.10233185918155;-225.008268063941;31.6812793544318;"T36";10.9143211971968;1;2;2;"S-3";2;"S-1"
-21.5952805043153;2.61290516604533;-227.716927754157;32.0790771705891;"T36";11.0425466205925;1;2;2;"S-3";2;"S-1"
-21.4590455791512;2.56092000660325;-228.320993830524;32.1521657035793;"T36";11.0705187544227;1;2;2;"S-3";2;"S-1"
-21.4831314718824;2.61776774440219;-230.001121488062;32.3526719430561;"T36";11.14881336689;1;2;2;"S-3";2;"S-1"
-21.6825178325546;2.46261050053464;-230.978548388732;32.4717736027202;"T36";11.1943107796833;1;2;2;"S-3";2;"S-1"
-21.4245746605171;2.35538040618094;-232.048653915296;32.593311752798;"T36";11.2436641589738;1;2;2;"S-3";2;"S-1"
-21.4725396163393;2.36584453405026;-232.648206122329;32.6592254777286;"T36";11.2716484814882;1;2;2;"S-3";2;"S-1"
-21.3616213248114;2.29207601778009;-234.307399642563;32.8420354289927;"T36";11.3489189650863;1;2;2;"S-3";2;"S-1"
-21.2663714956883;2.30413015495283;-235.849288485479;33.0074782287311;"T36";11.4210992935114;1;2;2;"S-3";2;"S-1"
-21.1024947601081;2.31713070457731;-236.835831087709;33.1143663529889;"T36";11.4674890879542;1;2;2;"S-3";2;"S-1"
-21.6313481039496;2.35805694126322;-240.451151530127;33.5113416916512;"T36";11.6388110327534;1;2;2;"S-3";2;"S-1"
-21.5192952811318;2.38543555333635;-240.528625082872;33.5197871684627;"T36";11.6423925734125;1;2;2;"S-3";2;"S-1"
-21.4770423740903;2.25806817032177;-240.706610800844;33.539517064544;"T36";11.6506635560654;1;2;2;"S-3";2;"S-1"
-21.6325628542666;2.16717098888869;-242.294680910569;33.7064846806872;"T36";11.7246062378399;1;2;2;"S-3";2;"S-1"
-21.5890867574544;1.99341024493313;-245.069074192719;33.9844260727149;"T36";11.8528570281342;1;2;2;"S-3";2;"S-1"
-21.771353829301;1.86093598720374;-246.009494432799;34.0712589879827;"T36";11.8964170105755;1;2;2;"S-3";2;"S-1"
-21.6764496500039;1.57939463847077;-247.215983594707;34.1743852849126;"T36";11.951833369676;1;2;2;"S-3";2;"S-1"
-21.4006606357755;1.94312750828103;-248.552835939935;34.2717913389746;"T36";12.0135064003989;1;2;2;"S-3";2;"S-1"
-21.4729018687405;1.93493035558563;-248.902422753182;34.303532964381;"T36";12.0298417285085;1;2;2;"S-3";2;"S-1"
-21.6410851804926;1.67942856471908;-250.036299346034;34.4057069626794;"T36";12.0826467289589;1;2;2;"S-3";2;"S-1"
-21.303113329932;1.8102745806123;-250.502653922492;34.4418978094165;"T36";12.1041962294839;1;2;2;"S-3";2;"S-1"
-21.0148112524715;2.00356932249817;-251.760822400013;34.5488131873571;"T36";12.1632565394975;1;2;2;"S-3";2;"S-1"
-20.8099475558251;1.8887077653436;-255.011550019436;34.8587402219532;"T36";12.3179439920932;1;2;2;"S-3";2;"S-1"
-20.7801046756281;1.95884090620227;-255.415269467725;34.8953817394274;"T36";12.3373443027958;1;2;2;"S-3";2;"S-1"
-20.8639243095317;2.44347190601681;-257.564827277482;35.0980102551989;"T36";12.4407873721793;1;2;2;"S-3";2;"S-1"
-20.9633287671889;2.71535341556451;-259.465743694509;35.3206354810088;"T36";12.5318975769915;1;2;2;"S-3";2;"S-1"
-21.0683910665775;2.62194946718053;-261.091499314213;35.5312175466656;"T36";12.6094499370083;1;2;2;"S-3";2;"S-1"
-21.0079994484367;2.67550469060803;-261.373646706892;35.566330631645;"T36";12.6228419132531;1;2;2;"S-3";2;"S-1"
-20.9145760367724;2.65133951393488;-261.635238155737;35.5996459956389;"T36";12.6352939056233;1;2;2;"S-3";2;"S-1"
-21.087944650583;2.68640200537432;-262.467603472572;35.7051648955045;"T36";12.6750922412612;1;2;2;"S-3";2;"S-1"
-21.2610966751486;3.13533602388633;-264.425448447711;35.9545755779855;"T36";12.7679341472685;1;2;2;"S-3";2;"S-1"
-21.5578422537221;3.03118744360695;-269.075448559177;36.640302804728;"T36";12.9866434726864;1;2;2;"S-3";2;"S-1"
-21.4654703417687;2.80371988041898;-270.753556654389;36.8762568546443;"T36";13.0644855904393;1;2;2;"S-3";2;"S-1"
-21.236497487543;3.05211439633052;-273.232622950739;37.2000609618587;"T36";13.1799764814787;1;2;2;"S-3";2;"S-1"
-21.012142462052;3.51989623088106;-276.48616467904;37.6676607416169;"T36";13.3331816759892;1;2;2;"S-3";2;"S-1"
-20.9164207207;3.51769489586705;-276.959065748039;37.7468798261703;"T36";13.3556877612136;1;2;2;"S-3";2;"S-1"
-21.0738160085233;3.48480963032364;-277.943757702608;37.9124839660392;"T36";13.4027652209625;1;2;2;"S-3";2;"S-1"
-21.1528914861658;3.41171941995084;-278.304886417312;37.9722009542808;"T36";13.41990159126;1;2;2;"S-3";2;"S-1"
-21.3457704807979;3.03175402434721;-279.368026033604;38.1436732126903;"T36";13.4701613686047;1;2;2;"S-3";2;"S-1"
-21.8797691821305;2.82232532969352;-280.154639817654;38.2553964933068;"T36";13.5070124058984;1;2;2;"S-3";2;"S-1"
-22.0728754233659;2.32467300197405;-287.046599262441;39.1444073210868;"T36";13.8220047345385;1;2;2;"S-3";2;"S-1"
-22.0502002053539;2.25287942707738;-287.129594676877;39.153148239319;"T36";13.8257647980936;1;2;2;"S-3";2;"S-1"
-22.1465068946428;2.11509675003734;-287.43664592441;39.1845198111045;"T36";13.8396898983046;1;2;2;"S-3";2;"S-1"
-21.6422154150742;2.00485889621033;-289.056249579742;39.3391996639607;"T36";13.9128212351352;1;2;2;"S-3";2;"S-1"
-21.1579889317661;2.34007185289171;-292.28026179842;39.6378608432411;"T36";14.061789913103;1;2;2;"S-3";2;"S-1"
-21.1730915919416;2.25697688760821;-294.394272571262;39.8716702625669;"T36";14.1617054003291;1;2;2;"S-3";2;"S-1"
-21.2459124358685;2.36238818033772;-294.655289481017;39.8994937445574;"T36";14.1740331659093;1;2;2;"S-3";2;"S-1"
-21.0057890953306;2.46149141201667;-295.641142446053;40.0091132960445;"T36";14.2204351723194;1;2;2;"S-3";2;"S-1"
-21.0671043679903;2.42758247864922;-295.719008980401;40.0182378190372;"T36";14.2241420806386;1;2;2;"S-3";2;"S-1"
-21.6402324139915;2.24809797059476;-298.728698783376;40.3650472383218;"T36";14.3670041346923;1;2;2;"S-3";2;"S-1"
-21.6137777643365;2.37841202650857;-301.070849048636;40.6083617812263;"T36";14.4752354244702;1;2;2;"S-3";2;"S-1"
-21.2392978433601;2.33743538680856;-301.549109733588;40.6609902933402;"T36";14.4973630085588;1;2;2;"S-3";2;"S-1"
-20.8706661418887;2.37742976450209;-303.099765588088;40.8316436686919;"T36";14.5703718182631;1;2;2;"S-3";2;"S-1"
-21.3772251527652;2.24517750172061;-305.879859102549;41.1483310721723;"T36";14.7035776055418;1;2;2;"S-3";2;"S-1"
-21.4835620349415;2.28609467989317;-306.627623458459;41.2268662279971;"T36";14.7385570919141;1;2;2;"S-3";2;"S-1"
-21.6995970579017;2.15861561951682;-307.139439082522;41.2813292157156;"T36";14.7623806842603;1;2;2;"S-3";2;"S-1"
-21.4216559183273;2.11150061729903;-308.683030579492;41.4348814087182;"T36";14.8335152538493;1;2;2;"S-3";2;"S-1"
-20.9020903300349;2.17916553498358;-311.737782223034;41.73598371405;"T36";14.9761163513176;1;2;2;"S-3";2;"S-1"
-21.2886009868731;1.98421560141645;-315.75132121033;42.1544186981272;"T36";15.168132504914;1;2;2;"S-3";2;"S-1"
-21.1537106951376;2.10831722310325;-316.667361320461;42.2397987134305;"T36";15.2111621107906;1;2;2;"S-3";2;"S-1"
-21.136318529908;2.10277775341154;-316.712337308478;42.244281314688;"T36";15.2132882620208;1;2;2;"S-3";2;"S-1"
-20.560836768743;2.2909063110609;-319.456622016944;42.5173005174325;"T36";15.3431256650947;1;2;2;"S-3";2;"S-1"
-20.8846990744628;2.26859676539977;-320.746413367838;42.6610101912629;"T36";15.4058561543934;1;2;2;"S-3";2;"S-1"
-20.7873921445217;2.23794118416374;-321.174375717212;42.7074975262271;"T36";15.4263478238136;1;2;2;"S-3";2;"S-1"
-20.825070109609;2.24231566844553;-321.219889320787;42.7123974562988;"T36";15.4285373049788;1;2;2;"S-3";2;"S-1"
-21.3521656940169;2.14290374544978;-322.893703863353;42.8926235278132;"T36";15.5089122825302;1;2;2;"S-3";2;"S-1"
-21.6055937224454;2.34911236340925;-324.590963401109;43.0629605265316;"T36";15.588401153218;1;2;2;"S-3";2;"S-1"
-21.497930009458;2.3081855069705;-324.826614312489;43.0885821538048;"T36";15.5993080930784;1;2;2;"S-3";2;"S-1"
-21.9608303077491;1.97969569553832;-326.932720986662;43.3147101995897;"T36";15.6972759752534;1;2;2;"S-3";2;"S-1"
-22.0149654456784;2.03358272045261;-330.082744858619;43.5986743581742;"T36";15.8407142618671;1;2;2;"S-3";2;"S-1"
-21.7721895681621;1.5155203202485;-336.04397927141;44.1493299258303;"T36";16.1114952643402;1;2;2;"S-3";2;"S-1"
-21.4245309516457;1.47079193715053;-336.647346746324;44.1913291774878;"T36";16.1392080248334;1;2;2;"S-3";2;"S-1"
-21.3571651467115;2.05100224528776;-339.720709885001;44.4023152538927;"T36";16.2826586863957;1;2;2;"S-3";2;"S-1"
-21.4330012612065;2.03886461767354;-339.966610548871;44.4259299429327;"T36";16.2941724178381;1;2;2;"S-3";2;"S-1"
-21.4979432304642;2.05253495258344;-340.08424493752;44.4371201906219;"T36";16.2996608880349;1;2;2;"S-3";2;"S-1"
-21.5329892753224;2.15276472984171;-340.23148594737;44.4511781549551;"T36";16.3065099623054;1;2;2;"S-3";2;"S-1"
-21.5104083722882;2.30645079151468;-340.84079672482;44.512094116712;"T36";16.3348065805621;1;2;2;"S-3";2;"S-1"
-21.5238940606918;2.3796682020541;-340.938536107027;44.5225742094909;"T36";16.3393503986299;1;2;2;"S-3";2;"S-1"
-21.5641621607932;2.38465301688779;-340.992481309738;44.5285383572043;"T36";16.341856692452;1;2;2;"S-3";2;"S-1"
-21.9337700035522;2.24072376815082;-343.854679453084;44.8450519034561;"T36";16.4745860849507;1;2;2;"S-3";2;"S-1"
-21.9197742172818;2.23611092738503;-346.247495284618;45.0894986768861;"T36";16.5836788597517;1;2;2;"S-3";2;"S-1"
-21.9910033831713;2.11003487578629;-346.510252604489;45.1163034472451;"T36";16.5956660872325;1;2;2;"S-3";2;"S-1"
-21.5885467544225;2.15847708529048;-354.545383019516;45.8872735167677;"T36";16.9610487064347;1;2;2;"S-3";2;"S-1"
-21.7444418138357;2.20065838092344;-355.97261145638;46.0299713978011;"T36";17.0271591516212;1;2;2;"S-3";2;"S-1"
-21.7957662747691;2.11007104888821;-356.300845418898;46.0631904993399;"T36";17.0422542258166;1;2;2;"S-3";2;"S-1"
-21.9125948525334;2.30104313416494;-358.60562798188;46.2863189224852;"T36";17.1479987329803;1;2;2;"S-3";2;"S-1"
-21.8134564095782;2.67602223654103;-361.260161363004;46.5650716604496;"T36";17.2691406332888;1;2;2;"S-3";2;"S-1"
-21.9159534797014;2.43448821953506;-362.369391431856;46.7011493307624;"T36";17.3199913580902;1;2;2;"S-3";2;"S-1"
-20.684636204812;2.43008274546043;-368.516752208593;47.3840161476709;"T36";17.6004884298891;1;2;2;"S-3";2;"S-1"
-20.629314364589;2.43441749054785;-369.739461427973;47.5276630819129;"T36";17.6596003817394;1;2;2;"S-3";2;"S-1"
-20.9361791015093;2.3432009446306;-370.831183863972;47.6564947117988;"T36";17.7125213085674;1;2;2;"S-3";2;"S-1"
-20.5367680180974;2.75382933167192;-372.276587728881;47.8182659540682;"T36";17.7815598784946;1;2;2;"S-3";2;"S-1"
-20.3248201499227;2.9657600057541;-372.976014886681;47.9120539844351;"T36";17.8156171925366;1;2;2;"S-3";2;"S-1"
-20.1977399026562;2.82214114733846;-373.564148203828;47.9978733056975;"T36";17.8445538971573;1;2;2;"S-3";2;"S-1"
-20.6249838190119;2.8310807158998;-377.689446663246;48.5742830715172;"T36";18.048799445387;1;2;2;"S-3";2;"S-1"
-20.7187595749107;2.75908316617197;-379.563404703767;48.8315112234265;"T36";18.1396580883302;1;2;2;"S-3";2;"S-1"
-21.3991785667142;2.3031608594151;-386.875908033205;49.8053052754247;"T36";18.4925992623903;1;2;2;"S-3";2;"S-1"
-21.3459178038319;2.18365324838926;-388.114524589689;49.9386156809538;"T36";18.5504807624966;1;2;2;"S-3";2;"S-1"
-21.219268017158;2.39828791173606;-389.479149189064;50.0782145947433;"T36";18.6144098290242;1;2;2;"S-3";2;"S-1"
-21.1455924514378;2.43920902471417;-389.567519343931;50.0882025488049;"T36";18.6185744474642;1;2;2;"S-3";2;"S-1"
-21.1902021617365;2.43070155063788;-389.790249608359;50.1138951687831;"T36";18.6291076242924;1;2;2;"S-3";2;"S-1"
-21.2607362949491;2.31083780151079;-390.751770863506;50.2241900677189;"T36";18.6744833714329;1;2;2;"S-3";2;"S-1"
-21.1755475951095;2.39748013716793;-391.363797622471;50.2907114971997;"T36";18.7032700865529;1;2;2;"S-3";2;"S-1"
-21.2272701694428;2.35235760826596;-391.717187169827;50.330722005389;"T36";18.7199586536735;1;2;2;"S-3";2;"S-1"
-21.2938165535135;2.39459092735576;-392.15373585351;50.3790993336673;"T36";18.7405241187662;1;2;2;"S-3";2;"S-1"
-21.391762475349;2.42023333708815;-392.420572956362;50.4091064347412;"T36";18.7530553201213;1;2;2;"S-3";2;"S-1"
-21.6149271193804;2.44676034629933;-394.261979183176;50.6174404952186;"T36";18.8391354749911;1;2;2;"S-3";2;"S-1"
-21.6771987931211;2.52501112716711;-394.440469262863;50.6376451642779;"T36";18.8473931979388;1;2;2;"S-3";2;"S-1"
-21.7083142794098;2.4982973828473;-394.487184865214;50.6430867075729;"T36";18.8495482550934;1;2;2;"S-3";2;"S-1"
-21.5183544993633;2.45727598125551;-394.883829618691;50.6887344965618;"T36";18.8678198144771;1;2;2;"S-3";2;"S-1"
-21.4157367793496;2.49811086863671;-395.476507982111;50.7564150576886;"T36";18.8953627366573;1;2;2;"S-3";2;"S-1"
-21.7693861719347;2.15136498509989;-396.547557023495;50.8813511866059;"T36";18.9453749801032;1;2;2;"S-3";2;"S-1"
-21.5790110853655;2.09304854618703;-397.488897538627;50.9743793963733;"T36";18.9886164618656;1;2;2;"S-3";2;"S-1"
-21.5073392559632;2.10789115787392;-398.15297719253;51.0387915674713;"T36";19.0193907939829;1;2;2;"S-3";2;"S-1"
-21.5888187188126;2.26493130824892;-400.646219833389;51.2831492750684;"T36";19.1353159956634;1;2;2;"S-3";2;"S-1"
-21.697688801661;2.25164722009948;-404.335207288184;51.6701692084389;"T36";19.3061909056269;1;2;2;"S-3";2;"S-1"
-21.4873572231941;2.35644825310698;-404.79864263351;51.7182615613406;"T36";19.3275496480055;1;2;2;"S-3";2;"S-1"
-21.583811366805;2.31007126379067;-405.592760368137;51.8053498583835;"T36";19.3645070889033;1;2;2;"S-3";2;"S-1"
-22.1181670073634;2.01118675577893;-406.460010542877;51.8981698739562;"T36";19.4046876742505;1;2;2;"S-3";2;"S-1"
-22.0115278284175;1.94933146762615;-407.826891486035;52.022459235217;"T36";19.4664866896346;1;2;2;"S-3";2;"S-1"
-22.2041805436492;1.9845691821808;-409.718985819634;52.1900222982154;"T36";19.5524459355511;1;2;2;"S-3";2;"S-1"
-22.1582518158356;1.818923807516;-411.424378355188;52.3424471743745;"T36";19.6292509557679;1;2;2;"S-3";2;"S-1"
-21.6829939206947;1.96702484443208;-412.799418754845;52.4553213189605;"T36";19.691306410823;1;2;2;"S-3";2;"S-1"
-21.5138275599291;1.85271350407832;-415.577346955128;52.7073277441797;"T36";19.8194219381548;1;2;2;"S-3";2;"S-1"
-21.0530902652898;1.88106409397513;-420.307526805315;53.1146782289202;"T36";20.039288897533;1;2;2;"S-3";2;"S-1"
-21.1162020919284;2.27500333102726;-423.351209456017;53.386627005824;"T36";20.1838606735691;1;2;2;"S-3";2;"S-1"
-21.0982870965682;2.30343216949995;-423.528390244262;53.4057159916983;"T36";20.1922514243051;1;2;2;"S-3";2;"S-1"
-21.6609162609633;2.46807012262669;-425.547542395922;53.6261594807815;"T36";20.2879536082037;1;2;2;"S-3";2;"S-1"
-22.0635284028787;2.40998869757547;-428.194909306674;53.9278035616385;"T36";20.4101722105406;1;2;2;"S-3";2;"S-1"
-22.0906502321548;2.48674963673305;-428.537403629326;53.965214053356;"T36";20.4256953089498;1;2;2;"S-3";2;"S-1"
-21.8835286751309;2.25206599759669;-430.837227560612;54.2241057684288;"T36";20.5298037850298;1;2;2;"S-3";2;"S-1"
-21.8508475158975;2.24274630376678;-432.133855359636;54.3575436349205;"T36";20.5890550976619;1;2;2;"S-3";2;"S-1"
-21.730303488677;2.36288831389033;-432.850025519893;54.4310505311001;"T36";20.6218304927461;1;2;2;"S-3";2;"S-1"
-21.1428542746305;2.16741224464752;-436.747020844181;54.8547981660948;"T36";20.8011650945991;1;2;2;"S-3";2;"S-1"
-21.3160597992273;2.15225420755824;-437.020906331724;54.8828749220343;"T36";20.8141191396862;1;2;2;"S-3";2;"S-1"
-21.4097098512963;2.0739998918772;-437.314312838174;54.9124997867597;"T36";20.82788371481;1;2;2;"S-3";2;"S-1"
-21.3642265452947;2.0692146505988;-437.918701336597;54.9710480664462;"T36";20.8561133593321;1;2;2;"S-3";2;"S-1"
-21.1015389076239;2.02914043380917;-438.67003019916;55.043817407594;"T36";20.8912809728645;1;2;2;"S-3";2;"S-1"
-21.1513610477939;2.11563356234266;-439.682848646107;55.1412108191269;"T36";20.9392783464864;1;2;2;"S-3";2;"S-1"
-21.6905768294147;2.19821078911048;-443.042990281965;55.4773040096778;"T36";21.0981400683522;1;2;2;"S-3";2;"S-1"
-21.6257173164325;2.18649862902977;-443.660907756455;55.5399262658716;"T36";21.126627898775;1;2;2;"S-3";2;"S-1"
-21.1600409726776;2.33458620111739;-449.030357965307;56.0828120970564;"T36";21.374917938374;1;2;2;"S-3";2;"S-1"
-21.1054136596948;2.72089326791051;-450.423436544749;56.2365103830303;"T36";21.4407532825135;1;2;2;"S-3";2;"S-1"
-21.0687854981058;2.66985594600748;-450.640653445376;56.2645138143831;"T36";21.4510452817194;1;2;2;"S-3";2;"S-1"
-21.0730890367864;2.67882787213711;-450.73822645649;56.2768783564169;"T36";21.4556764462031;1;2;2;"S-3";2;"S-1"
-21.4903546600893;2.74783395173077;-454.277957825531;56.7268518289682;"T36";21.6236504609697;1;2;2;"S-3";2;"S-1"
-21.6981294261194;2.33801281131248;-457.766170913389;57.1728672859158;"T36";21.7859657481313;1;2;2;"S-3";2;"S-1"
-21.9159861802753;2.56051935642189;-458.351126877718;57.2358973523237;"T36";21.8129245680757;1;2;2;"S-3";2;"S-1"
-21.7570367117862;2.49162391208184;-462.206042468697;57.6862802785988;"T36";21.9888197141699;1;2;2;"S-3";2;"S-1"
-21.3358436468986;2.59719640867441;-463.617302505082;57.8478983012828;"T36";22.0536842476577;1;2;2;"S-3";2;"S-1"
-20.8696396995695;2.79740248847858;-464.86436523688;57.9997023218792;"T36";22.1121334354393;1;2;2;"S-3";2;"S-1"
-20.7300422001417;2.81883128266566;-465.621097331798;58.1011359966291;"T36";22.1483933855779;1;2;2;"S-3";2;"S-1"
-21.1315663557711;2.57205895164389;-467.111895309212;58.3038518393804;"T36";22.2203082405031;1;2;2;"S-3";2;"S-1"
-21.4613897451705;2.44491461038461;-467.615526608828;58.3651520464118;"T36";22.2441413672641;1;2;2;"S-3";2;"S-1"
-21.4383082610532;2.43808230275308;-467.692575333587;58.3739295559352;"T36";22.2477314760908;1;2;2;"S-3";2;"S-1"
-21.3257323498496;2.39045990149461;-469.163474603621;58.5412083092647;"T36";22.3163422662765;1;2;2;"S-3";2;"S-1"
-21.2773987381054;2.25216798750891;-469.578158488715;58.5876913647045;"T36";22.3357875016518;1;2;2;"S-3";2;"S-1"
-21.3979032692635;2.16986295155468;-470.569342569932;58.6926061188492;"T36";22.3823713953607;1;2;2;"S-3";2;"S-1"
-21.6593542250961;2.1586411168326;-471.095411910157;58.745952391002;"T36";22.40695648361;1;2;2;"S-3";2;"S-1"
-21.7056758625459;2.04797200154085;-472.208488043431;58.8568851493142;"T36";22.458346572239;1;2;2;"S-3";2;"S-1"
-21.6756533426031;1.90928824853989;-473.438341255126;58.9729241503343;"T36";22.5150070153177;1;2;2;"S-3";2;"S-1"
-21.1788660755804;2.34048023624435;-477.280306634754;59.3113416012263;"T36";22.6922549773008;1;2;2;"S-3";2;"S-1"
-20.920281019831;2.59761608425687;-478.420038115962;59.4372935288164;"T36";22.7460695430636;1;2;2;"S-3";2;"S-1"
-20.8207536090762;2.68059836124143;-478.556624723909;59.4542531274642;"T36";22.7525984519161;1;2;2;"S-3";2;"S-1"
-20.7865396056079;2.84839467652653;-479.739066381904;59.6064883073332;"T36";22.8093899437226;1;2;2;"S-3";2;"S-1"
-21.0199657340108;2.74862615168176;-480.355403831553;59.6909454773978;"T36";22.8390407399274;1;2;2;"S-3";2;"S-1"
-21.1271210892956;2.74491329633259;-481.245170095166;59.8072936604537;"T36";22.8813703171909;1;2;2;"S-3";2;"S-1"
-21.1863179317296;2.69820555676543;-481.648251580267;59.8596634898916;"T36";22.9004491819069;1;2;2;"S-3";2;"S-1"
-21.2174895130661;2.72259621852513;-481.925176375653;59.8949315352463;"T36";22.9135201079771;1;2;2;"S-3";2;"S-1"
-21.2384348877104;2.6554530432539;-482.186514850836;59.9284660937929;"T36";22.9258372331969;1;2;2;"S-3";2;"S-1"
-21.1586479802172;2.74372891542039;-483.123770410412;60.0456516651941;"T36";22.9699673946016;1;2;2;"S-3";2;"S-1"
-21.2220105832833;2.50401734999818;-485.63505108399;60.371299759783;"T36";23.0886555393226;1;2;2;"S-3";2;"S-1"
-21.3302714624274;2.48115018498972;-487.075594096302;60.5412716237631;"T36";23.1565352063626;1;2;2;"S-3";2;"S-1"
-21.1673480299439;2.41361968140471;-493.771715912368;61.320168597105;"T36";23.4704609727487;1;2;2;"S-3";2;"S-1"
-21.1611211875397;2.9669987668995;-497.730353334654;61.7715546271574;"T36";23.6574771930464;1;2;2;"S-3";2;"S-1"
-21.2592428628135;2.62759095295267;-502.677817290857;62.4652380727198;"T36";23.8912769011222;1;2;2;"S-3";2;"S-1"
-20.8212255383816;2.74355549079278;-503.560007103117;62.5742745978886;"T36";23.9327736664563;1;2;2;"S-3";2;"S-1"
-20.7639828475697;2.75024043632898;-506.550927663476;62.9683799549806;"T36";24.0764213376679;1;2;2;"S-3";2;"S-1"
-20.7202062585075;2.8662520329617;-507.001638603117;63.0280777239682;"T36";24.0981277194805;1;2;2;"S-3";2;"S-1"
-20.630338609924;2.87749704397728;-507.916029232726;63.1545665227929;"T36";24.1422581020743;1;2;2;"S-3";2;"S-1"
-18.6696253640492;0.927893760838277;-509.36506313404;63.3566761849992;"T36";24.2124961107038;3;2;1;"S-4-NA";3;"S-2"
-10.1568650330216;-2.51511128007679;-515.390680178756;63.6561536705924;"T36";24.5352458674461;3;2;1;"S-4-NA";3;"S-2"
-8.27200451996382;-2.38389125865657;-516.636061429756;63.3477639832034;"T36";24.6578605961986;3;2;1;"S-4-NA";3;"S-2"
-6.62579390715675;-1.77366139246984;-518.089837522719;62.9288033658953;"T36";24.833607126493;3;2;1;"S-4-NA";3;"S-2"
-4.41707281742123;-0.787023900189533;-519.578365545926;62.5303387104343;"T36";25.0582636799663;3;2;1;"S-4-NA";3;"S-2"
-3.89944832009854;-0.182423690302842;-519.883059245838;62.4760490860653;"T36";25.1272445893846;3;2;1;"S-4-NA";3;"S-2"
-3.20859280120833;0.856974875567128;-520.572489682168;62.4437962046118;"T36";25.304046634119;3;2;1;"S-4-NA";3;"S-2"
-3.17066086802645;0.98206414188573;-520.644874667533;62.4631293259112;"T36";25.3266063635238;3;2;1;"S-4-NA";3;"S-2"
-3.01542763807268;1.04603960643247;-520.665603233033;62.4695496848639;"T36";25.3331439802423;3;2;1;"S-4-NA";3;"S-2"
-3.04225876011341;1.01770490257341;-520.683256818215;62.4756736418986;"T36";25.3389984020032;3;2;1;"S-4-NA";3;"S-2"
-3.14284664443944;1.13586375079468;-520.782316988528;62.508811526913;"T36";25.3715597908013;3;2;1;"S-4-NA";3;"S-2"
-3.80801018105652;2.11025855380196;-521.523240860408;62.7765906021841;"T36";25.6073090829886;3;2;1;"S-4-NA";3;"S-2"
-3.64956372175002;2.28824835423341;-521.71970810802;62.8854654922456;"T36";25.6589022348635;3;2;1;"S-4-NA";3;"S-2"
-3.8678525649904;2.09193868498198;-521.785295558617;62.9265883187882;"T36";25.6768735474907;3;2;1;"S-4-NA";3;"S-2"
-3.82784570647092;2.08140413860732;-521.908867049531;62.9934222991071;"T36";25.708821893204;3;2;1;"S-4-NA";3;"S-2"
-3.63326927250295;2.49151411019027;-522.77377051544;63.4637165041204;"T36";25.9347723447718;3;2;3;"S-5-NA";3;"S-2"
-4.0155040808085;2.71850628733946;-523.950144805625;64.2704150786088;"T36";26.2585507938638;3;2;3;"S-5-NA";3;"S-2"
-3.75033706905832;2.76195724092936;-524.008888337925;64.310184596628;"T36";26.2731799739413;3;2;3;"S-5-NA";3;"S-2"
-3.93848317977651;2.89364950402706;-524.110867153607;64.3852874802377;"T36";26.3003718806431;3;2;3;"S-5-NA";3;"S-2"
-4.14494993812292;2.88983440540634;-524.696980039924;64.8159114502739;"T36";26.4491887879558;3;2;3;"S-5-NA";3;"S-2"
-4.20619606983113;2.77754836060731;-524.797475430035;64.8859762376088;"T36";26.4734340482391;3;2;3;"S-5-NA";3;"S-2"
-4.41238373272455;3.12596485765766;-525.175982193554;65.1359219897889;"T36";26.5634219511412;3;2;1;"S-6-NA";3;"S-2"
-4.2451386629362;3.01166587760426;-525.267140578198;65.2005033870878;"T36";26.5840816195123;3;2;1;"S-6-NA";3;"S-2"
-4.25707553442341;2.80225855979366;-525.390311768115;65.2878858024174;"T36";26.613096264191;3;2;3;"S-7-NA";3;"S-2"
-4.58027039057506;2.73389186438405;-525.621809928427;65.4402715649118;"T36";26.6674758866429;3;2;1;"S-8-NA";3;"S-2"
-4.02270981962634;2.94548952058047;-526.073980757025;65.7101652707859;"T36";26.7661973135546;3;2;3;"S-9-NA";3;"S-2"
-4.16362314757128;2.899963913336;-526.089100688289;65.7212363152028;"T36";26.7699559568428;3;2;3;"S-9-NA";3;"S-2"
-4.84530383911357;2.63092705825864;-526.771115447606;66.1962596591227;"T36";26.9337591482326;3;2;1;"S-10-NA";3;"S-2"
-4.81302685052857;2.72046490336009;-527.014657559111;66.3284993601323;"T36";26.9840226857923;3;2;1;"S-10-NA";3;"S-2"
-4.69956131324823;2.60037895400602;-527.273630127838;66.4748783033696;"T36";27.0378292771056;3;2;1;"S-10-NA";3;"S-2"
-4.49286702725103;2.78576050825791;-527.426210617364;66.5593047141152;"T36";27.0702962414362;3;2;1;"S-10-NA";3;"S-2"
-4.65648030935417;2.41467623623392;-527.630612360938;66.6860421184525;"T36";27.1157909650356;3;2;1;"S-10-NA";3;"S-2"
-4.71257377277437;2.39628264432731;-527.642645415655;66.6922820098178;"T36";27.1183751174249;3;2;1;"S-10-NA";3;"S-2"
-4.80274150313161;2.39863098915765;-527.657664705619;66.6999191239735;"T36";27.1215621847659;3;2;1;"S-10-NA";3;"S-2"
-4.70464019962266;2.31757203248747;-527.768638959381;66.7553429447018;"T36";27.144668623805;3;2;1;"S-10-NA";3;"S-2"
-4.69789740934437;2.12010640458255;-528.41006309637;67.0713175097632;"T36";27.2810072405264;3;2;3;"S-11-NA";3;"S-2"
-4.76900402350257;2.10636458577333;-528.604158944086;67.1589107060361;"T36";27.3223227122799;3;2;3;"S-11-NA";3;"S-2"
-4.88235709080408;1.88330299806592;-529.424943208905;67.5214331319879;"T36";27.494430821389;3;2;1;"S-12-NA";3;"S-2"
-4.55795417503789;1.94377478406289;-529.634082698782;67.602105852351;"T36";27.5372665841132;3;2;3;"S-13-NA";3;"S-2"
-4.51416951495432;2.40730998036001;-530.364294697342;67.9135104025756;"T36";27.6974726701155;3;2;3;"S-13-NA";3;"S-2"
-4.84164722956512;2.28778772636052;-530.531860789527;68.0028698129277;"T36";27.7345926966518;3;2;1;"S-14-NA";3;"S-2"
-4.66375794707982;2.30271039818654;-530.73589093554;68.0992786675437;"T36";27.7767333434895;3;2;3;"S-15-NA";3;"S-2"
-4.67926102723947;2.13713887293427;-531.258900461409;68.3575123681848;"T36";27.8888767119497;3;2;3;"S-15-NA";3;"S-2"
-4.98948766063588;2.17551461678038;-531.442420951048;68.4413308963894;"T36";27.9280966846272;3;2;1;"S-16-NA";3;"S-2"
-4.93974253047594;2.07910162573378;-531.628456663856;68.5224461210345;"T36";27.9653822188266;3;2;1;"S-16-NA";3;"S-2"
-4.79803642740416;2.18069776094892;-531.831658574269;68.6079723240067;"T36";28.0065183527768;3;2;1;"S-16-NA";3;"S-2"
-4.682946336191;2.26418308906311;-531.986922818908;68.6785396062193;"T36";28.0388783081435;3;2;3;"S-17-NA";3;"S-2"
-4.51600036545392;2.46104532422902;-532.210754693259;68.7867612915248;"T36";28.0866755405441;3;2;3;"S-17-NA";3;"S-2"
-4.37118884513543;2.57564082582184;-532.32154038598;68.8471352040582;"T36";28.1112073571421;3;2;3;"S-17-NA";3;"S-2"
-4.33977415335214;2.62984009989763;-532.397978507248;68.8921749295793;"T36";28.1286941608414;3;2;3;"S-17-NA";3;"S-2"
-4.65781252386458;2.49230670173567;-532.793566534143;69.131895527796;"T36";28.2198482193053;3;2;1;"S-18-NA";3;"S-2"
-4.65467799596684;2.47552263732783;-532.802554445594;69.1367047879006;"T36";28.2217778614722;3;2;1;"S-18-NA";3;"S-2"
-4.54652564413532;2.37339602127588;-532.974284652073;69.2280369947729;"T36";28.258671972435;3;2;3;"S-19-NA";3;"S-2"
-4.61562128237369;2.45145751675508;-533.021575494881;69.252723955091;"T36";28.2690735068172;3;2;3;"S-19-NA";3;"S-2"
-4.68459118876656;2.33749773666269;-533.120548655656;69.3052907676814;"T36";28.2905165920965;3;2;3;"S-19-NA";3;"S-2"
-4.37957612993646;2.79192014169968;-533.715102409134;69.6019587152307;"T36";28.4174334839918;3;2;1;"S-20-NA";3;"S-2"
-4.38088264317539;2.61222677252897;-534.086093825594;69.8384606910571;"T36";28.5021429182962;3;2;3;"S-21";3;"S-2"
-3.95834499556495;2.91682735678117;-534.852894478347;70.2956875463431;"T36";28.6771762883291;3;2;3;"S-21";3;"S-2"
-3.87119293884883;2.99034925209645;-534.921915038934;70.3465474535831;"T36";28.6946130101569;3;2;3;"S-21";3;"S-2"
-3.90255037964133;2.92984061885959;-535.01709659069;70.4200715807976;"T36";28.7192001473159;3;2;3;"S-21";3;"S-2"
-3.87709798905636;2.75169867507369;-535.305160747405;70.6363358144596;"T36";28.793014481198;3;2;3;"S-21";3;"S-2"
-3.81163573100788;2.82266609489153;-535.703693256996;70.9191869009452;"T36";28.8958059274592;3;2;3;"S-21";3;"S-2"
-3.73420120367757;2.79677287045142;-535.782047461755;70.9772112696873;"T36";28.9163625100628;3;2;3;"S-21";3;"S-2"
-4.13308391927627;2.55079420525351;-536.263914106137;71.3381108261587;"T36";29.0454039350152;3;2;3;"S-21";3;"S-2"
-4.17469524786808;2.68673837636702;-536.304342903279;71.363062059545;"T36";29.0551856858656;3;2;3;"S-21";3;"S-2"
-4.43841878052253;2.42464563284873;-536.510037633527;71.4954424832074;"T36";29.1044574812986;3;2;3;"S-21";3;"S-2"
-3.96476424229752;2.38892652439386;-536.95409938849;71.7380271621499;"T36";29.2045070207678;3;2;3;"S-21";3;"S-2"
-4.06994521630623;2.29010026106326;-537.041415331617;71.7906384549762;"T36";29.2265300056897;3;2;3;"S-21";3;"S-2"
-4.06323191236098;2.36868859678443;-537.082219756985;71.8135985245158;"T36";29.2365557979792;3;2;3;"S-21";3;"S-2"
-4.12493953342456;2.15306499706188;-537.30000511148;71.9405579737583;"T36";29.2901548440568;3;2;3;"S-21";3;"S-2"
-4.36062222035931;2.08017707919086;-537.398347107909;71.9918888377718;"T36";29.3139956775121;3;2;3;"S-21";3;"S-2"
-4.43435603777937;2.07892081850705;-538.056807092263;72.3059984528222;"T36";29.4649970601313;3;2;3;"S-21";3;"S-2"
-4.4815202100083;2.12577771227277;-538.167475007395;72.3578819350566;"T36";29.48995399056;3;2;3;"S-21";3;"S-2"
-4.48422947589668;2.15114324963953;-538.247660135761;72.3959171888876;"T36";29.5078463852406;3;2;3;"S-21";3;"S-2"
-4.69445811397752;2.24217238258831;-538.386322650298;72.4624354020449;"T36";29.5387686463073;3;2;3;"S-21";3;"S-2"
-4.62464767609838;2.17439638094047;-538.648942146039;72.5878680219949;"T36";29.5947110978886;3;2;3;"S-21";3;"S-2"
-4.38769864505261;2.0809082763048;-538.868050791959;72.690887555609;"T36";29.6420895494521;3;2;3;"S-21";3;"S-2"
-4.04351015287077;2.03685064470809;-539.237121221592;72.8659227559931;"T36";29.7262043575756;3;2;3;"S-21";3;"S-2"
-3.98332423169871;2.07450529969122;-539.278447292692;72.8867400734674;"T36";29.736424703151;3;2;3;"S-21";3;"S-2"
-3.90203813094817;2.27879801302358;-539.775242602188;73.1454698284317;"T36";29.8611434758641;3;2;3;"S-21";3;"S-2"
-4.00699808936128;2.39231764394144;-539.867692174211;73.1994605619823;"T36";29.8848361126147;3;2;3;"S-21";3;"S-2"
-4.0488531292923;2.52144819232521;-540.587904439406;73.6294524089922;"T36";30.0645747222006;3;2;3;"S-21";3;"S-2"
-4.03356048405126;2.48550435614187;-540.601564402907;73.6379592352899;"T36";30.0679485080764;3;2;3;"S-21";3;"S-2"
-3.99691968735956;2.44762884551596;-540.919218349771;73.8336995178018;"T36";30.1467012497596;3;2;3;"S-21";3;"S-2"
-3.5523570313457;2.77802914655015;-541.254050911218;74.0387438769381;"T36";30.2304739016108;3;2;3;"S-21";3;"S-2"
-3.72903574509562;2.57424549373739;-541.408803265914;74.1597639624899;"T36";30.2740371902473;3;2;3;"S-21";3;"S-2"
-3.70061453257357;2.70091352961526;-542.181169722077;74.6929476070571;"T36";30.4811594891362;3;2;3;"S-21";3;"S-2"
-3.79171168756667;2.75029767922324;-542.592286269621;74.9930032426104;"T36";30.5922536179423;3;2;3;"S-21";3;"S-2"
-3.77789021766958;2.75458264941429;-542.641630851244;75.028795069496;"T36";30.6052674190141;3;2;3;"S-21";3;"S-2"
-3.7452708492651;2.68562360888953;-542.902576773246;75.2190592295869;"T36";30.6743392837234;3;2;3;"S-21";3;"S-2"
-3.83096616575614;2.56046228206086;-543.154599362914;75.3997772187596;"T36";30.7416301686317;3;2;3;"S-21";3;"S-2"
-3.81120415604142;2.61487980565435;-543.18238161622;75.4183457491571;"T36";30.7488821912557;3;2;3;"S-21";3;"S-2"
-3.60036789245124;2.72401052776016;-543.334516150502;75.5227257574561;"T36";30.7887998991646;3;2;3;"S-21";3;"S-2"
-4.11150030736085;2.79550193232646;-543.654678893171;75.7649584146957;"T36";30.8777249068953;3;2;3;"S-21";3;"S-2"
-4.12656149160938;2.60094200929486;-544.251982581798;76.1710786848927;"T36";31.0230012401007;3;2;3;"S-21";3;"S-2"
-4.24098717360424;2.6937356566814;-545.540363257316;76.9831357521949;"T36";31.3352177618071;3;2;3;"S-21";3;"S-2"
-4.33383321809275;2.68449339749553;-546.188695210166;77.3949348987775;"T36";31.4880906487815;3;2;3;"S-21";3;"S-2"
-4.23239631598552;2.26718475646788;-546.55511229755;77.6219035434651;"T36";31.5726386848837;3;2;3;"S-21";3;"S-2"
-4.41985563656456;2.1491709914847;-546.860320603277;77.7853957040831;"T36";31.64475109661;3;2;3;"S-21";3;"S-2"
-4.38470854665517;1.90801519928585;-547.924293487679;78.3027564160407;"T36";31.885476806201;3;2;3;"S-21";3;"S-2"
-4.29713639595719;1.99456745077008;-548.129076300459;78.3918680902099;"T36";31.9321806658991;3;2;3;"S-21";3;"S-2"
-4.5861059558122;2.4656307452073;-548.858622959569;78.7304959311713;"T36";32.1019557421096;3;2;3;"S-21";3;"S-2"
-4.5181471962423;2.49417837855346;-548.911339340909;78.7588378691596;"T36";32.1134505444206;3;2;3;"S-21";3;"S-2"
-4.46479617978071;2.49302203185124;-549.008708258308;78.8125889839353;"T36";32.1350011741742;3;2;3;"S-21";3;"S-2"
-4.65284330294117;2.42357402546712;-549.126651191471;78.8784451437772;"T36";32.1614173706621;3;2;1;"S-22-NA";3;"S-2"
-4.63956505173405;1.59980513561477;-550.01960519043;79.3435672157896;"T36";32.3533331393264;3;2;1;"S-22-NA";3;"S-2"
-4.53251047188473;1.9329466876583;-550.529615017544;79.519427739682;"T36";32.4632593546994;3;2;3;"S-23-NA";3;"S-2"
-4.33820704717998;2.13052160149294;-550.770477307358;79.6221465239333;"T36";32.5164003879763;3;2;3;"S-23-NA";3;"S-2"
-4.31332838749497;2.02993568586343;-551.069920313891;79.7692049254565;"T36";32.5854249880649;3;2;3;"S-23-NA";3;"S-2"
-4.45737967305695;2.00521976380982;-551.455772218585;79.9507942876457;"T36";32.6748807099648;3;2;3;"S-23-NA";3;"S-2"
-4.13171405938132;2.1820899462715;-551.761205563469;80.0881981043744;"T36";32.7434037812054;3;2;3;"S-23-NA";3;"S-2"
-4.35297755627812;2.15064292974755;-551.924791661906;80.1745931393695;"T36";32.7829965739511;3;2;3;"S-23-NA";3;"S-2"
-4.49424692179624;2.42716679316904;-552.650190591548;80.532985540688;"T36";32.9496408812702;3;2;3;"S-23-NA";3;"S-2"
-4.43833803397953;2.53253738693553;-552.836693946045;80.6337087000354;"T36";32.9911391250789;3;2;3;"S-23-NA";3;"S-2"
-4.27418022339629;2.70303487347498;-553.541149326046;81.0356743848529;"T36";33.1498596584424;3;2;3;"S-23-NA";3;"S-2"
-4.13106058719391;2.70783982144589;-553.657203955297;81.1090685080992;"T36";33.1770121469162;3;2;3;"S-23-NA";3;"S-2"
-4.4521984111775;2.68944771480634;-553.876227482102;81.2526346977489;"T36";33.2300308626145;3;2;1;"S-24-NA";3;"S-2"
-4.38494694537413;2.70203168159477;-554.057497192283;81.3621346262758;"T36";33.270745514892;3;2;3;"S-25-NA";3;"S-2"
-4.08259988180913;2.7337613962779;-554.339599873926;81.5359680597831;"T36";33.3350798580796;3;2;3;"S-25-NA";3;"S-2"
-4.13404284232483;2.46408773948646;-554.56506960918;81.6869454947783;"T36";33.3903068560176;3;2;3;"S-25-NA";3;"S-2"
-4.32778722809391;2.53929786601002;-555.727913584564;82.3800562563174;"T36";33.67159179179;3;2;3;"S-25-NA";3;"S-2"
-4.18832879632258;2.47487925937541;-556.024600268842;82.5541350232608;"T36";33.7401456898078;3;2;3;"S-25-NA";3;"S-2"
-4.13868116041133;2.26335185261987;-556.219612926694;82.6693678060017;"T36";33.7867066613398;3;2;3;"S-25-NA";3;"S-2"
-3.95662709551904;2.31077899061393;-556.352022245753;82.7417794912658;"T36";33.8186997803859;3;2;3;"S-25-NA";3;"S-2"
-4.02031141322008;2.51718832596691;-556.473921097151;82.8129717714552;"T36";33.849508559797;3;2;3;"S-25-NA";3;"S-2"
-4.12315752306074;2.50842414620276;-557.028759982068;83.1603662442602;"T36";33.9875174919143;3;2;3;"S-25-NA";3;"S-2"
-4.10679374672838;2.50252008618433;-557.035646043562;83.1645555488953;"T36";33.9891875861213;3;2;3;"S-25-NA";3;"S-2"
-4.33356313809038;2.19295889763082;-557.912722925354;83.699012024963;"T36";34.2027548933402;3;2;3;"S-25-NA";3;"S-2"
-4.59590382258006;2.12674980667857;-558.723030081955;84.109060346;"T36";34.3897389364429;3;2;3;"S-25-NA";3;"S-2"
-4.72308257097933;2.21616150405963;-558.936194860659;84.2077021299453;"T36";34.4361204071902;3;2;3;"S-25-NA";3;"S-2"
-4.44440807245376;1.74076375144688;-559.328092734434;84.3915881764688;"T36";34.5190954278223;3;2;3;"S-25-NA";3;"S-2"
-3.80633935468404;1.77125391449398;-560.036362723168;84.6689998593129;"T36";34.6784574794583;3;2;1;"S-26-NA";3;"S-2"
-3.82975487687203;1.85183820498977;-560.208966151164;84.7493196808018;"T36";34.7238037851639;3;2;1;"S-26-NA";3;"S-2"
-3.95512307105479;2.26331688478675;-560.911638118302;85.0890894144157;"T36";34.9072807934135;3;2;3;"S-27-NA";3;"S-2"
-3.9699280919614;2.34713686122828;-561.172329217476;85.2382697448056;"T36";34.9731930531561;3;2;3;"S-27-NA";3;"S-2"
-3.93746974565242;2.56149574802395;-561.512528210003;85.4394052759833;"T36";35.0588870467618;3;2;3;"S-27-NA";3;"S-2"
-4.5151871721938;2.48217051110643;-561.639710688832;85.5221430237725;"T36";35.0911876070313;3;2;3;"S-27-NA";3;"S-2"
-4.47484799085837;2.54789258523336;-561.834127298206;85.629021245262;"T36";35.134245979134;3;2;3;"S-27-NA";3;"S-2"
-4.15860770797068;2.62788217320138;-562.439102805774;85.973482691356;"T36";35.2694406290539;3;2;3;"S-27-NA";3;"S-2"
-4.15475099400943;2.60969175503088;-562.458477659712;85.9857259316054;"T36";35.274099605158;3;2;3;"S-27-NA";3;"S-2"
-3.99217916300219;2.69351221022315;-562.691773492804;86.1322642471342;"T36";35.3302511852235;3;2;3;"S-27-NA";3;"S-2"
-3.87899311706698;2.82425396799989;-562.92692174666;86.2909181219007;"T36";35.3891534148715;3;2;3;"S-27-NA";3;"S-2"
-3.97701143905182;2.86027768121076;-563.186048994676;86.4795859375783;"T36";35.4559561237693;3;2;3;"S-27-NA";3;"S-2"
-4.38925308342568;2.89792166906553;-563.564896618484;86.7520542016421;"T36";35.5512154987082;3;2;1;"S-28-NA";3;"S-2"
-4.23941720902984;2.9560176568655;-563.631278113028;86.7958813330027;"T36";35.5663391412236;3;2;1;"S-28-NA";3;"S-2"
-4.65649650158817;2.45094451237772;-564.074666638252;87.1050427683579;"T36";35.6709262821823;3;2;1;"S-28-NA";3;"S-2"
-4.46189871787354;2.49721570112514;-564.096723258657;87.1166522590397;"T36";35.6756630237214;3;2;3;"S-29-NA";3;"S-2"
-4.29836430801346;2.41846528776154;-564.170362912713;87.1578665742808;"T36";35.6921671307646;3;2;3;"S-29-NA";3;"S-2"
-4.24365716624895;2.34469165816228;-564.209209012919;87.1797232476991;"T36";35.7012045453303;3;2;3;"S-29-NA";3;"S-2"
-4.08465378501563;2.50576958423519;-564.362239864335;87.264275356105;"T36";35.7372656231746;3;2;3;"S-29-NA";3;"S-2"
-4.16242780911629;2.48187655986918;-564.415245854824;87.2967923834317;"T36";35.7502424856648;3;2;3;"S-29-NA";3;"S-2"
-4.94948510787514;2.25331030532077;-564.847829240709;87.5547232388972;"T36";35.8541682246141;3;2;1;"S-30-NA";3;"S-2"
-5.08068303013726;2.32125319633881;-564.910750006035;87.5833686445983;"T36";35.8668808126822;3;2;1;"S-30-NA";3;"S-2"
-5.22198432767255;2.29708646424082;-565.147411798019;87.6914942524813;"T36";35.9134615166113;3;2;1;"S-30-NA";3;"S-2"
-5.00613647308311;2.20565190497924;-565.269580899635;87.7452349326637;"T36";35.9368566656485;3;2;1;"S-30-NA";3;"S-2"
-4.90652555438472;2.15001810777095;-565.484062203549;87.8397331747917;"T36";35.9797003446147;3;2;1;"S-30-NA";3;"S-2"
-4.82209935834722;2.10317481709808;-565.661966920676;87.9176902462557;"T36";36.0159591422416;3;2;1;"S-30-NA";3;"S-2"
-4.89232335031901;2.16183480862342;-565.999413547576;88.0648687249783;"T36";36.0859383363277;3;2;1;"S-30-NA";3;"S-2"
-4.94464493815935;2.17072606621634;-566.02028080397;88.0740896120705;"T36";36.0902036423795;3;2;1;"S-30-NA";3;"S-2"
-4.5783193981102;2.11683711483717;-566.586891636478;88.3228348544305;"T36";36.2047944450751;3;2;3;"S-31-NA";3;"S-2"
-4.83867453521401;2.05504575845637;-566.758302928119;88.4020887798332;"T36";36.2422342295758;3;2;1;"S-32-NA";3;"S-2"
-4.9978464120947;1.91390445132756;-566.834469652869;88.4344377430655;"T36";36.2579754670151;3;2;1;"S-32-NA";3;"S-2"
-4.8132431533277;2.02388568564538;-567.043395129277;88.5144448834061;"T36";36.2997785676271;3;2;1;"S-32-NA";3;"S-2"
-4.57249037775545;2.21360208464086;-567.166625962757;88.5662613223361;"T36";36.3253810210153;3;2;3;"S-33-NA";3;"S-2"
-4.5411989440802;2.13821931803123;-567.382980129128;88.6710011892648;"T36";36.372697504703;3;2;3;"S-33-NA";3;"S-2"
-4.57254739133007;1.88706153522652;-567.725779397367;88.8324079073102;"T36";36.4481840166263;3;2;3;"S-33-NA";3;"S-2"
-4.58672216199705;1.79985934568842;-567.80728618094;88.8660452440021;"T36";36.4660092629492;3;2;3;"S-33-NA";3;"S-2"
-4.57972612740083;1.77023706808768;-567.821195161382;88.8715032175948;"T36";36.4690417074598;3;2;3;"S-33-NA";3;"S-2"
-4.41076089684977;1.74377704846047;-567.925910570257;88.9119796769362;"T36";36.4919067011215;3;2;3;"S-33-NA";3;"S-2"
-4.40171104058995;1.54805148057453;-567.988081257643;88.9365586147398;"T36";36.5060019306839;3;2;1;"S-34-NA";3;"S-2"
-3.77429918558707;1.93655703158381;-568.265321218526;89.0340620010282;"T36";36.5689865197055;3;2;1;"S-34-NA";3;"S-2"
-3.70500250603196;1.95036615975042;-568.492051687773;89.1503952493753;"T36";36.6290587233379;3;2;1;"S-34-NA";3;"S-2"
-3.57273933579788;1.88063598322661;-568.605912759481;89.210333341404;"T36";36.6597904358059;3;2;1;"S-34-NA";3;"S-2"
-3.57700322548979;1.7906334160945;-568.625446766959;89.2206157476771;"T36";36.6652579512447;3;2;1;"S-34-NA";3;"S-2"
-3.91470888075212;2.49568719194123;-569.431621610667;89.6241836293249;"T36";36.8906351155601;3;2;3;"S-35-NA";3;"S-2"
-3.95596129118182;2.5109829184364;-569.44939060502;89.6355116368402;"T36";36.8951741489582;3;2;3;"S-35-NA";3;"S-2"
-3.71374553704086;2.55309973158312;-569.512455187212;89.6755408679135;"T36";36.9111158070154;3;2;3;"S-35-NA";3;"S-2"
-4.0085910415182;2.73317633665857;-569.657630194049;89.775344763278;"T36";36.9502070709132;3;2;3;"S-35-NA";3;"S-2"
-4.02672987333254;2.68635125194394;-569.949715721073;89.9744973439413;"T36";37.0230719563551;3;2;3;"S-35-NA";3;"S-2"
-3.4697078585099;2.85343990151419;-570.321824490018;90.2227421700801;"T36";37.1154816239141;3;2;1;"S-36-NA";3;"S-2"
-3.74242572326367;2.81790314703019;-570.73468526355;90.5622731775907;"T36";37.2344716917723;3;2;3;"S-37-NA";3;"S-2"
-3.62252543242044;2.88149513802593;-570.876813741417;90.6692904745742;"T36";37.2724493267015;3;2;3;"S-37-NA";3;"S-2"
-3.9794082975581;2.7371980533427;-571.027035237467;90.7887823921791;"T36";37.3139180475846;3;2;3;"S-37-NA";3;"S-2"
-3.98010436058979;2.98084073160445;-571.177557062363;90.8923173941905;"T36";37.3517432250082;3;2;3;"S-37-NA";3;"S-2"
-4.18982312820787;2.55582075088367;-571.592953153296;91.2034221983416;"T36";37.4561113654636;3;2;3;"S-37-NA";3;"S-2"
-4.24148626803645;2.48888063872091;-571.608850263211;91.2131195440667;"T36";37.4599055852741;3;2;3;"S-37-NA";3;"S-2"
-4.56124130009017;2.32778948862866;-571.804852613677;91.3281326372116;"T36";37.506116356235;3;2;3;"S-37-NA";3;"S-2"
-4.86815966871754;2.16787720702518;-572.111873165363;91.4848178827375;"T36";37.5734271015972;3;2;1;"S-38-NA";3;"S-2"
-5.05813925576281;2.12797355480325;-572.457511790013;91.6387368474463;"T36";37.6444269553758;3;2;1;"S-38-NA";3;"S-2"
-4.05500749068832;1.99662108946318;-573.398188176212;92.0344820755316;"T36";37.830399768427;3;2;3;"S-39-NA";3;"S-2"
-4.07685592820059;1.90889432020739;-573.467299011782;92.068511149985;"T36";37.8474430995993;3;2;1;"S-40-NA";3;"S-2"
-4.04163408647068;1.99493849634338;-574.109944020698;92.3694149417877;"T36";38.0050756037235;3;2;3;"S-41-NA";3;"S-2"
-4.0553960954945;2.2386543772183;-574.669391882483;92.6455567330269;"T36";38.1434968090616;3;2;3;"S-41-NA";3;"S-2"
-4.02051921539623;2.41907248281943;-574.774209184578;92.7034178411944;"T36";38.1693431874737;3;2;3;"S-41-NA";3;"S-2"
-4.24356533841895;2.50295922872798;-574.923648013609;92.7933324367497;"T36";38.2065122248605;3;2;3;"S-41-NA";3;"S-2"
-4.34369592017872;2.46622936324952;-574.932195034252;92.7983736797822;"T36";38.2085263379849;3;2;3;"S-41-NA";3;"S-2"
-4.59491568423741;2.46960140140142;-575.457541193655;93.0966505730085;"T36";38.3294708444737;3;2;3;"S-41-NA";3;"S-2"
-4.57736909079938;2.46372087245822;-576.049933093161;93.4150398462259;"T36";38.4583941893652;3;2;3;"S-41-NA";3;"S-2"
-4.30764778161599;2.58270644258151;-576.585373347661;93.7032349436273;"T36";38.5753697366454;3;2;3;"S-41-NA";3;"S-2"
-4.44569921090622;2.54891579998699;-576.764122584397;93.8104063812027;"T36";38.6168655240908;3;2;3;"S-41-NA";3;"S-2"
-4.96502849037942;2.44436525303694;-577.030573688023;93.9631745726024;"T36";38.6768001015298;3;2;1;"S-42-NA";3;"S-2"
-4.43878120051823;2.39694758914031;-577.28040987061;94.0861730377373;"T36";38.7271192856133;3;2;3;"S-43-NA";3;"S-2"
-4.60442427598652;2.50203168721523;-577.407645376283;94.1548803753598;"T36";38.7557837995701;3;2;1;"S-44-NA";3;"S-2"
-4.84799368381661;2.39303073967287;-577.820872552622;94.3794269043603;"T36";38.845529477112;3;2;1;"S-44-NA";3;"S-2"
-4.52353439267126;2.50380817799772;-577.977446106533;94.4567135825132;"T36";38.877826044336;3;2;3;"S-45-NA";3;"S-2"
-3.89001706374157;2.27129516930869;-578.406519565306;94.6942087669816;"T36";38.9726796303876;3;2;3;"S-45-NA";3;"S-2"
-3.8021705454469;2.32887177594134;-578.478665983285;94.7363334692526;"T36";38.9912261860445;3;2;3;"S-45-NA";3;"S-2"
-3.86144624483518;2.27468497556658;-578.494208259399;94.7458532863526;"T36";38.995313923806;3;2;3;"S-45-NA";3;"S-2"
-3.69366910201353;2.41213345868818;-578.614618914837;94.8167843032455;"T36";39.0264967107214;3;2;3;"S-45-NA";3;"S-2"
-3.95089505713019;2.42577489076557;-578.815019576412;94.9476550248986;"T36";39.0807518851943;3;2;3;"S-45-NA";3;"S-2"
-3.8960314409904;2.49224805800235;-578.841728796251;94.9640539810589;"T36";39.0875121811405;3;2;3;"S-45-NA";3;"S-2"
-4.19220828567354;2.45336415487925;-579.299264569295;95.2567345353889;"T36";39.2049485468306;3;2;3;"S-45-NA";3;"S-2"
-4.14370296718703;2.39748858383799;-579.42917965313;95.3327634414308;"T36";39.2359382007271;3;2;3;"S-45-NA";3;"S-2"
-4.31446022948437;2.42053152085937;-579.675873872801;95.4754972667178;"T36";39.2954729264602;3;2;3;"S-45-NA";3;"S-2"
-4.2896259874088;2.28024500769715;-579.945894538823;95.6269863287614;"T36";39.3580579664558;3;2;3;"S-45-NA";3;"S-2"
-4.28996256440665;2.49467711399808;-580.066814822654;95.6912641642521;"T36";39.386246970389;3;2;3;"S-45-NA";3;"S-2"
-4.44445911563942;2.50254577979035;-580.083446869471;95.7009359471475;"T36";39.3901239382103;3;2;3;"S-45-NA";3;"S-2"
-4.40424786263201;2.55165810945541;-580.19842885149;95.7656789600472;"T36";39.4159947987646;3;2;3;"S-45-NA";3;"S-2"
-4.19867306935757;2.46069746176902;-580.509736894069;95.9460393112715;"T36";39.4866783870384;3;2;3;"S-45-NA";3;"S-2"
-4.06110041745843;2.56104492375003;-580.79448388064;96.1129196983673;"T36";39.5544967148453;3;2;3;"S-45-NA";3;"S-2"
-4.03951304552187;2.55168013886172;-581.021376924773;96.2560048770571;"T36";39.6103665581904;3;2;3;"S-45-NA";3;"S-2"
-3.98757584546868;2.49686100499728;-581.48279553228;96.5474738445315;"T36";39.7245928528719;3;2;3;"S-45-NA";3;"S-2"
-4.3724645672724;2.68153671217213;-581.924318100179;96.8239376725149;"T36";39.8353174095973;3;2;3;"S-45-NA";3;"S-2"
-4.41344218203393;2.73010106803343;-581.997803246017;96.8690045022935;"T36";39.852123754099;3;2;1;"S-46-NA";3;"S-2"
-4.37617584264207;2.56976411202273;-583.418782968678;97.7480050869801;"T36";40.17409007065;3;2;3;"S-47-NA";3;"S-2"
-4.44319527338495;2.45439532583697;-583.927170600717;98.0465388613961;"T36";40.2902617352083;3;2;3;"S-47-NA";3;"S-2"
-4.12092700434965;2.29488383996941;-584.530804068468;98.3799824916233;"T36";40.4261174495332;3;2;3;"S-47-NA";3;"S-2"
-3.67949654018715;2.45447460280586;-584.813007970179;98.5371377076533;"T36";40.4945981339552;3;2;3;"S-47-NA";3;"S-2"
-3.81890528716644;2.46627400045855;-585.053614565435;98.6976386813255;"T36";40.5599893070757;3;2;3;"S-47-NA";3;"S-2"
-4.06261718871403;2.45127920133094;-585.173512655107;98.7750696514669;"T36";40.5913852388039;3;2;3;"S-47-NA";3;"S-2"
-3.27668071986558;3.10643113143688;-586.76010056587;99.7323761773049;"T36";40.9819186897948;3;2;1;"S-48-NA";3;"S-2"
-3.29607529727959;3.3895078708342;-586.940082836961;99.9030069399032;"T36";41.0368469194509;3;2;1;"S-48-NA";3;"S-2"
-3.32824922908105;3.56518245475263;-587.014190109685;99.9792149028681;"T36";41.0593304084614;3;2;1;"S-48-NA";3;"S-2"
-3.18109361421313;3.600658145907;-587.045420600233;100.012668646651;"T36";41.0687138675712;3;2;1;"S-48-NA";3;"S-2"
-3.21755562940978;3.57437064476637;-587.056690793379;100.025425301336;"T36";41.0722567350604;3;2;1;"S-48-NA";3;"S-2"
-3.75491461974844;3.53114049481958;-587.460202423225;100.473684878066;"T36";41.1976661067456;3;2;1;"S-48-NA";3;"S-2"
-3.80707975737736;3.44254825654604;-587.469169961992;100.482117996389;"T36";41.2000543205068;3;2;1;"S-48-NA";3;"S-2"
-3.72362650922324;3.36569563322439;-587.656887813097;100.651861685049;"T36";41.2493618903682;3;2;1;"S-48-NA";3;"S-2"
-4.42873055591352;3.25246222930895;-588.05628859423;101.012870358082;"T36";41.3566231261939;3;2;1;"S-48-NA";3;"S-2"
-4.43061318816648;3.09973199592265;-588.233695353141;101.143157982334;"T36";41.396681277547;3;2;1;"S-48-NA";3;"S-2"
-4.43609312798477;3.01285908271563;-588.407061460984;101.264447846439;"T36";41.4358104229905;3;2;1;"S-48-NA";3;"S-2"
-4.61875491853539;2.72062169345243;-588.699054667271;101.462760721816;"T36";41.501632577274;3;2;1;"S-48-NA";3;"S-2"
-4.54078465039931;2.57919508778506;-589.854994530892;102.143653110514;"T36";41.7519034584984;3;2;3;"S-49-NA";3;"S-2"
-4.68574260969053;2.54301186376214;-589.939893207733;102.191876108768;"T36";41.770600376185;3;2;1;"S-50-NA";3;"S-2"
-4.49967751775654;2.57704609163835;-589.977827283171;102.21246341198;"T36";41.7786960140802;3;2;3;"S-51-NA";3;"S-2"
-4.46647031075672;2.40211557648163;-590.179221548598;102.327805523176;"T36";41.8234535027295;3;2;3;"S-51-NA";3;"S-2"
-4.74648449590707;2.15440590594268;-590.88382971205;102.706751341011;"T36";41.98120853398;3;2;3;"S-51-NA";3;"S-2"
-4.58294717058391;2.51020308651336;-591.647640255165;103.053441179886;"T36";42.1421298524365;3;2;3;"S-51-NA";3;"S-2"
-4.11740530667373;2.21565483236311;-592.165512907227;103.337093921504;"T36";42.2551297699101;3;2;3;"S-51-NA";3;"S-2"
-4.74059824478057;1.54788582979456;-593.38907602881;103.995516724487;"T36";42.5522982608527;3;2;1;"S-52-NA";3;"S-2"
-4.79529404628835;1.59138095617004;-593.483067741536;104.02620661482;"T36";42.5721252337098;3;2;1;"S-52-NA";3;"S-2"
-4.66083106369791;1.4882482647613;-593.68500279584;104.093221399878;"T36";42.6142363226973;3;2;1;"S-52-NA";3;"S-2"
-4.88096483532236;1.39013092849772;-593.837340316275;104.141864237893;"T36";42.646920948755;3;2;1;"S-52-NA";3;"S-2"
-4.64639587268375;1.52076153555954;-593.957909248065;104.176203063668;"T36";42.6716228132136;3;2;1;"S-52-NA";3;"S-2"
-4.4650153005793;1.54663998089094;-594.082885266881;104.217107611514;"T36";42.6985202240758;3;2;1;"S-52-NA";3;"S-2"
-4.34210331511007;1.58126038622158;-594.294731428147;104.290489161353;"T36";42.7459660102613;3;2;1;"S-52-NA";3;"S-2"
-4.2725851867173;1.51691714086008;-594.315424816736;104.298025056576;"T36";42.7507317624986;3;2;1;"S-52-NA";3;"S-2"
-4.27900166277842;1.76151223632177;-594.625927883934;104.408264502799;"T36";42.8234051098116;3;2;1;"S-52-NA";3;"S-2"
-4.17120534259166;1.76702063162154;-594.738908983549;104.454774788405;"T36";42.8498087218031;3;2;1;"S-52-NA";3;"S-2"
-3.48886530338347;1.8922790451477;-595.354954815377;104.715746283562;"T36";42.9974988452159;3;2;1;"S-52-NA";3;"S-2"
-3.91605256753128;1.54125416854114;-595.54041248797;104.816334193124;"T36";43.0506558623165;3;2;1;"S-52-NA";3;"S-2"
-3.65544810856276;1.66899766672402;-595.756337611823;104.901316580744;"T36";43.1057943264022;3;2;1;"S-52-NA";3;"S-2"
-3.53229618595272;1.91842638668027;-595.877712392409;104.956733651259;"T36";43.1389981298707;3;2;1;"S-52-NA";3;"S-2"
-3.43410350601232;1.94484765163305;-596.074782054192;105.063764211346;"T36";43.1947889388539;3;2;1;"S-52-NA";3;"S-2"
-3.23690068057201;2.09576840929803;-596.238135086516;105.156276496066;"T36";43.242356821429;3;2;1;"S-52-NA";3;"S-2"
-3.22335479702166;1.975802029623;-596.294821750742;105.192978925901;"T36";43.2598694576882;3;2;1;"S-52-NA";3;"S-2"
-3.24557600357828;2.14303724744147;-596.604568917495;105.382842940035;"T36";43.3559641125612;3;2;1;"S-52-NA";3;"S-2"
-3.31479116471719;2.31277223312665;-596.904473569872;105.580868449225;"T36";43.4483682503924;3;2;1;"S-52-NA";3;"S-2"
-3.26823568511755;2.3653801460713;-596.91934582747;105.591245013753;"T36";43.4528548852541;3;2;1;"S-52-NA";3;"S-2"
-3.4051989150625;2.39922486543008;-596.957466301329;105.618834643361;"T36";43.4645188157447;3;2;1;"S-52-NA";3;"S-2"
-3.48149127192972;2.47717056990404;-597.111499407386;105.72736282846;"T36";43.5097535024397;3;2;1;"S-52-NA";3;"S-2"
-3.38421478724583;2.58309228457475;-597.170754475262;105.769524333055;"T36";43.5267735272646;3;2;1;"S-52-NA";3;"S-2"
-3.65913624725211;2.43650294521718;-597.335921330978;105.895592345132;"T36";43.5755786020309;3;2;3;"S-53-NA";3;"S-2"
-3.68114819649997;2.55510490484003;-597.402976897722;105.940242523432;"T36";43.5939041199163;3;2;3;"S-53-NA";3;"S-2"
-3.90224043908394;2.62716953473448;-597.566822323251;106.053968520881;"T36";43.6384134460241;3;2;3;"S-53-NA";3;"S-2"
-4.02244554801474;2.66732668050431;-597.601687903222;106.077441648932;"T36";43.647348205559;3;2;3;"S-53-NA";3;"S-2"
-4.37551776382038;2.14400510251434;-598.61120125695;106.746860754941;"T36";43.8983182539232;3;2;3;"S-53-NA";3;"S-2"
-4.43417139824235;2.05288312160581;-598.632890695565;106.757488586793;"T36";43.9032752532512;3;2;3;"S-53-NA";3;"S-2"
-4.20570944726392;2.18139261919074;-598.748436170947;106.810982539752;"T36";43.9293332165107;3;2;3;"S-53-NA";3;"S-2"
-3.96335052068429;2.32873514747577;-598.950887737634;106.91598892663;"T36";43.977470532991;3;2;3;"S-53-NA";3;"S-2"
-3.86059654064353;2.48200015940653;-599.146339157675;107.030829788951;"T36";44.0267852274701;3;2;3;"S-53-NA";3;"S-2"
-3.69476959248539;2.61163984306467;-599.243912320984;107.093560147935;"T36";44.0520593430847;3;2;3;"S-53-NA";3;"S-2"
-3.8224087021635;2.72327145483625;-599.310490425373;107.140620736084;"T36";44.0700788982213;3;2;3;"S-53-NA";3;"S-2"
-4.04625994448395;2.54309106805303;-600.0019154924;107.633225869367;"T36";44.2509661661461;3;2;3;"S-53-NA";3;"S-2"
-3.8556464137662;2.73569511152406;-600.190424783229;107.751704736353;"T36";44.2975546931848;3;2;3;"S-53-NA";3;"S-2"
-4.00488231933789;2.61334597386915;-600.359232642311;107.871478902684;"T36";44.3413366796449;3;2;3;"S-53-NA";3;"S-2"
-4.10166006520947;2.70049106414892;-600.505826438211;107.967137220648;"T36";44.377940450795;3;2;3;"S-53-NA";3;"S-2"
-4.14983408162856;2.95146874251633;-600.910468598603;108.23354948323;"T36";44.4765937165357;3;2;1;"S-54-NA";3;"S-2"
-4.65784050659645;2.12077280673223;-601.789890210448;108.859016754403;"T36";44.6885110111907;3;2;3;"S-55-NA";3;"S-2"
-4.58097784512226;1.79255010991395;-602.159889754243;109.027482155885;"T36";44.7679468663409;3;2;3;"S-55-NA";3;"S-2"
-4.81609166529857;1.60561232062279;-602.352664796038;109.102915596963;"T36";44.810028502252;3;2;1;"S-56-NA";3;"S-2"
-4.84900358405292;1.57811087119653;-602.439781100792;109.131958859002;"T36";44.8281170916744;3;2;1;"S-56-NA";3;"S-2"
-4.58062811465825;1.51303825256513;-602.94839244356;109.297486698964;"T36";44.933006959036;3;2;1;"S-56-NA";3;"S-2"
-4.51268547276928;1.57449319948505;-603.177663585089;109.373217799298;"T36";44.9830592959188;3;2;1;"S-56-NA";3;"S-2"
-4.65239926745344;1.42348002358976;-603.253206094844;109.399574869516;"T36";44.9997993302532;3;2;1;"S-56-NA";3;"S-2"
-4.66920881799791;1.07940992793781;-603.449553624862;109.459650707937;"T36";45.0420028297231;3;2;1;"S-56-NA";3;"S-2"
-4.23008107308971;1.2094239838634;-603.80706679505;109.542299242263;"T36";45.1185710844584;3;2;1;"S-56-NA";3;"S-2"
-3.8892810494238;1.64154886452919;-604.197494875564;109.653926673603;"T36";45.2108690980822;3;2;1;"S-56-NA";3;"S-2"
-3.89097549345534;1.79619058957838;-604.460968597313;109.765131028154;"T36";45.2786126523279;3;2;1;"S-56-NA";3;"S-2"
-3.83058096823671;1.87464038286021;-604.471860286165;109.770158957282;"T36";45.2814118703827;3;2;1;"S-56-NA";3;"S-2"
-3.88828828835841;1.95863832209522;-604.495491538605;109.781723808799;"T36";45.2875809744;3;2;1;"S-56-NA";3;"S-2"
-4.00754168258572;1.8984727448421;-604.548639050238;109.808495679939;"T36";45.301249588374;3;2;1;"S-56-NA";3;"S-2"
-4.09618488489529;1.82729581682847;-605.519426761275;110.268382103189;"T36";45.5434897914529;3;2;1;"S-56-NA";3;"S-2"
-3.95068779127698;1.89569390581283;-605.563455743266;110.288023300272;"T36";45.5542385694571;3;2;1;"S-56-NA";3;"S-2"
-4.26577605233398;1.98184241270849;-606.299951650761;110.641422727728;"T36";45.7406607689336;3;2;3;"S-57-NA";3;"S-2"
-4.24458535143468;1.96805490348793;-606.428969515239;110.701363304233;"T36";45.7709056441672;3;2;3;"S-57-NA";3;"S-2"
-4.1482315063568;2.03317404736264;-606.644944803873;110.801502938764;"T36";45.8217881852761;3;2;3;"S-57-NA";3;"S-2"
-4.34845786822028;1.879301919048;-606.972401207213;110.961999251444;"T36";45.9007269819267;3;2;3;"S-57-NA";3;"S-2"
-4.31822947361933;1.93447713312934;-606.992814562801;110.970821426913;"T36";45.9054213715717;3;2;3;"S-57-NA";3;"S-2"
-4.28631350796117;2.13195645334617;-607.100642528945;111.019126116622;"T36";45.9303917828947;3;2;3;"S-57-NA";3;"S-2"
-4.71118908477966;2.03392333374652;-607.480739937013;111.208181611636;"T36";46.0190687794238;3;2;3;"S-57-NA";3;"S-2"
-4.64309454862335;2.03684945953929;-607.505884879915;111.219037233258;"T36";46.0244060610421;3;2;3;"S-57-NA";3;"S-2"
-4.41118000934467;2.09617201534797;-607.949602048683;111.413688680892;"T36";46.1199710262008;3;2;3;"S-57-NA";3;"S-2"
-4.4343366904723;2.26774502981881;-608.306903366147;111.583476588239;"T36";46.2009700597264;3;2;3;"S-57-NA";3;"S-2"
-4.41131736015436;2.27063796521215;-608.833122313132;111.852587953685;"T36";46.319639205467;3;2;3;"S-57-NA";3;"S-2"
-4.42125956311847;1.85583617437013;-609.821802504787;112.361491438821;"T36";46.5437627746724;3;2;3;"S-57-NA";3;"S-2"
-4.67906329439669;1.72616935706486;-610.030627595696;112.449146359844;"T36";46.5909948106855;3;2;1;"S-58-NA";3;"S-2"
-4.6635468132622;1.76378780783485;-610.066376510654;112.462334615199;"T36";46.5986349969171;3;2;3;"S-59-NA";3;"S-2"
-4.56399408106446;1.62121409963982;-610.28711558886;112.545819762972;"T36";46.645967871882;3;2;1;"S-60-NA";3;"S-2"
-4.90548460117258;1.77385934021309;-611.438410936473;112.954780909119;"T36";46.898223971948;3;2;1;"S-60-NA";3;"S-2"
-4.59589807292088;1.61639771234619;-611.575722834881;113.004433902313;"T36";46.9262154772878;3;2;1;"S-60-NA";3;"S-2"
-4.32160216486716;1.46635388696807;-612.604064089501;113.366106077175;"T36";47.1499674487859;3;2;1;"S-60-NA";3;"S-2"
-3.61348937209996;1.95704501401523;-613.01010600425;113.503879318961;"T36";47.2439237870276;3;2;1;"S-60-NA";3;"S-2"
-3.50578569105413;1.86755875398818;-613.051421248434;113.52625541705;"T36";47.2553574014455;3;2;1;"S-60-NA";3;"S-2"
-3.76480689766063;2.11258497921456;-613.360586925427;113.690950329227;"T36";47.3435446736403;3;2;1;"S-60-NA";3;"S-2"
-3.37738237020134;2.29521201207769;-613.477778498981;113.756711247306;"T36";47.3746728501283;3;2;1;"S-60-NA";3;"S-2"
-3.60671669290951;2.37224358224215;-614.440545829674;114.410991663329;"T36";47.6597360218875;3;2;1;"S-60-NA";3;"S-2"
-3.6366432320766;2.51556306428056;-614.583098172684;114.504752529411;"T36";47.6992601528764;3;2;3;"S-61-NA";3;"S-2"
-3.71602219957304;2.49205579671678;-614.682238267343;114.573330375627;"T36";47.7265215828083;3;2;3;"S-61-NA";3;"S-2"
-3.5825566395431;2.83334976570157;-614.920859712901;114.733355780398;"T36";47.7907357970253;3;2;3;"S-61-NA";3;"S-2"
-4.0563338172133;2.78182190568346;-615.454343785697;115.155274294114;"T36";47.9396473499946;3;2;3;"S-61-NA";3;"S-2"
-3.82996353359003;2.70254671317126;-615.628330051138;115.274593567701;"T36";47.9825398419052;3;2;3;"S-61-NA";3;"S-2"
-4.10736213686096;2.67292398050899;-615.794856573063;115.392100092381;"T36";48.0260197655298;3;2;3;"S-61-NA";3;"S-2"
-3.99063711280023;2.67139880279692;-615.920775101553;115.474043355034;"T36";48.0566765530966;3;2;3;"S-61-NA";3;"S-2"
-4.1393594656712;2.62282519917952;-615.956038479281;115.497649246119;"T36";48.065513081383;3;2;3;"S-61-NA";3;"S-2"
-4.1722666488081;2.66064313531455;-616.419174456463;115.79110641544;"T36";48.1773989857174;3;2;3;"S-61-NA";3;"S-2"
-4.17170024017552;2.43607235914524;-616.662022818768;115.945970157976;"T36";48.2356043648906;3;2;3;"S-61-NA";3;"S-2"
-3.95825870355769;2.66007648082511;-616.890677052638;116.079493236544;"T36";48.2904151664115;3;2;3;"S-61-NA";3;"S-2"
-4.08147328720751;2.79309917027305;-617.101251982616;116.221006326172;"T36";48.3436140464619;3;2;3;"S-61-NA";3;"S-2"
-4.42825819897072;2.69819420974824;-617.414294814826;116.435232810918;"T36";48.4203125350177;3;2;3;"S-61-NA";3;"S-2"
-4.53751769265729;2.87541653818552;-617.67684674764;116.595209052828;"T36";48.4796026488766;3;2;1;"S-62-NA";3;"S-2"
-4.90969708810126;2.51498656207943;-618.73474002384;117.265594058035;"T36";48.7127462634817;3;2;1;"S-62-NA";3;"S-2"
-4.88025555648812;2.47958593801442;-619.217652875985;117.512965598887;"T36";48.8111052545719;3;2;1;"S-62-NA";3;"S-2"
-4.49330183172337;2.60414185898398;-619.385530570804;117.598261781958;"T36";48.8455046201125;3;2;3;"S-63-NA";3;"S-2"
-4.5051445637159;2.68071839553593;-619.574599951378;117.707838994138;"T36";48.8875826704316;3;2;1;"S-64-NA";3;"S-2"
-5.09624512287554;2.07082930779669;-620.447765713012;118.22740312498;"T36";49.0813979296945;3;2;1;"S-64-NA";3;"S-2"
-4.73983424697258;1.89308096433897;-621.464509360267;118.640550941164;"T36";49.2809063172899;3;2;3;"S-65-NA";3;"S-2"
-4.59174901122334;1.91693181495869;-621.555486343257;118.676886978611;"T36";49.3001004448161;3;2;3;"S-65-NA";3;"S-2"
-4.60358730953376;1.96546420747237;-621.569945758739;118.682923395997;"T36";49.3032494443469;3;2;3;"S-65-NA";3;"S-2"
-4.68683342983483;2.15695343735943;-622.015703740043;118.873236145281;"T36";49.4000778417103;3;2;3;"S-65-NA";3;"S-2"
-4.71245607398349;2.19177099092182;-622.098471284251;118.911327052853;"T36";49.4177374290302;3;2;3;"S-65-NA";3;"S-2"
-4.51186322713038;2.33154657780046;-622.197387587632;118.957333186571;"T36";49.4387278216891;3;2;3;"S-65-NA";3;"S-2"
-4.70509169964694;2.18621244226833;-622.256920736848;118.988097485783;"T36";49.4519226253033;3;2;3;"S-65-NA";3;"S-2"
-4.37710433159937;1.97475536830953;-622.421909183098;119.064759072219;"T36";49.4869885616936;3;2;3;"S-65-NA";3;"S-2"
-4.4021228384319;2.10031879569121;-622.477977412033;119.090054570725;"T36";49.4997979956679;3;2;3;"S-65-NA";3;"S-2"
-4.44522860654466;2.09572566011085;-622.517106791096;119.10872378404;"T36";49.5086867478676;3;2;3;"S-65-NA";3;"S-2"
-4.21334220104514;2.33799447069008;-623.002548029139;119.337587527413;"T36";49.6178917586803;3;2;3;"S-65-NA";3;"S-2"
-4.21483424514418;2.28536701104231;-623.254344181297;119.477309862651;"T36";49.6776533778757;3;2;3;"S-65-NA";3;"S-2"
-4.1218975207153;1.96434424711473;-624.132715407874;119.953580222981;"T36";49.8860533232801;3;2;3;"S-65-NA";3;"S-2"
-4.28406444021793;2.04976851791722;-624.496158163805;120.126783628253;"T36";49.9742269748822;3;2;3;"S-65-NA";3;"S-2"
-4.24558014145058;2.00930956467141;-624.606571464229;120.179612363751;"T36";50;3;2;3;"S-65-NA";3;"S-2"
