"Vx";"Vy";"X";"Y";"Traj";"Time";"TrueMovMode";"TrueTrajClust";"firstEstMovMode";"firstSegment";"finalEstMovMode";"finalSegment"
0;0;0;0;"T37";0;1;1;1;"S-1-NA";2;"S-1"
-1.24851874638955;1.25596965690437;0;0;"T37";0.0286433147266507;1;1;1;"S-1-NA";2;"S-1"
-7.14507174345973;5.67407449798139;-0.191173570568493;0.192314456255011;"T37";0.181763619184494;1;1;1;"S-1-NA";2;"S-1"
-11.2960999209737;7.68636216187309;-1.23620890785756;1.02220232438299;"T37";0.328023219481111;1;1;1;"S-1-NA";2;"S-1"
-13.2157321836635;8.1798732826664;-1.98261997672953;1.53009317495243;"T37";0.394100102130324;1;1;1;"S-1-NA";2;"S-1"
-13.5007511844328;8.40779760096441;-2.12427262686595;1.6177690382468;"T37";0.404818588867784;1;1;1;"S-1-NA";2;"S-1"
-16.5014037968723;8.39602317847205;-3.92821807277067;2.74120342979659;"T37";0.538436742499471;1;1;1;"S-1-NA";2;"S-1"
-20.487285124002;6.97929300148832;-9.2319129876141;5.43975841243449;"T37";0.859845452941954;1;1;4;"S-2-NA";2;"S-1"
-21.4266488115119;5.81310303563933;-11.4124834087814;6.18260158504577;"T37";0.966280756983906;1;1;4;"S-2-NA";2;"S-1"
-22.0135513688095;5.38618986442815;-12.7977784361695;6.55843556635595;"T37";1.03093365905806;1;1;4;"S-2-NA";2;"S-1"
-22.4057109668911;4.65988340750539;-16.0268150618856;7.34850365005197;"T37";1.17761769797653;1;1;4;"S-2-NA";2;"S-1"
-22.9531816502679;4.08684075159112;-17.9492863908112;7.74833440125211;"T37";1.26342043513432;1;1;4;"S-2-NA";2;"S-1"
-22.2255917843001;2.6628502756294;-25.3490554367054;9.06587190650555;"T37";1.58580576535314;1;1;2;"S-3";2;"S-1"
-21.9384940593393;2.57761166703889;-27.1609737334943;9.28295801079685;"T37";1.66732972720638;1;1;2;"S-3";2;"S-1"
-21.7675810178836;2.41807262331149;-37.857689479677;10.5397434233134;"T37";2.15490721166134;1;1;2;"S-3";2;"S-1"
-21.7280681647149;2.3630335692307;-38.5632776872091;10.6181243663573;"T37";2.1873218473047;1;1;2;"S-3";2;"S-1"
-21.7599240692398;2.32750344191811;-38.9787091194364;10.6633045642757;"T37";2.20644142245874;1;1;2;"S-3";2;"S-1"
-21.3842775546192;1.89982364628538;-43.5124281273608;11.1482440595633;"T37";2.41479320684448;1;1;2;"S-3";2;"S-1"
-21.7045417707718;1.81726832036905;-44.5103406307751;11.2369006796463;"T37";2.46145891724154;1;1;2;"S-3";2;"S-1"
-21.6452611947791;1.8773966059493;-44.8536388527399;11.2656442020761;"T37";2.47727580135688;1;1;2;"S-3";2;"S-1"
-20.8540185323603;2.22892808380007;-51.6763809492826;11.8574131227674;"T37";2.79248299775645;1;1;2;"S-3";2;"S-1"
-20.9128657222379;2.16832720804601;-52.1890302807076;11.9122063267814;"T37";2.81706575769931;1;1;2;"S-3";2;"S-1"
-21.0919851320823;2.05536136316697;-53.8211117203072;12.0814268744688;"T37";2.8951077372767;1;1;2;"S-3";2;"S-1"
-20.8174309578082;2.21534052785282;-55.2161607263817;12.2173709218808;"T37";2.96124892774969;1;1;2;"S-3";2;"S-1"
-20.5815259373948;2.21824479306614;-55.8118598054982;12.2807637735274;"T37";2.98986432608217;1;1;2;"S-3";2;"S-1"
-20.4247641119601;2.14734464839644;-56.1059155049251;12.3124566385807;"T37";3.00415168749169;1;1;2;"S-3";2;"S-1"
-20.6896740096166;2.61127475870643;-61.7962655403178;12.910707988218;"T37";3.28275221399963;1;1;2;"S-3";2;"S-1"
-21.0331315507611;2.77715798965176;-63.0647364719161;13.0708036052053;"T37";3.34406158654019;1;1;2;"S-3";2;"S-1"
-21.4313062511208;2.94712887551052;-78.6458762460764;15.1280952979454;"T37";4.08485188381746;1;1;2;"S-3";2;"S-1"
-21.6825564222941;2.89577425228462;-79.6139818769155;15.26122447009;"T37";4.13002438144758;1;1;2;"S-3";2;"S-1"
-21.8087702596643;2.75643468561268;-84.3674967802712;15.8960714778366;"T37";4.34925659792498;1;1;2;"S-3";2;"S-1"
-21.67558437911;2.73397755903021;-86.7459176809296;16.196682736037;"T37";4.4583145994693;1;1;2;"S-3";2;"S-1"
-21.4242891221938;2.62995129706695;-87.4874458258624;16.2902129159932;"T37";4.49252489488572;1;1;2;"S-3";2;"S-1"
-21.7894279439812;2.11690702669406;-93.7600024307771;17.0602043161715;"T37";4.78530271211639;1;1;2;"S-3";2;"S-1"
-21.9160458589482;2.04754425296197;-96.8327377270699;17.3587295898324;"T37";4.92632226087153;1;1;2;"S-3";2;"S-1"
-21.9139174419867;2.15186433096764;-97.2955961486991;17.4019729334192;"T37";4.94744187453762;1;1;2;"S-3";2;"S-1"
-21.7531163655308;2.24913640944054;-99.7594132294038;17.6439105106704;"T37";5.0598734873347;1;1;2;"S-3";2;"S-1"
-21.2106585428355;2.4653851289599;-101.222470095854;17.7951814555833;"T37";5.12713083298877;1;1;2;"S-3";2;"S-1"
-21.1204792039396;2.63973991566204;-106.397452143293;18.3966867674824;"T37";5.37111109588295;1;1;2;"S-3";2;"S-1"
-21.3502506124864;2.80659163723757;-107.678217589441;18.5567630440739;"T37";5.43175202328712;1;1;2;"S-3";2;"S-1"
-21.1058355068424;2.48874240028197;-110.588164573567;18.9392893674734;"T37";5.56804770603776;1;1;2;"S-3";2;"S-1"
-21.2649703738165;2.77970420749732;-123.105545662366;20.4153047114802;"T37";6.16112449206412;1;1;2;"S-3";2;"S-1"
-21.1559807133025;2.54872169588636;-128.588662734999;21.1320441815603;"T37";6.41897188033909;1;1;2;"S-3";2;"S-1"
-21.2164168233343;2.4207344823646;-132.024955348082;21.5460242118442;"T37";6.58139841398224;1;1;2;"S-3";2;"S-1"
-20.7227889441695;3.03452851302469;-136.41100450451;22.0464602903169;"T37";6.78812743863091;1;1;2;"S-3";2;"S-1"
-20.8707131341495;3.17421480648732;-136.654666311473;22.0821407531521;"T37";6.79988559568301;1;1;2;"S-3";2;"S-1"
-20.805830377632;3.20172210866618;-136.692432871207;22.0878846475906;"T37";6.80169514380395;1;1;2;"S-3";2;"S-1"
-21.1460117814786;3.23787768980673;-137.854964710167;22.2667818039775;"T37";6.85757043538615;1;1;2;"S-3";2;"S-1"
-22.2042222734192;2.68199925154981;-145.969165273888;23.5092283346705;"T37";7.24129293812439;1;1;2;"S-3";2;"S-1"
-21.8910859491131;2.64631546809711;-147.440008454905;23.6868882527733;"T37";7.30753453681245;1;1;2;"S-3";2;"S-1"
-21.9558182929589;2.78958951583796;-152.14214172192;24.2553081121846;"T37";7.52233124803752;1;1;2;"S-3";2;"S-1"
-21.7979855165133;2.40019447818517;-154.736375339905;24.5849176400921;"T37";7.64048824785277;1;1;2;"S-3";2;"S-1"
-21.6203034424517;2.38173621128118;-157.238632096221;24.8604432314346;"T37";7.75528127560392;1;1;2;"S-3";2;"S-1"
-21.5188252792184;2.35190734212618;-159.101252535616;25.0656332538682;"T37";7.84143272321671;1;1;2;"S-3";2;"S-1"
-21.5207769415419;2.29491244391109;-159.528149949639;25.1122911522129;"T37";7.86127104656771;1;1;2;"S-3";2;"S-1"
-21.475174796304;2.14719003865589;-160.31641165406;25.1963490651521;"T37";7.89789898553863;1;1;2;"S-3";2;"S-1"
-21.5217298189558;2.5087891668341;-167.366255466118;25.9012259544399;"T37";8.22617774829268;1;1;2;"S-3";2;"S-1"
-21.5254612272695;2.75833952576671;-169.658339399658;26.1684142980495;"T37";8.33267866401002;1;1;2;"S-3";2;"S-1"
-22.137254147826;2.62900021978685;-173.006359204233;26.5974399650261;"T37";8.48821632098407;1;1;2;"S-3";2;"S-1"
-22.3891394764967;1.83765050249812;-179.66682367005;27.3884306826457;"T37";8.78908762242645;1;1;2;"S-3";2;"S-1"
-21.6840847585847;1.96710133927502;-182.92391283688;27.6557652780815;"T37";8.93456392223015;1;1;2;"S-3";2;"S-1"
-21.5723222568271;1.98956846391334;-183.080217908189;27.6699447059214;"T37";8.94177220761776;1;1;2;"S-3";2;"S-1"
-21.4413460610778;2.09059764011233;-183.578891424269;27.7159362820517;"T37";8.96488856524229;1;1;2;"S-3";2;"S-1"
-21.3631131608796;2.36109945410463;-187.070876849972;28.0564156749725;"T37";9.12775079486892;1;1;2;"S-3";2;"S-1"
-21.3194533001192;2.37052407708896;-190.143745575446;28.3960360578078;"T37";9.27159072598442;1;1;2;"S-3";2;"S-1"
-20.6819754081122;2.58967250780218;-195.665694547176;29.0100252068573;"T37";9.53060060273856;1;1;2;"S-3";2;"S-1"
-20.8444686550575;2.57014408496624;-195.868510187552;29.0354205609119;"T37";9.54040699871257;1;1;2;"S-3";2;"S-1"
-20.8116223714148;2.83033184998759;-201.1171735289;29.6825860638556;"T37";9.79220825247467;1;1;2;"S-3";2;"S-1"
-21.4906559596235;2.65425665652817;-207.236698640999;30.5148271319696;"T37";10.0862518884242;1;1;2;"S-3";2;"S-1"
-21.2340976027748;2.8175655611109;-207.945457114964;30.6023641015682;"T37";10.1192317320965;1;1;2;"S-3";2;"S-1"
-21.1755890023649;2.61589357117477;-211.611038305065;31.0887523397637;"T37";10.2918588556349;1;1;2;"S-3";2;"S-1"
-20.9821521221518;2.83370971511276;-212.427331183326;31.1895918154543;"T37";10.3304076241329;1;1;2;"S-3";2;"S-1"
-21.7494205862698;2.41390020711281;-216.889862955027;31.7922716340854;"T37";10.5430898955092;1;1;2;"S-3";2;"S-1"
-21.8589016157628;2.33931574741114;-217.109485415071;31.8166468444357;"T37";10.5531877488829;1;1;2;"S-3";2;"S-1"
-21.5279949531517;2.15804736487526;-219.823161733666;32.1070615165475;"T37";10.6773328850977;1;1;2;"S-3";2;"S-1"
-21.250183571618;2.36469759355327;-220.742189312648;32.1991883053816;"T37";10.7200227677822;1;1;2;"S-3";2;"S-1"
-21.3875238408434;2.21095260603607;-222.318257419688;32.3745714707755;"T37";10.7941900379956;1;1;2;"S-3";2;"S-1"
-21.2454210353382;2.79720236657416;-226.846356861678;32.8426674194304;"T37";11.005906900391;1;1;2;"S-3";2;"S-1"
-21.452469906244;2.50396390783272;-230.060752697601;33.2658793493985;"T37";11.1572051886469;1;1;2;"S-3";2;"S-1"
-21.4568683506535;2.61744334228319;-231.228723458838;33.4022066182082;"T37";11.2116497708485;1;1;2;"S-3";2;"S-1"
-20.7746074493212;2.75447983690878;-240.762738109302;34.5652255063456;"T37";11.6559837013483;1;1;2;"S-3";2;"S-1"
-20.7678354238679;2.85435148780122;-242.359656373674;34.7769589492583;"T37";11.7328524589539;1;1;2;"S-3";2;"S-1"
-21.4057557502268;3.1599837515331;-250.502437291894;35.8961106737586;"T37";12.1249386225827;1;1;2;"S-3";2;"S-1"
-21.3023809158362;3.21544213276911;-252.530727586366;36.1955331491298;"T37";12.2196930577047;1;1;2;"S-3";2;"S-1"
-21.0521700639359;3.31835376118664;-253.595711154928;36.3562848064487;"T37";12.2696866979823;1;1;2;"S-3";2;"S-1"
-21.2968867218142;3.14461019108988;-254.128704202926;36.4402979737441;"T37";12.2950044227764;1;1;2;"S-3";2;"S-1"
-21.4231207585731;3.47037659217302;-256.387270369291;36.773788510496;"T37";12.4010558938608;1;1;2;"S-3";2;"S-1"
-21.5538087915443;3.44730881725549;-256.452186411034;36.7843043972456;"T37";12.4040860799141;1;1;2;"S-3";2;"S-1"
-21.5575138028664;3.35573229642566;-261.384591048513;37.5731915104933;"T37";12.6329275197349;1;1;2;"S-3";2;"S-1"
-21.0422888839949;3.33716654326531;-266.698743372176;38.4004145726569;"T37";12.8794379648753;1;1;2;"S-3";2;"S-1"
-21.2397683732153;3.30572851053207;-268.214516229236;38.6408060288172;"T37";12.9514725646004;1;1;2;"S-3";2;"S-1"
-21.7510647003968;3.33091827443294;-270.993181744995;39.0732737306901;"T37";13.082296284847;1;1;2;"S-3";2;"S-1"
-21.9587163574749;2.86735425088041;-274.436178928624;39.6005280235599;"T37";13.2405872573145;1;1;2;"S-3";2;"S-1"
-21.3906404215621;2.69798372627727;-279.835945597711;40.3056258835766;"T37";13.4864926454611;1;1;2;"S-3";2;"S-1"
-21.7768509243454;2.5247072364505;-281.81427939488;40.555151483779;"T37";13.5789785999805;1;1;2;"S-3";2;"S-1"
-21.3480800011658;2.90475681783141;-285.247793936163;40.9532172573361;"T37";13.7366466922686;1;1;2;"S-3";2;"S-1"
-21.8024532821562;2.70406074437223;-295.200794196329;42.3074863701563;"T37";14.2028713016771;1;1;2;"S-3";2;"S-1"
-21.5684880080002;2.70499045442263;-302.028425042054;43.1542868796247;"T37";14.5160301355645;1;1;2;"S-3";2;"S-1"
-21.8533618853441;1.94740355777795;-307.33060062188;43.8192539522254;"T37";14.7618598653935;1;1;2;"S-3";2;"S-1"
-21.8695797002837;1.83657491801899;-309.026670506339;43.9703946574663;"T37";14.83947125962;1;1;2;"S-3";2;"S-1"
-21.827818682919;1.80093786544204;-309.986467473393;44.0509969854597;"T37";14.8833585670218;1;1;2;"S-3";2;"S-1"
-21.5505011618092;2.05360011699394;-310.995192780463;44.1342234235991;"T37";14.9295713985339;1;1;2;"S-3";2;"S-1"
-21.0144656392787;2.39981707576467;-313.686883164344;44.390721202734;"T37";15.0544729200192;1;1;2;"S-3";2;"S-1"
-21.5079223949626;2.42364689810453;-321.861792230906;45.3242822414735;"T37";15.443486336153;1;1;2;"S-3";2;"S-1"
-21.5055227642648;2.42830003352995;-322.018868613536;45.3419825883752;"T37";15.450789523311;1;1;2;"S-3";2;"S-1"
-20.8688073184534;2.69949315244503;-325.436493481014;45.7278843249319;"T37";15.6097079976462;1;1;2;"S-3";2;"S-1"
-20.4231691952854;3.09758242105814;-326.933026970407;45.9214690298638;"T37";15.6814194982871;1;1;2;"S-3";2;"S-1"
-21.1560478988218;2.87430074536202;-328.515392882757;46.1614664948462;"T37";15.7588984584436;1;1;2;"S-3";2;"S-1"
-21.4222842479341;2.91118569521549;-330.697106123591;46.457878188764;"T37";15.8620232599787;1;1;2;"S-3";2;"S-1"
-21.5180618759623;2.55313889656411;-333.408787193496;46.8263826418526;"T37";15.9886055160314;1;1;2;"S-3";2;"S-1"
-21.3339327955332;2.75311526007511;-337.336590348642;47.2924202929783;"T37";16.1711406894028;1;1;2;"S-3";2;"S-1"
-21.4396742147911;2.55090795806336;-338.902615760352;47.4945137606931;"T37";16.244546067901;1;1;2;"S-3";2;"S-1"
-21.9586610311222;2.47164812598734;-343.497261783814;48.0411880705876;"T37";16.4588518440723;1;1;2;"S-3";2;"S-1"
-21.7108307100314;2.90428112079346;-346.114740816562;48.3358092743547;"T37";16.5780521463603;1;1;2;"S-3";2;"S-1"
-21.6314241502048;3.03248208544923;-347.610123706396;48.5358482481419;"T37";16.6469294228591;1;1;2;"S-3";2;"S-1"
-21.6791195459247;2.9870617735959;-347.801496534756;48.5626765637264;"T37";16.6557764052413;1;1;2;"S-3";2;"S-1"
-21.5602110348788;2.76154699121267;-352.270126332252;49.1783876040283;"T37";16.8619023868814;1;1;2;"S-3";2;"S-1"
-21.5050489886612;2.62682545123321;-352.870962786461;49.2553459463955;"T37";16.8897702242248;1;1;2;"S-3";2;"S-1"
-21.4726211878758;2.63440005304606;-353.130079820769;49.2869968959437;"T37";16.9018193497322;1;1;2;"S-3";2;"S-1"
-21.8202732198248;2.44634360349445;-354.698754233421;49.4794520191326;"T37";16.9748739805073;1;1;2;"S-3";2;"S-1"
-21.7934214839748;2.44645731339597;-360.240323566126;50.1007358387168;"T37";17.2288382309489;1;1;2;"S-3";2;"S-1"
-21.063040834028;2.34726982544274;-379.707446298955;52.2860505592863;"T37";18.1220950675197;1;1;2;"S-3";2;"S-1"
-21.3401481361689;2.11988530429255;-382.186853583007;52.5623562431947;"T37";18.2398087112233;1;1;2;"S-3";2;"S-1"
-21.3645433238111;2.37302042842674;-385.024251844033;52.8442174016831;"T37";18.3727692812681;1;1;2;"S-3";2;"S-1"
-21.2096105787106;2.39554975053121;-385.480417168276;52.8948849781795;"T37";18.3941207942553;1;1;2;"S-3";2;"S-1"
-21.2489150872027;2.40310494373792;-385.677651505483;52.9171618920125;"T37";18.4034200850874;1;1;2;"S-3";2;"S-1"
-21.204707496443;2.43889868241283;-385.720308965491;52.9219861549272;"T37";18.4054275974631;1;1;2;"S-3";2;"S-1"
-20.8392862784596;2.30674727022825;-390.210789514759;53.4384670871374;"T37";18.6171956942417;1;1;2;"S-3";2;"S-1"
-21.2996399252165;2.4902166946371;-392.587260865794;53.7015240233744;"T37";18.7312337337062;1;1;2;"S-3";2;"S-1"
-21.3438619603216;2.32442538975446;-398.843106226936;54.4329171648584;"T37";19.0249403589405;1;1;2;"S-3";2;"S-1"
-21.2564434164533;2.16279466272547;-401.836342525383;54.7588916516959;"T37";19.1651790984906;1;1;2;"S-3";2;"S-1"
-20.875788903105;2.50686138354256;-403.461652754418;54.9242632625417;"T37";19.2416411009617;1;1;2;"S-3";2;"S-1"
-21.002041221643;2.5311120725024;-404.40476076056;55.0375160383806;"T37";19.2868182202801;1;1;2;"S-3";2;"S-1"
-21.1431117709132;2.9440900776867;-407.311068581641;55.3877767932622;"T37";19.4252003799193;1;1;2;"S-3";2;"S-1"
-21.009558323566;2.96359453669462;-407.489052602549;55.4125603253941;"T37";19.4336184416898;1;1;2;"S-3";2;"S-1"
-20.8896096012149;3.05851399315251;-407.650647664629;55.4353548190128;"T37";19.4413099437952;1;1;2;"S-3";2;"S-1"
-21.3985242166535;3.04778220341824;-410.904438031891;55.9117525860862;"T37";19.5970711298287;1;1;2;"S-3";2;"S-1"
-21.84884660248;2.68602070789526;-412.517107864953;56.1414444268615;"T37";19.6724347304553;1;1;2;"S-3";2;"S-1"
-21.998024191162;2.10899680287609;-420.010063822198;57.0626021991999;"T37";20.0153798796237;1;1;2;"S-3";2;"S-1"
-22.0987610343;2.19542792726352;-423.089814244764;57.3578643435819;"T37";20.1553811086342;1;1;2;"S-3";2;"S-1"
-22.4645312944947;1.82590140063349;-424.990960435597;57.5467359927521;"T37";20.2414106461219;1;1;2;"S-3";2;"S-1"
-21.5384663361275;1.79392647485478;-432.342536371977;58.1442669460193;"T37";20.5686632310972;1;1;2;"S-3";2;"S-1"
-21.4579901394125;2.08367537397896;-436.050152820665;58.4530721878647;"T37";20.740802527871;1;1;2;"S-3";2;"S-1"
-21.5493380225816;2.03922727928845;-436.395986062265;58.486654280332;"T37";20.7569192862138;1;1;2;"S-3";2;"S-1"
-21.7347013364302;1.87411212407664;-437.154288456514;58.5584129082158;"T37";20.7921084132977;1;1;2;"S-3";2;"S-1"
-21.5758713223899;1.91773142385169;-438.005911144161;58.6318455438593;"T37";20.83129103994;1;1;2;"S-3";2;"S-1"
-21.3157848759308;1.9811339900747;-439.845494238641;58.7953534854092;"T37";20.9165521664545;1;1;2;"S-3";2;"S-1"
-21.2397127747982;2.13798144732973;-441.320394502187;58.932433825687;"T37";20.9857450332493;1;1;2;"S-3";2;"S-1"
-21.0121912018462;2.32777895802161;-444.125622368509;59.2148070007539;"T37";21.1178196943365;1;1;2;"S-3";2;"S-1"
-20.6739990941369;2.60894393019195;-449.155562178518;59.7720353229873;"T37";21.3572016684338;1;1;2;"S-3";2;"S-1"
-20.293388943272;2.67147698217854;-453.637288740023;60.3376043382601;"T37";21.5739824925549;1;1;2;"S-3";2;"S-1"
-20.3075903690256;2.74141552670083;-454.115510226134;60.4005587169545;"T37";21.5975478757173;1;1;2;"S-3";2;"S-1"
-20.8910363706485;2.83621727230455;-456.592849911107;60.7349862563073;"T37";21.7195386998355;1;1;2;"S-3";2;"S-1"
-21.2208857470598;2.56211248247978;-457.676595145451;60.8821181121851;"T37";21.7714147875085;1;1;2;"S-3";2;"S-1"
-21.501375834594;2.32351952964518;-458.179005787983;60.9427768704435;"T37";21.7950900783762;1;1;2;"S-3";2;"S-1"
-7.32701764728607;-7.17487263916327;-466.111325726629;61.7999731928846;"T37";22.1640115836635;2;1;1;"S-4-NA";8;"S-2"
-6.33756172704566;-7.3715524371814;-466.301963297552;61.6132941977656;"T37";22.1900300239213;2;1;1;"S-4-NA";8;"S-2"
-2.57362043429634;-7.21662200505347;-467.334821303648;60.4119225535886;"T37";22.353004058823;2;1;6;"S-5-NA";8;"S-2"
-0.458732317552236;-6.7358750718913;-467.630583027314;59.5825848102218;"T37";22.46792454971;2;1;6;"S-5-NA";8;"S-2"
-0.185903293828313;-6.63270703871266;-467.637999316775;59.4736864453198;"T37";22.484091471415;2;1;6;"S-5-NA";8;"S-2"
1.64111777089236;-5.41283696123431;-467.665763202576;58.4831191617627;"T37";22.633437323384;2;1;6;"S-5-NA";8;"S-2"
2.05215527607654;-5.21418320466434;-467.590869850284;58.2361012373766;"T37";22.6790728978813;2;1;6;"S-5-NA";8;"S-2"
2.57234327606281;-4.89666509468963;-467.495610489917;57.9940631407952;"T37";22.7254920755513;2;1;6;"S-5-NA";8;"S-2"
3.11390355349705;-4.58814865350693;-467.407344335197;57.8260413208151;"T37";22.7598055964336;2;1;6;"S-5-NA";8;"S-2"
3.15013618052534;-4.56552440989951;-467.401797158343;57.8178678910423;"T37";22.7615870186128;2;1;6;"S-5-NA";8;"S-2"
3.2845805647677;-4.23580454140553;-467.337272343292;57.7243514202358;"T37";22.782070201356;2;1;6;"S-5-NA";8;"S-2"
4.00974555049743;-2.56816698552726;-466.540858694458;56.6972940885468;"T37";23.0245406273752;2;1;6;"S-5-NA";8;"S-2"
3.2569847614622;-2.12312761398211;-466.090395361255;56.4087807537349;"T37";23.1368827517144;2;1;8;"S-6";8;"S-2"
3.54012508286279;-1.46945628668941;-465.557496689548;56.0614005944096;"T37";23.3004999347031;2;1;8;"S-6";8;"S-2"
3.68160999102037;-1.58196150589497;-465.057241431598;55.8537516507882;"T37";23.4418099862523;2;1;8;"S-6";8;"S-2"
2.70163668240411;-1.39659505249109;-463.776344445413;55.3033593685791;"T37";23.789727606345;2;1;8;"S-6";8;"S-2"
2.36144017735448;-1.59129283295315;-463.613064489742;55.2189527643357;"T37";23.850165028125;2;1;8;"S-6";8;"S-2"
2.82432220664192;-1.35611779926446;-463.38694703619;55.0665800357386;"T37";23.9459190750495;2;1;8;"S-6";8;"S-2"
2.88740901109338;-1.2883401698348;-463.379675748507;55.0630886767755;"T37";23.9484935998917;2;1;8;"S-6";8;"S-2"
2.33033932908071;-1.11510567726572;-462.342534467366;54.6003240427546;"T37";24.3076880462468;2;1;8;"S-6";8;"S-2"
2.52536895439009;-1.22019559852624;-462.12374660115;54.4956304521303;"T37";24.4015747448429;2;1;8;"S-6";8;"S-2"
2.47850418833995;-1.04063694851542;-462.019496166192;54.445259229478;"T37";24.4428560137749;2;1;8;"S-6";8;"S-2"
2.42045737614418;-1.03434104588931;-461.899163611903;54.3947358118896;"T37";24.4914064882323;2;1;8;"S-6";8;"S-2"
2.15402668637483;-1.37745368242172;-460.734012325618;53.8968283453285;"T37";24.9727829825133;2;1;8;"S-6";8;"S-2"
2.34128550770708;-1.61875803003277;-460.41366599653;53.6919737660216;"T37";25.12150274124;2;1;8;"S-6";8;"S-2"
2.09290829272377;-1.37372012119031;-460.256416460057;53.5832518912031;"T37";25.1886665006168;2;1;8;"S-6";8;"S-2"
2.33680563342466;-1.44134575783897;-460.159062493653;53.519351765721;"T37";25.2351826173253;2;1;8;"S-6";8;"S-2"
2.56218591100644;-1.45143308762785;-459.974100661473;53.4052669876112;"T37";25.3143341862597;2;1;8;"S-6";8;"S-2"
2.95219029359146;-1.02482171445563;-459.520061306503;53.1480617082997;"T37";25.4915419965982;2;1;8;"S-6";8;"S-2"
2.95911520939312;-0.957024403921686;-459.456800473244;53.1261013774432;"T37";25.5129704368301;2;1;8;"S-6";8;"S-2"
3.04972956037604;-0.943536864885056;-459.316936879562;53.0808672912715;"T37";25.5602357792668;2;1;8;"S-6";8;"S-2"
3.20545691771925;-0.788949849143168;-459.264558777911;53.0646623560989;"T37";25.5774104502052;2;1;8;"S-6";8;"S-2"
2.29357929328314;-1.09973937948165;-458.836070782233;52.9591998438183;"T37";25.7110849954188;2;1;8;"S-6";8;"S-2"
2.41579906072078;-1.05019542168364;-457.725459753043;52.4266772980909;"T37";26.1953111272305;2;1;8;"S-6";8;"S-2"
2.55518335080046;-1.0985295968114;-457.332989283387;52.2560626567159;"T37";26.3577710255049;2;1;8;"S-6";8;"S-2"
2.65554480715341;-1.1041507358808;-457.177191131668;52.1890816000579;"T37";26.4187444001436;2;1;8;"S-6";8;"S-2"
2.42009443223611;-0.991985953089571;-457.095240580399;52.1550073260157;"T37";26.4496045652777;2;1;8;"S-6";8;"S-2"
2.34094487932141;-1.2497988044802;-456.572211142075;51.9406198835428;"T37";26.6657239990309;2;1;8;"S-6";8;"S-2"
2.38482921245008;-1.36378630786096;-456.305240914963;51.7980880906658;"T37";26.7797677894123;2;1;8;"S-6";8;"S-2"
2.81486006190046;-1.68785985051607;-455.595476021991;51.3922025715758;"T37";27.0773844444193;2;1;8;"S-6";8;"S-2"
2.81302745525031;-1.65809663809775;-455.543156321001;51.3608303822844;"T37";27.0959714078344;2;1;8;"S-6";8;"S-2"
2.93244445098335;-1.26880611378941;-455.197273983192;51.1569552510878;"T37";27.2189287352376;2;1;8;"S-6";8;"S-2"
2.74476098596438;-1.10076751585869;-454.986427641693;51.0657265401486;"T37";27.2908299579285;2;1;8;"S-6";8;"S-2"
3.10489813172117;-0.973287951557628;-454.698189372622;50.9501305647454;"T37";27.3958439356647;2;1;8;"S-6";8;"S-2"
2.81630724863839;-0.807566797203062;-454.475781729499;50.880412760746;"T37";27.4674751562998;2;1;8;"S-6";8;"S-2"
2.58098758825183;-1.37412563829318;-453.612030472949;50.6327349421524;"T37";27.7741715428419;2;1;8;"S-6";8;"S-2"
2.96075148877163;-1.10628312100628;-452.609985449756;50.0992431255467;"T37";28.1624124734662;2;1;8;"S-6";8;"S-2"
2.8818795619854;-1.05995164872274;-452.29447909564;49.9813543545865;"T37";28.2689754036255;2;1;8;"S-6";8;"S-2"
3.00566972205627;-0.888778909781911;-452.215167253872;49.9521835597506;"T37";28.2964962767437;2;1;8;"S-6";8;"S-2"
2.85026573950496;-0.871206492361314;-452.167205742328;49.9380013029214;"T37";28.3124532899819;2;1;8;"S-6";8;"S-2"
2.43556010263807;-0.968094168346359;-451.94369005011;49.8696819460608;"T37";28.3908725366928;2;1;8;"S-6";8;"S-2"
2.37484331698402;-1.10690107662541;-451.882064608178;49.8451868695929;"T37";28.416174906306;2;1;8;"S-6";8;"S-2"
2.66247386553633;-0.811079915872796;-451.470797307849;49.6534975003368;"T37";28.5893515101634;2;1;8;"S-6";8;"S-2"
2.50410530835227;-0.750338577831102;-451.309961709052;49.604501517454;"T37";28.6497598397546;2;1;8;"S-6";8;"S-2"
2.49726668850265;-1.06014558279832;-451.054019500188;49.5278101289709;"T37";28.7519688834436;2;1;8;"S-6";8;"S-2"
2.38691348708719;-1.29212501967273;-450.593101205001;49.3321400001364;"T37";28.9365379954688;2;1;8;"S-6";8;"S-2"
1.714208665373;-1.80195200429178;-449.876813079059;48.9443866048703;"T37";29.2366276844405;2;1;8;"S-6";8;"S-2"
2.3893395312793;-1.34116959080347;-448.900462972797;47.9180611251264;"T37";29.8061908455566;2;1;8;"S-6";8;"S-2"
2.74474735755278;-1.27462221814765;-448.687823125154;47.7987034140444;"T37";29.8951860866509;2;1;8;"S-6";8;"S-2"
2.83638489230987;-1.30720598496132;-448.337396708453;47.635970295703;"T37";30.0228577340022;2;1;8;"S-6";8;"S-2"
3.20249626000768;-1.05224420802482;-448.176784613112;47.5619489268627;"T37";30.0794833688997;2;1;8;"S-6";8;"S-2"
2.71998673789723;-0.959590391533441;-447.529619315654;47.3493098226776;"T37";30.2815648843534;2;1;8;"S-6";8;"S-2"
2.25882736565379;-1.7881388706795;-446.121819265502;46.8526487976422;"T37";30.7991409557872;2;1;8;"S-6";8;"S-2"
2.43289427892392;-1.71768673824492;-445.947689907933;46.7148040568135;"T37";30.8762293425389;2;1;8;"S-6";8;"S-2"
2.43577524838244;-1.51323474559062;-445.762995204952;46.5844047851792;"T37";30.95214497298;2;1;8;"S-6";8;"S-2"
2.2698683869648;-2.02622986214378;-445.43350784521;46.3797094951167;"T37";31.0874149901792;2;1;8;"S-6";8;"S-2"
1.92009777488044;-2.24535114636772;-445.256390780292;46.2216034621447;"T37";31.1654446530156;2;1;8;"S-6";8;"S-2"
2.18386617110643;-2.13328347375268;-445.05135353402;45.9818341014453;"T37";31.2722294474952;2;1;8;"S-6";8;"S-2"
2.18285576649026;-2.09309852195672;-444.970572675338;45.9029242886085;"T37";31.3092192867771;2;1;8;"S-6";8;"S-2"
1.69399472276659;-2.34677223428666;-444.55238883411;45.5019358250471;"T37";31.5007957746275;2;1;8;"S-6";8;"S-2"
2.28755229993962;-2.49366097418135;-444.256670025498;45.0922623591974;"T37";31.6753646824509;2;1;8;"S-6";8;"S-2"
2.24754515219695;-2.32911377173612;-444.214876286525;45.0467030004692;"T37";31.6936347517185;2;1;8;"S-6";8;"S-2"
1.9690202410056;-2.17176209681125;-443.952705003378;44.7750169141926;"T37";31.8102825898677;2;1;8;"S-6";8;"S-2"
2.03308524418597;-1.96445955066622;-443.385068958782;44.14893373802;"T37";32.0985660888255;2;1;8;"S-6";8;"S-2"
2.20546792794306;-2.04406201329737;-443.26056023727;44.028627741104;"T37";32.1598073584028;2;1;8;"S-6";8;"S-2"
2.28486807914068;-2.14472717064409;-443.189239251807;43.9625263413565;"T37";32.1921456139535;2;1;8;"S-6";8;"S-2"
2.13174506025343;-2.25353776308831;-442.968633239786;43.7554510566568;"T37";32.2886964888312;2;1;8;"S-6";8;"S-2"
2.3826740989172;-2.06014299463811;-442.903154690274;43.6862315300127;"T37";32.3194124270231;2;1;8;"S-6";8;"S-2"
2.39465094262073;-2.42701985377473;-442.587093060821;43.4129536393906;"T37";32.4520623893477;2;1;8;"S-6";8;"S-2"
3.74124664030065;-1.34292685484583;-441.56586294553;42.3779193799206;"T37";32.878525427077;2;1;8;"S-6";8;"S-2"
2.77415613081262;-1.00435732849976;-440.726404081755;42.0765941907289;"T37";33.1029048771597;2;1;8;"S-6";8;"S-2"
2.73420966745477;-0.793111216453298;-440.229612880402;41.8967355741676;"T37";33.2819831906818;2;1;8;"S-6";8;"S-2"
2.51458182638368;-0.783012546060773;-439.95595027618;41.8173543608264;"T37";33.3820715663023;2;1;8;"S-6";8;"S-2"
2.20493524232882;-1.27636985821412;-439.042566085446;41.5329367796546;"T37";33.745306590572;2;1;8;"S-6";8;"S-2"
1.83519891631299;-1.88268731401759;-438.225190290254;41.059782825838;"T37";34.1160094481893;2;1;8;"S-6";8;"S-2"
2.14114430536607;-1.89515275071138;-438.034579674229;40.864239887404;"T37";34.2198731843382;2;1;8;"S-6";8;"S-2"
1.99147252779173;-2.18235672464809;-437.808298480949;40.6639556633075;"T37";34.3255555490032;2;1;8;"S-6";8;"S-2"
2.31338385607873;-2.04532019273141;-437.632817418568;40.4716546040706;"T37";34.4136717845686;2;1;8;"S-6";8;"S-2"
2.2709212446982;-1.89350907477265;-437.09602702539;39.9970648694073;"T37";34.6457086736336;2;1;8;"S-6";8;"S-2"
2.88218930195328;-2.0309782437331;-436.579103543858;39.5660506695405;"T37";34.8733358900063;2;1;8;"S-6";8;"S-2"
2.8838708360862;-2.01218976359483;-436.524562745724;39.5276176719818;"T37";34.89225928206;2;1;8;"S-6";8;"S-2"
3.76204932514193;-1.81106310369548;-436.164232527832;39.2762011498258;"T37";35.0172060076147;2;1;8;"S-6";8;"S-2"
3.50227110664123;-1.51698566374106;-435.756578883003;39.0799553243647;"T37";35.125565470662;2;1;8;"S-6";8;"S-2"
3.50044273187531;-1.27256671292718;-435.664564346807;39.040099834023;"T37";35.1518382900394;2;1;8;"S-6";8;"S-2"
3.46097762189064;-1.0933857615703;-435.46781865157;38.9685740180484;"T37";35.2080442360602;2;1;8;"S-6";8;"S-2"
3.04259155225143;-1.48550873562863;-433.724876751857;38.4179469800874;"T37";35.7116423780099;2;1;8;"S-6";8;"S-2"
3.10396875120209;-1.34930477678047;-433.613101606909;38.3633741097582;"T37";35.7483792002313;2;1;8;"S-6";8;"S-2"
3.16875537328619;-1.14013406404693;-433.267663208586;38.2132109740111;"T37";35.8596684643999;2;1;8;"S-6";8;"S-2"
2.79656728526373;-1.08175640368599;-433.196312586284;38.1875386625216;"T37";35.8821853878908;2;1;8;"S-6";8;"S-2"
2.72759023990784;-1.3791208413305;-432.655828054995;37.9784707077127;"T37";36.0754525172524;2;1;8;"S-6";8;"S-2"
2.37994121220156;-1.26641607690496;-432.068809808268;37.681663259711;"T37";36.2906674854457;2;1;8;"S-6";8;"S-2"
2.66152739026185;-1.20302694897549;-431.951891355267;37.6194485260829;"T37";36.3397940993309;2;1;8;"S-6";8;"S-2"
2.36308420599106;-1.3935763313032;-430.467968232845;36.9487060370094;"T37";36.8973397882655;2;1;8;"S-6";8;"S-2"
2.3277148386903;-1.15075709326861;-430.314981986795;36.8584858023814;"T37";36.9620798621327;2;1;8;"S-6";8;"S-2"
1.9227847965298;-1.12594940416482;-429.966400133341;36.6861566863833;"T37";37.1118326787837;2;1;8;"S-6";8;"S-2"
1.75424920375691;-1.6418405186147;-429.709366213946;36.5356420843774;"T37";37.2455106233247;2;1;8;"S-6";8;"S-2"
1.6986077917425;-2.06765405067528;-429.485680684864;36.3262898644713;"T37";37.3730213148519;2;1;8;"S-6";8;"S-2"
2.13231506572958;-1.67331653508358;-428.990751092194;35.7238299075239;"T37";37.6643949886784;2;1;8;"S-6";8;"S-2"
1.98711363168544;-1.70600790253263;-428.980928119563;35.71612141135;"T37";37.6690017059445;2;1;8;"S-6";8;"S-2"
2.15599059483977;-1.5428216631182;-428.782381176657;35.5456617817539;"T37";37.7689189626835;2;1;8;"S-6";8;"S-2"
2.29358449028405;-1.44106370247654;-428.255204180998;35.1684151967516;"T37";38.0134362610988;2;1;8;"S-6";8;"S-2"
2.33647010629223;-1.59533248362182;-428.239675240825;35.1586583327179;"T37";38.020206859801;2;1;8;"S-6";8;"S-2"
2.85476058886594;-1.22519973009013;-427.914717646468;34.9367785814297;"T37";38.1592874298804;2;1;8;"S-6";8;"S-2"
2.78632996463845;-1.22322818486158;-427.89862564727;34.9298722533994;"T37";38.1649243296124;2;1;8;"S-6";8;"S-2"
2.72892287406667;-1.03010381763283;-427.593085989247;34.795737127255;"T37";38.2745809969492;2;1;8;"S-6";8;"S-2"
2.81171761099285;-1.0631256640592;-427.535296143863;34.7739228279518;"T37";38.2957577938214;2;1;8;"S-6";8;"S-2"
2.54166086111349;-1.34474480548385;-426.871956860557;34.5231106506178;"T37";38.5316773899831;2;1;8;"S-6";8;"S-2"
2.78089841040682;-1.07659974298464;-426.711686495209;34.4383146242982;"T37";38.5947347269394;2;1;8;"S-6";8;"S-2"
2.67330521799309;-1.23363628494111;-426.384781531066;34.3117563152787;"T37";38.7122884509154;2;1;8;"S-6";8;"S-2"
2.47769924681193;-0.919822646328583;-425.811450574237;34.0471842541221;"T37";38.92675365787;2;1;8;"S-6";8;"S-2"
2.08041007188511;-1.22330060654269;-424.915141527174;33.7144379126693;"T37";39.2885042005219;2;1;8;"S-6";8;"S-2"
1.7954304975005;-1.4309683745388;-424.126170394658;33.2505154975668;"T37";39.6677424781956;2;1;8;"S-6";8;"S-2"
1.83565063299042;-1.40552074391734;-424.067862791385;33.2040440042982;"T37";39.7002180339769;2;1;8;"S-6";8;"S-2"
2.0241705767538;-1.41783655284399;-424.026503280319;33.1723758591097;"T37";39.7227492881939;2;1;8;"S-6";8;"S-2"
2.10354388522082;-1.29794985281062;-423.837915197216;33.0402787519164;"T37";39.81591736665;2;1;8;"S-6";8;"S-2"
1.94451881213697;-1.96500852420887;-423.082398124758;32.5741019918872;"T37";40.1750812889077;2;1;8;"S-6";8;"S-2"
2.71732074190696;-1.51316803850684;-422.645473622084;32.1325735444214;"T37";40.3997767250985;2;1;8;"S-6";8;"S-2"
2.29015310210365;-1.78653555979784;-422.104756683242;31.8314697486429;"T37";40.5987657257356;2;1;8;"S-6";8;"S-2"
2.37958270701508;-1.44230394679853;-421.825743100087;31.6138128210278;"T37";40.7205975730903;2;1;8;"S-6";8;"S-2"
2.48997458881195;-1.55390498683038;-421.726410638827;31.5536057937629;"T37";40.7623412203975;2;1;8;"S-6";8;"S-2"
2.24625251025171;-1.69863240967696;-421.114085310159;31.1714752346581;"T37";41.0082575166598;2;1;8;"S-6";8;"S-2"
2.63853694629239;-1.20862088661351;-420.708448582491;30.864729804646;"T37";41.1888412781991;2;1;8;"S-6";8;"S-2"
2.64824683310623;-1.11632277336234;-420.675062542482;30.8494368350582;"T37";41.2014945177361;2;1;8;"S-6";8;"S-2"
2.43349725719272;-1.330133576103;-419.723742699188;30.4484243642625;"T37";41.5607207920402;2;1;8;"S-6";8;"S-2"
2.25025261437213;-1.2138265826532;-419.467159112111;30.3081774651797;"T37";41.6661589988507;2;1;8;"S-6";8;"S-2"
2.38551185755711;-1.1759888388914;-419.41416536431;30.2795916880165;"T37";41.6897091316059;2;1;8;"S-6";8;"S-2"
1.75853044908504;-1.67476829429632;-419.083760264055;30.1167114621303;"T37";41.8282140395604;2;1;8;"S-6";8;"S-2"
2.13321350325063;-1.92087913240365;-418.904017819526;29.9455304925928;"T37";41.9304257724434;2;1;8;"S-6";8;"S-2"
2.43610771462167;-1.20583213793806;-418.19060773067;29.3031313373078;"T37";42.2648555366322;2;1;8;"S-6";8;"S-2"
2.06376964073266;-1.24666720398532;-417.911199078963;29.1648287779325;"T37";42.3795502400026;2;1;8;"S-6";8;"S-2"
2.40157921655073;-1.21378943570812;-417.601722356115;28.9778822926481;"T37";42.5295072491281;2;1;8;"S-6";8;"S-2"
2.34366155561873;-1.29434386864214;-416.859746403058;28.6028779758374;"T37";42.8384606027976;2;1;8;"S-6";8;"S-2"
2.23635242904709;-1.24125600601379;-416.799999985394;28.5698815693419;"T37";42.8639533696696;2;1;8;"S-6";8;"S-2"
2.34648522595063;-1.47985783899396;-416.625507271471;28.4730318392416;"T37";42.9419789579697;2;1;8;"S-6";8;"S-2"
1.94373458428959;-1.68325668825269;-416.426230373352;28.3473538777738;"T37";43.0269046570174;2;1;8;"S-6";8;"S-2"
2.07520161453196;-1.66823191855377;-416.286354977064;28.2262230411734;"T37";43.0988668464124;2;1;8;"S-6";8;"S-2"
2.73615570349067;-1.21098320470935;-415.705898740143;27.7596006103818;"T37";43.3785776142031;2;1;8;"S-6";8;"S-2"
2.41109499741965;-0.938978603455417;-415.589932953032;27.7082758190576;"T37";43.420960358344;2;1;8;"S-6";8;"S-2"
2.49479229533054;-1.03641802981922;-415.470760629909;27.661865262171;"T37";43.4703869977966;2;1;8;"S-6";8;"S-2"
2.38284806083799;-1.42835216451862;-414.879404414883;27.4161966169513;"T37";43.7074232497253;2;1;8;"S-6";8;"S-2"
2.53627582936838;-1.61053692470014;-414.109582149308;26.9547415550867;"T37";44.0304913790897;2;1;8;"S-6";8;"S-2"
2.46759367778456;-1.7205925886877;-414.020156427689;26.8979561593426;"T37";44.0657500526868;2;1;8;"S-6";8;"S-2"
2.52500407554853;-1.73410466971329;-414.012270840257;26.8924577325094;"T37";44.0689457114786;2;1;8;"S-6";8;"S-2"
2.45046079869872;-1.7586892574627;-413.862841430981;26.7898336461054;"T37";44.1281255800277;2;1;8;"S-6";8;"S-2"
2.49686274423894;-1.69959788079415;-413.856053688464;26.7849621011892;"T37";44.1308955661952;2;1;8;"S-6";8;"S-2"
2.60403911574714;-1.74509089957479;-413.822938118352;26.7624205526348;"T37";44.1441584378481;2;1;8;"S-6";8;"S-2"
2.61028488335367;-1.57360686787363;-413.672041087588;26.6612972501594;"T37";44.2021057358943;2;1;8;"S-6";8;"S-2"
2.46341478481504;-1.69573567944606;-413.480778983122;26.5459951377076;"T37";44.2753782379441;2;1;8;"S-6";8;"S-2"
2.55943828592521;-1.55403464823606;-413.406776550491;26.4950542380457;"T37";44.305418827571;2;1;8;"S-6";8;"S-2"
2.7707945325488;-1.64704440155938;-413.190999809124;26.3640393453597;"T37";44.3897251156159;2;1;8;"S-6";8;"S-2"
2.53476698335724;-1.6449719780677;-413.123762726087;26.3240715816395;"T37";44.4139914703555;2;1;8;"S-6";8;"S-2"
2.78192014504145;-1.36106215509313;-412.397009517663;25.8524350680358;"T37";44.7007054812275;2;1;8;"S-6";8;"S-2"
2.1576031145683;-1.1963212842428;-412.264992637681;25.7878454429536;"T37";44.7481607901864;2;1;8;"S-6";8;"S-2"
2.18323901802263;-1.36747885533975;-412.176402612819;25.7387251336633;"T37";44.7892202530056;2;1;8;"S-6";8;"S-2"
1.61014373809847;-1.50792646651371;-411.945979779033;25.5943990427548;"T37";44.8947619879618;2;1;8;"S-6";8;"S-2"
1.86065056570797;-1.87386767838148;-411.416731043288;25.0987487743252;"T37";45.2234585653059;2;1;8;"S-6";8;"S-2"
1.92417433624633;-2.24976814582177;-411.001830273615;24.6809007611869;"T37";45.4464455018751;2;1;8;"S-6";8;"S-2"
2.16860162803634;-2.62709148721205;-410.625385524084;24.2407569601796;"T37";45.6420851289295;2;1;8;"S-6";8;"S-2"
2.21304340037998;-2.41129546747764;-410.486134463434;24.0720651768248;"T37";45.7062975037843;2;1;8;"S-6";8;"S-2"
1.99466389315692;-2.49924284293946;-410.317279305926;23.8880833914287;"T37";45.7825974794105;2;1;8;"S-6";8;"S-2"
3.2820368298121;-1.20549852481515;-409.794333687381;23.2328511496071;"T37";46.044769778382;2;1;8;"S-6";8;"S-2"
3.3146122789524;-1.03296815963785;-409.153348733124;22.9974161265243;"T37";46.2400707416236;2;1;8;"S-6";8;"S-2"
3.21505279316615;-1.03579310784634;-408.987874387965;22.9458475823322;"T37";46.2899934267625;2;1;8;"S-6";8;"S-2"
3.05059865316332;-1.10592347290045;-408.874760858113;22.9094058122706;"T37";46.3251759065315;2;1;8;"S-6";8;"S-2"
2.98965823962424;-1.20226736758123;-408.793424957312;22.8799193762914;"T37";46.3518381817266;2;1;8;"S-6";8;"S-2"
3.10919495566668;-1.04728947978817;-408.628258516244;22.8134990009841;"T37";46.407084108796;2;1;8;"S-6";8;"S-2"
2.57123703206781;-1.31620224999455;-407.951200134653;22.5854412142088;"T37";46.6248441371135;2;1;8;"S-6";8;"S-2"
2.5098948536647;-1.24448480435779;-407.941039600134;22.5802400918585;"T37";46.6287957504392;2;1;8;"S-6";8;"S-2"
3.35470047252889;-1.01989074924923;-407.338692214085;22.2815773140981;"T37";46.8687848420814;2;1;8;"S-6";8;"S-2"
3.42457850261914;-1.0462338835988;-407.142674479411;22.2219843114084;"T37";46.9272156129591;2;1;8;"S-6";8;"S-2"
3.40030085435476;-0.95665753723513;-406.748003193786;22.1014093350751;"T37";47.0424622879364;2;1;8;"S-6";8;"S-2"
2.9040070817055;-1.23881231835244;-406.225754767483;21.9544773679546;"T37";47.1960511757061;2;1;8;"S-6";8;"S-2"
2.7572897493039;-1.12191073455406;-405.317099583865;21.5668566759487;"T37";47.5089482031763;2;1;8;"S-6";8;"S-2"
2.12200339150159;-1.64060338569311;-404.847198494165;21.3756591143406;"T37";47.6793695706874;2;1;8;"S-6";8;"S-2"
2.22654182948185;-1.82699090801582;-404.798844634982;21.3382748644363;"T37";47.7021564613096;2;1;8;"S-6";8;"S-2"
2.04239703823148;-1.81863854764996;-404.753237842202;21.3008521694524;"T37";47.7226397022605;2;1;8;"S-6";8;"S-2"
2.44756374994767;-1.99339446093081;-403.970744094259;20.6040859351376;"T37";48.105764889624;2;1;8;"S-6";8;"S-2"
2.6049585167209;-1.97061217370455;-403.961807398247;20.5968075300994;"T37";48.1094161514193;2;1;8;"S-6";8;"S-2"
3.18932798305108;-1.52657049785251;-403.628343148964;20.3445468108159;"T37";48.2374274986796;2;1;8;"S-6";8;"S-2"
3.20038692430888;-0.94479322600905;-402.851548557554;19.9727344063092;"T37";48.4809880843386;2;1;8;"S-6";8;"S-2"
3.20608654764359;-1.12645653807727;-402.670067577194;19.9191590090373;"T37";48.5376940341666;2;1;8;"S-6";8;"S-2"
3.17999499042768;-1.1345435860321;-402.590126391578;19.8910717226026;"T37";48.562628228683;2;1;8;"S-6";8;"S-2"
2.59050886360697;-1.11313224738443;-401.776648936642;19.6008430802123;"T37";48.8184391520917;2;1;8;"S-6";8;"S-2"
2.50154759381744;-1.17254145322937;-401.751988129829;19.5902464211174;"T37";48.8279588287696;2;1;8;"S-6";8;"S-2"
2.76707053343692;-1.380341644258;-401.557607927301;19.4991352842698;"T37";48.9056628081016;2;1;8;"S-6";8;"S-2"
2.23924182498565;-1.16507189727493;-401.346535693812;19.3938427771538;"T37";48.9819428417832;2;1;8;"S-6";8;"S-2"
2.2761957925317;-1.18209352997995;-401.30372786791;19.371569972857;"T37";49.0010599489324;2;1;8;"S-6";8;"S-2"
1.60620283590921;-1.39054576089614;-401.027521409017;19.2281280646224;"T37";49.1224055993371;2;1;8;"S-6";8;"S-2"
2.06710573156272;-1.51206723661052;-400.825817782639;19.0535062071918;"T37";49.2479835287668;2;1;8;"S-6";8;"S-2"
2.42386642586518;-1.58146279625617;-400.439256947103;18.7707408094442;"T37";49.4349893648177;2;1;8;"S-6";8;"S-2"
2.45760786427799;-1.41127360304661;-399.969818675347;18.4644536502184;"T37";49.6286626905203;2;1;8;"S-6";8;"S-2"
2.33328526197853;-1.86469445764106;-399.05721718327;17.9403951075234;"T37";50;2;1;8;"S-6";8;"S-2"
