"Vx";"Vy";"X";"Y";"Traj";"Time";"TrueMovMode";"TrueTrajClust";"firstEstMovMode";"firstSegment";"finalEstMovMode";"finalSegment"
0;0;0;0;"T38";0;1;2;1;"S-1-NA";2;"S-1"
-1.79209375759028;1.32954813874278;0;0;"T38";0.0410033273510635;1;2;1;"S-1-NA";2;"S-1"
-9.33519121026961;6.49652750625115;-0.371197141073051;0.275389870608069;"T38";0.248133752029389;1;2;1;"S-1-NA";2;"S-1"
-10.4652515166996;6.99578382947068;-0.733498453313345;0.527521871710592;"T38";0.286944024264812;1;2;1;"S-1-NA";2;"S-1"
-13.0113625233396;7.64301091821826;-1.60322961048646;1.10891746986028;"T38";0.370050594210625;1;2;1;"S-1-NA";2;"S-1"
-13.1172087035473;7.75682030261019;-1.69075948488273;1.16033343682615;"T38";0.376777781639248;1;2;1;"S-1-NA";2;"S-1"
-15.247498001248;7.904078238006;-2.58882601497815;1.6914022679453;"T38";0.445242540445179;1;2;1;"S-1-NA";2;"S-1"
-15.895513969637;7.99464302160523;-3.08045133967478;1.94625359042911;"T38";0.477485556621104;1;2;1;"S-1-NA";2;"S-1"
-17.1167815108188;8.10928705595177;-3.98248847081507;2.39993284040332;"T38";0.53423346253112;1;2;4;"S-2-NA";2;"S-1"
-18.1316292059429;7.74799766639875;-4.96400049179976;2.8649363062711;"T38";0.591575552243739;1;2;4;"S-2-NA";2;"S-1"
-18.7138906249361;7.7627591727512;-5.89263699982268;3.26176074026824;"T38";0.642791937571019;1;2;4;"S-2-NA";2;"S-1"
-18.9089525064162;7.5386350422323;-6.20249106303741;3.39029213545708;"T38";0.659349374473095;1;2;4;"S-2-NA";2;"S-1"
-20.2328960809575;6.73716039392595;-8.79309121361213;4.42311450194766;"T38";0.796353269834071;1;2;4;"S-2-NA";2;"S-1"
-20.3423982460795;6.63488029955287;-9.1139807937258;4.52996448334998;"T38";0.812213064637035;1;2;4;"S-2-NA";2;"S-1"
-20.370226077975;6.58075146965051;-9.28551966912615;4.58591363404664;"T38";0.820645643398166;1;2;4;"S-2-NA";2;"S-1"
-22.2250291233659;5.35880288667074;-12.4863458847644;5.61996410270746;"T38";0.977778225205839;1;2;4;"S-2-NA";2;"S-1"
-22.3904324095062;5.37507261716225;-12.8540564875249;5.70862489269316;"T38";0.994323112536222;1;2;4;"S-2-NA";2;"S-1"
-22.592101092234;4.29009220791367;-16.3611388467046;6.55053906434426;"T38";1.15095619112253;1;2;4;"S-2-NA";2;"S-1"
-22.2274163818342;4.11717958767944;-17.5010636792599;6.76700333306311;"T38";1.20141297811642;1;2;4;"S-2-NA";2;"S-1"
-21.9439926159456;4.11189904260449;-17.9522448534191;6.850575525561;"T38";1.22171138646081;1;2;4;"S-2-NA";2;"S-1"
-22.1395587118997;3.73033639249353;-19.1081755634922;7.06717559753756;"T38";1.27438779454678;1;2;4;"S-2-NA";2;"S-1"
-21.9934629994947;3.59257581430099;-20.008761678652;7.21891706644719;"T38";1.31506548495963;1;2;2;"S-3";2;"S-1"
-22.1141674249713;3.24120098951252;-21.0696258525104;7.3922065103765;"T38";1.36330091627315;1;2;2;"S-3";2;"S-1"
-22.1697236445246;3.05119189778645;-22.8071641490317;7.64687179972588;"T38";1.44187218975276;1;2;2;"S-3";2;"S-1"
-21.9758662287481;2.67371825553751;-25.9081637903976;8.07365858031396;"T38";1.58174762036651;1;2;2;"S-3";2;"S-1"
-21.7853670141922;2.7561022092821;-26.530284322304;8.14934956814528;"T38";1.61005688132718;1;2;2;"S-3";2;"S-1"
-21.6691595327231;2.74236861345017;-26.812890110015;8.18510248593449;"T38";1.62302915705368;1;2;2;"S-3";2;"S-1"
-21.8234534628416;2.79784256685012;-27.1834037744795;8.23199332370544;"T38";1.64012782042846;1;2;2;"S-3";2;"S-1"
-21.8910767756204;2.67747600516486;-27.6943267215535;8.2974954208936;"T38";1.66353946551681;1;2;2;"S-3";2;"S-1"
-21.3962713250979;2.81979773695356;-29.3223601491629;8.49661858339079;"T38";1.73790919361636;1;2;2;"S-3";2;"S-1"
-21.2231585149335;2.7720994322668;-31.1560542418643;8.73827968285532;"T38";1.82361076585948;1;2;2;"S-3";2;"S-1"
-21.1716812630776;2.81485517532623;-31.5521789879588;8.79002019937565;"T38";1.84227550635114;1;2;2;"S-3";2;"S-1"
-21.0243926762306;3.37351127264338;-34.6132557318214;9.19700194104579;"T38";1.98685905197635;1;2;2;"S-3";2;"S-1"
-20.9289236035218;3.62631541495923;-37.6584301711997;9.68562153908167;"T38";2.13169911876321;1;2;2;"S-3";2;"S-1"
-21.0585374667229;3.45326545276147;-39.3544577580291;9.97948906417887;"T38";2.21273661591113;1;2;2;"S-3";2;"S-1"
-20.4232645963149;3.25415554273581;-43.142713282291;10.6007027618936;"T38";2.39262828836218;1;2;2;"S-3";2;"S-1"
-20.5222036479784;3.18601348601305;-43.9465976429174;10.7287902542489;"T38";2.43198949610814;1;2;2;"S-3";2;"S-1"
-20.871149378253;3.11217941995129;-47.1927000620847;11.2327383809631;"T38";2.59016463533044;1;2;2;"S-3";2;"S-1"
-20.7815154626036;3.29151597007383;-48.2571435886806;11.3914617544168;"T38";2.6411653496325;1;2;2;"S-3";2;"S-1"
-20.7416541312975;3.31162998406027;-48.3326299338173;11.4034177886621;"T38";2.64479772886261;1;2;2;"S-3";2;"S-1"
-21.3432490549094;2.79084021030892;-49.3259142647892;11.5620064022954;"T38";2.69268611446023;1;2;2;"S-3";2;"S-1"
-21.4553503235211;2.73413739525663;-50.0010170569704;11.6502827473666;"T38";2.72431685589254;1;2;2;"S-3";2;"S-1"
-21.7853863466601;2.3807321714856;-53.7943216557206;12.1336780682843;"T38";2.90111679350957;1;2;2;"S-3";2;"S-1"
-21.6615421931035;2.34639727764931;-54.2930383434304;12.1881784036924;"T38";2.92400905163959;1;2;2;"S-3";2;"S-1"
-21.4582469507556;2.66375802137928;-57.7010273183186;12.5573347629974;"T38";3.08133806101978;1;2;2;"S-3";2;"S-1"
-21.149745432423;2.75494897396599;-58.9135364185756;12.7078517576622;"T38";3.13784356694669;1;2;2;"S-3";2;"S-1"
-20.9110433980788;2.95359559155072;-60.0817563040348;12.8600231483343;"T38";3.1930792145431;1;2;2;"S-3";2;"S-1"
-20.9881652836391;3.04823793964795;-61.1559253461585;13.0117449389212;"T38";3.24444771977141;1;2;2;"S-3";2;"S-1"
-20.8740177646421;3.02074499763033;-61.7678945731261;13.100624923919;"T38";3.27360554365441;1;2;2;"S-3";2;"S-1"
-20.8784108786537;3.10579989779137;-62.644781556852;13.2275220071467;"T38";3.31561408238485;1;2;2;"S-3";2;"S-1"
-21.05549498756;3.16091915787172;-65.852952219019;13.7047583338272;"T38";3.46927379723638;1;2;2;"S-3";2;"S-1"
-20.9448989161841;3.22421795723168;-66.966975566576;13.8719991298137;"T38";3.52218271000311;1;2;2;"S-3";2;"S-1"
-20.7916539479171;3.20404324549532;-68.2896265010813;14.0756055024798;"T38";3.58533178223297;1;2;2;"S-3";2;"S-1"
-20.7702161533276;2.92698769301421;-70.1878821698517;14.3681312086589;"T38";3.67663070792332;1;2;2;"S-3";2;"S-1"
-20.9886981152567;3.36771964470723;-72.622409901512;14.711210580403;"T38";3.79384314874187;1;2;2;"S-3";2;"S-1"
-21.6656215187592;2.98559426067961;-77.0324560535633;15.4188199318154;"T38";4.00395842734724;1;2;2;"S-3";2;"S-1"
-22.1693803201056;2.56426494516234;-79.0457302205972;15.696255766881;"T38";4.09688325598836;1;2;2;"S-3";2;"S-1"
-22.0805870847507;2.79738015730683;-81.081258215073;15.9316991128728;"T38";4.18870034627616;1;2;2;"S-3";2;"S-1"
-22.2477183837404;2.22325206956378;-87.0720113047807;16.6906650659134;"T38";4.46001347154379;1;2;2;"S-3";2;"S-1"
-22.2854757048184;2.20631612289572;-87.1673477774151;16.7001922006259;"T38";4.46429869625717;1;2;2;"S-3";2;"S-1"
-22.1777520320114;2.22502453964634;-88.336845003833;16.815975261329;"T38";4.51677669771016;1;2;2;"S-3";2;"S-1"
-21.9604616331135;2.36106890928467;-89.5727650264848;16.939971254046;"T38";4.57250461913645;1;2;2;"S-3";2;"S-1"
-22.1480475484523;2.27478606833047;-91.4599638103247;17.1428725613412;"T38";4.65844082646072;1;2;2;"S-3";2;"S-1"
-22.3860774706313;2.26514018949729;-93.1077965097853;17.3121184896548;"T38";4.7328416374512;1;2;2;"S-3";2;"S-1"
-22.5292193705502;2.06763530135011;-93.6065402225571;17.3625839823049;"T38";4.75512082921341;1;2;2;"S-3";2;"S-1"
-22.4976879164455;2.03954106198573;-93.7535593168213;17.3760767653558;"T38";4.76164653664455;1;2;2;"S-3";2;"S-1"
-22.5216640339509;1.90820491526441;-94.1218500580562;17.4094643779979;"T38";4.7780166962184;1;2;2;"S-3";2;"S-1"
-22.0402173176348;1.91455944118423;-97.7039141762281;17.7129638151081;"T38";4.93706640554592;1;2;2;"S-3";2;"S-1"
-22.0860267545747;1.88627644832233;-97.9726380440797;17.7363069523763;"T38";4.94925883831456;1;2;2;"S-3";2;"S-1"
-22.1288887382231;1.83153913849573;-98.1076649150323;17.7478390404879;"T38";4.95537251699716;1;2;2;"S-3";2;"S-1"
-21.9606177567833;1.88296753992101;-99.9252995636662;17.8982789942443;"T38";5.03751105861738;1;2;2;"S-3";2;"S-1"
-21.8585722790057;2.21083981165511;-101.302431500454;18.016358310768;"T38";5.10022022062913;1;2;2;"S-3";2;"S-1"
-21.9971850330989;2.34455870841976;-102.073848019635;18.094381629501;"T38";5.13551147887483;1;2;2;"S-3";2;"S-1"
-22.0437680046303;2.24666832965885;-102.609798533306;18.151505640697;"T38";5.15987598337233;1;2;2;"S-3";2;"S-1"
-21.4869372243754;2.58337796251456;-105.823203882852;18.4790111754887;"T38";5.30564985238016;1;2;2;"S-3";2;"S-1"
-21.5887005411869;2.50709894592895;-106.819565501318;18.5988038951752;"T38";5.35202042665333;1;2;2;"S-3";2;"S-1"
-21.3743205419474;2.59733638726886;-107.604664052162;18.6899775045139;"T38";5.38838660577312;1;2;2;"S-3";2;"S-1"
-21.6044780984109;2.33751254409828;-109.960183619221;18.9762124129143;"T38";5.49858985468745;1;2;2;"S-3";2;"S-1"
-21.2502131362319;2.21061379253583;-114.710347596117;19.4901599302734;"T38";5.71845927042887;1;2;2;"S-3";2;"S-1"
-21.2287316372768;2.12882094111803;-116.080659346929;19.6327105031547;"T38";5.78294388251379;1;2;2;"S-3";2;"S-1"
-21.3986106963561;2.48472816242472;-117.75025496262;19.8001378450521;"T38";5.86159180384129;1;2;2;"S-3";2;"S-1"
-21.3723355761917;2.5633649979839;-119.812672751454;20.0396182316676;"T38";5.95797272399068;1;2;2;"S-3";2;"S-1"
-20.7593232152876;2.7341884716367;-124.990370212507;20.6606232872218;"T38";6.20023438241333;1;2;2;"S-3";2;"S-1"
-20.8832393667587;2.65660558630897;-125.489495810339;20.7263625910198;"T38";6.22427782509476;1;2;2;"S-3";2;"S-1"
-21.4946895811913;3.09723290990784;-128.636164706239;21.1266576803162;"T38";6.37495698174462;1;2;2;"S-3";2;"S-1"
-21.4864087215673;3.15486097481821;-129.416351558809;21.2390770937963;"T38";6.41125370748341;1;2;2;"S-3";2;"S-1"
-21.4796590579783;2.99543423863851;-130.539970472271;21.4040586645458;"T38";6.46354811033234;1;2;2;"S-3";2;"S-1"
-21.5480692883392;2.9387558784907;-130.663797273662;21.4213268641735;"T38";6.46931295050308;1;2;2;"S-3";2;"S-1"
-21.5373504442949;2.89820690358672;-132.850829073254;21.7195973250437;"T38";6.57080843811855;1;2;2;"S-3";2;"S-1"
-21.3613274604473;2.78512897880731;-134.920704058836;21.9981332567634;"T38";6.66691473452374;1;2;2;"S-3";2;"S-1"
-21.3515056131482;2.84428371343681;-135.109672177146;22.0227712659579;"T38";6.67576100677252;1;2;2;"S-3";2;"S-1"
-21.3439771667817;2.96148679994523;-135.360597528604;22.0561976155264;"T38";6.68751312186942;1;2;2;"S-3";2;"S-1"
-21.5135491400985;2.98930471709643;-135.723498592566;22.106550307633;"T38";6.70451562618837;1;2;2;"S-3";2;"S-1"
-21.5296731642504;2.80866310986366;-138.329793753004;22.4686946644988;"T38";6.82566231116652;1;2;2;"S-3";2;"S-1"
-21.4072050097076;2.63483712534912;-140.135795189555;22.7042973869603;"T38";6.90954660531133;1;2;2;"S-3";2;"S-1"
-21.3128473413659;2.55450317017123;-141.538497901354;22.8769445484743;"T38";6.97507139993832;1;2;2;"S-3";2;"S-1"
-21.3673750161635;2.59715432038555;-142.776113108057;23.0252819300704;"T38";7.03314037527889;1;2;2;"S-3";2;"S-1"
-21.3075344173791;2.75239756677457;-144.080144085102;23.183783836991;"T38";7.09416944300756;1;2;2;"S-3";2;"S-1"
-21.3965354435033;2.76548568121928;-144.759926086696;23.2715945752244;"T38";7.12607280584052;1;2;2;"S-3";2;"S-1"
-21.1207721320715;2.36683132517264;-152.225665817334;24.2365356695107;"T38";7.47499563731253;1;2;2;"S-3";2;"S-1"
-20.7397562281498;2.60069361758393;-154.27862886052;24.4665943628979;"T38";7.57219677325338;1;2;2;"S-3";2;"S-1"
-21.0876506213784;2.98372233239933;-156.7890752301;24.7813956449782;"T38";7.69324189750478;1;2;2;"S-3";2;"S-1"
-21.3126615597462;2.72572985704817;-157.7356496293;24.9153278323462;"T38";7.73812951520085;1;2;2;"S-3";2;"S-1"
-21.2590730672798;2.78806515723619;-157.89561564625;24.9357862883344;"T38";7.7456351951696;1;2;2;"S-3";2;"S-1"
-21.319784846533;2.86886898849645;-158.249281704907;24.9821685559111;"T38";7.76227120077237;1;2;2;"S-3";2;"S-1"
-21.1555018982142;2.93374024474738;-159.079408719982;25.093873512936;"T38";7.80120813287795;1;2;2;"S-3";2;"S-1"
-21.0105870497799;2.97444214221272;-160.980586633099;25.3575194516128;"T38";7.89107496384531;1;2;2;"S-3";2;"S-1"
-21.5606797133636;2.85762260489413;-164.869779617692;25.9081075663174;"T38";8.07618130929768;1;2;2;"S-3";2;"S-1"
-21.4769651568599;2.65614547920016;-166.914596999971;26.1791248279326;"T38";8.17102142609656;1;2;2;"S-3";2;"S-1"
-21.3949677976772;2.55136286032341;-167.262133945892;26.2221061654271;"T38";8.18720327224582;1;2;2;"S-3";2;"S-1"
-21.4888535961813;2.48354420792609;-167.607189084617;26.2632541995831;"T38";8.20333113661036;1;2;2;"S-3";2;"S-1"
-21.5062415386632;2.49044584405372;-167.780756302004;26.283313988045;"T38";8.21140821790323;1;2;2;"S-3";2;"S-1"
-21.3759943456003;2.483079899759;-167.966353324971;26.3048063224301;"T38";8.22003813227639;1;2;2;"S-3";2;"S-1"
-21.8712174207068;1.99581131164437;-170.804836241506;26.6345303933625;"T38";8.35282647749409;1;2;2;"S-3";2;"S-1"
-21.9072033137942;2.23331350263275;-171.8037988458;26.7256885958168;"T38";8.3985012373887;1;2;2;"S-3";2;"S-1"
-22.0714705125097;2.43728604760162;-175.965804888093;27.1499811976224;"T38";8.58848468633369;1;2;2;"S-3";2;"S-1"
-22.233554915301;1.93833650371459;-179.388897370345;27.5279829960034;"T38";8.74357596039772;1;2;2;"S-3";2;"S-1"
-22.1539737678787;1.94264724161878;-179.703975125702;27.5554516899231;"T38";8.75774723244831;1;2;2;"S-3";2;"S-1"
-22.3869850099086;2.02394247541582;-180.657953390395;27.6391045489492;"T38";8.8008085032925;1;2;2;"S-3";2;"S-1"
-22.3674769582789;2.03491353778469;-180.764022899058;27.6486939860187;"T38";8.80554650211707;1;2;2;"S-3";2;"S-1"
-22.0151851820934;1.91304582795775;-182.209335899075;27.7801834247049;"T38";8.8701632223092;1;2;2;"S-3";2;"S-1"
-22.1565812422618;1.9205303086867;-185.645326346741;28.0787594819328;"T38";9.026236878708;1;2;2;"S-3";2;"S-1"
-21.826160037297;1.81220331436164;-186.190140709044;28.1259839379068;"T38";9.05082615790889;1;2;2;"S-3";2;"S-1"
-21.7559646015709;2.22552718593427;-189.028734473907;28.3616694190001;"T38";9.18088081525639;1;2;2;"S-3";2;"S-1"
-21.5311790824163;2.19958192079386;-189.673495756503;28.4276252977274;"T38";9.21051688492298;1;2;2;"S-3";2;"S-1"
-21.6162128126558;2.31857979216969;-190.709077407573;28.5334182349595;"T38";9.25861372379586;1;2;2;"S-3";2;"S-1"
-21.5478603202034;2.53671237382311;-191.886573324092;28.6597177982117;"T38";9.31308653671294;1;2;2;"S-3";2;"S-1"
-21.4848604184897;1.97083047716915;-196.48297086895;29.2008266764848;"T38";9.52639762545004;1;2;2;"S-3";2;"S-1"
-21.3752940801822;2.03933630037639;-196.936942923349;29.242470045032;"T38";9.54752748366445;1;2;2;"S-3";2;"S-1"
-21.3937324756165;2.84707035766449;-202.21490727233;29.7460207446665;"T38";9.79444639524445;1;2;2;"S-3";2;"S-1"
-21.4026989288005;2.82017368873249;-202.90473761375;29.8378231227281;"T38";9.82669090153649;1;2;2;"S-3";2;"S-1"
-21.4054587423555;2.8184404287317;-202.981604783835;29.8479516944247;"T38";9.83028237242252;1;2;2;"S-3";2;"S-1"
-21.3947066497896;2.59247504050656;-208.670168944246;30.596960599308;"T38";10.0960353389382;1;2;2;"S-3";2;"S-1"
-21.368791431605;2.55183478119564;-209.160402616679;30.6563640106565;"T38";10.1189491222613;1;2;2;"S-3";2;"S-1"
-21.2629659459834;2.49653520762628;-209.335287978259;30.6772486053623;"T38";10.1271332707256;1;2;2;"S-3";2;"S-1"
-21.2997777646028;2.53005132477925;-209.372274681715;30.6815913018434;"T38";10.1288727601059;1;2;2;"S-3";2;"S-1"
-21.3048510262498;2.36804076657747;-210.622102590122;30.8300495998763;"T38";10.1875507389195;1;2;2;"S-3";2;"S-1"
-21.272335082347;2.37918240708665;-210.784580474479;30.8481090668658;"T38";10.1951770717278;1;2;2;"S-3";2;"S-1"
-21.3517727205092;2.93687527518907;-216.705988298646;31.5103828259951;"T38";10.4735389817506;1;2;2;"S-3";2;"S-1"
-21.3005365862647;2.96104790538336;-220.285625835362;32.0027517320026;"T38";10.6411895831116;1;2;2;"S-3";2;"S-1"
-21.5507125844963;3.07166902262108;-223.949188811821;32.5120339950926;"T38";10.813183512073;1;2;2;"S-3";2;"S-1"
-21.765146715799;2.65211616420842;-225.960863800317;32.7987623211986;"T38";10.9065296128392;1;2;2;"S-3";2;"S-1"
-22.0215143533888;2.66851999930658;-231.579567806261;33.4834099328433;"T38";11.1646810546517;1;2;2;"S-3";2;"S-1"
-21.638708337499;2.57841707033215;-233.966251043456;33.7726231017589;"T38";11.2730606691912;1;2;2;"S-3";2;"S-1"
-21.6010814619964;2.53610074812389;-234.092902687591;33.7877146107404;"T38";11.2789136823267;1;2;2;"S-3";2;"S-1"
-21.5192124430345;2.62057841817732;-234.498988759916;33.8353916306914;"T38";11.2977130222134;1;2;2;"S-3";2;"S-1"
-21.3645172426951;2.70410264223589;-235.512431386237;33.9588072009232;"T38";11.3448078045622;1;2;2;"S-3";2;"S-1"
-21.023697712215;2.88856332766301;-237.900368625234;34.2610479360689;"T38";11.456578981597;1;2;2;"S-3";2;"S-1"
-21.2573638818149;2.4767472539436;-243.211422434863;34.990763301831;"T38";11.7092012311332;1;2;2;"S-3";2;"S-1"
-20.8928202448724;2.41012289170036;-247.747903895453;35.5193198087689;"T38";11.9226087583229;1;2;2;"S-3";2;"S-1"
-20.8863050553395;2.4146529737635;-248.140757577514;35.5646380396792;"T38";11.9414120446891;1;2;2;"S-3";2;"S-1"
-20.5586951096623;2.70857748687443;-250.308994058836;35.8153065353071;"T38";12.0452234405093;1;2;2;"S-3";2;"S-1"
-21.549442670628;2.64905487697114;-256.715103753301;36.6593019544873;"T38";12.3568244278431;1;2;2;"S-3";2;"S-1"
-21.550202456453;2.67511324185182;-256.912357915703;36.6835502428954;"T38";12.3659779899754;1;2;2;"S-3";2;"S-1"
-21.3708231547374;2.61687245840418;-257.967483179564;36.8145271824798;"T38";12.4149392591789;1;2;2;"S-3";2;"S-1"
-21.3582283276489;2.49924846276264;-259.190929827199;36.9643390925471;"T38";12.4721877160482;1;2;2;"S-3";2;"S-1"
-21.309300158939;2.47575345270217;-259.898452759525;37.0471303977929;"T38";12.5053141964599;1;2;2;"S-3";2;"S-1"
-21.3177436198242;2.74948632259515;-262.71316929158;37.3741493106919;"T38";12.6374028390273;1;2;2;"S-3";2;"S-1"
-21.4466769135997;2.77636486046483;-265.286891988373;37.7060988584107;"T38";12.7581343171187;1;2;2;"S-3";2;"S-1"
-21.5125142638997;2.4382297566534;-268.103507262063;38.07072185818;"T38";12.8894653986208;1;2;2;"S-3";2;"S-1"
-21.4923068598694;2.46411735078763;-268.153095612868;38.0763422050642;"T38";12.8917704918422;1;2;2;"S-3";2;"S-1"
-21.3552276503156;2.75337129086828;-269.264277105265;38.2037404230937;"T38";12.9434718517587;1;2;2;"S-3";2;"S-1"
-21.2497819818701;2.80278059677365;-272.183987553197;38.5801844047089;"T38";13.0801929626614;1;2;2;"S-3";2;"S-1"
-21.126366200513;2.87686797020809;-272.590834177793;38.633846217628;"T38";13.0993388826028;1;2;2;"S-3";2;"S-1"
-21.1037519140325;2.88789646362382;-273.349866271468;38.7372068759602;"T38";13.1352670723572;1;2;2;"S-3";2;"S-1"
-21.2623701012424;2.90834522184401;-273.761153029325;38.7934885067522;"T38";13.154755870346;1;2;2;"S-3";2;"S-1"
-21.4658552884815;2.92371963229579;-273.977056343671;38.8230205565503;"T38";13.1649101153016;1;2;2;"S-3";2;"S-1"
-21.9993479477329;2.81400990671774;-280.476119172821;39.7082141502716;"T38";13.467672932893;1;2;2;"S-3";2;"S-1"
-21.7256003486875;2.85337364730316;-282.112180111874;39.9174881570025;"T38";13.5420415434055;1;2;2;"S-3";2;"S-1"
-21.7512014726624;2.87622378244012;-282.158210408365;39.9235336348202;"T38";13.5441602556966;1;2;2;"S-3";2;"S-1"
-21.6697914813115;3.04371432703747;-282.419647407485;39.9581041993668;"T38";13.5561796836555;1;2;2;"S-3";2;"S-1"
-20.6133191403942;2.78359979296435;-287.620664511232;40.6886331611935;"T38";13.7961920117959;1;2;2;"S-3";2;"S-1"
-20.6645616211424;2.71590828792488;-288.717567327217;40.8367577029367;"T38";13.8494053157046;1;2;2;"S-3";2;"S-1"
-20.5985517150416;2.73904369936074;-288.85919859593;40.855372060385;"T38";13.8562591397204;1;2;2;"S-3";2;"S-1"
-20.6031345340492;2.74525099255353;-293.777920330425;41.5094274504025;"T38";14.0950488275848;1;2;2;"S-3";2;"S-1"
-21.2897270019671;2.96791777389423;-300.003869222104;42.3389998800841;"T38";14.3972333753482;1;2;2;"S-3";2;"S-1"
-21.5865614975672;2.86835522211448;-300.789347412578;42.4485003298691;"T38";14.434128080029;1;2;2;"S-3";2;"S-1"
-21.4143165239503;2.66284976701307;-302.469757669224;42.6717880237191;"T38";14.5119732827879;1;2;2;"S-3";2;"S-1"
-21.7809082098135;2.42415119842117;-302.941530869917;42.7304525697552;"T38";14.5340040209703;1;2;2;"S-3";2;"S-1"
-21.2866434328803;2.93223874563896;-305.585011588653;43.0246642201876;"T38";14.6553708938882;1;2;2;"S-3";2;"S-1"
-21.2838557188352;3.01175766300313;-308.047323539417;43.3638481093078;"T38";14.7710449295118;1;2;2;"S-3";2;"S-1"
-21.2888724981826;2.9921116754568;-308.420406602405;43.4166409767626;"T38";14.7885738522746;1;2;2;"S-3";2;"S-1"
-21.1450141392443;3.12214228926595;-309.210362377921;43.5276678007157;"T38";14.825680362992;1;2;2;"S-3";2;"S-1"
-21.2574124153461;3.14833653977642;-311.057759221381;43.8004430172297;"T38";14.9130483274348;1;2;2;"S-3";2;"S-1"
-21.619977493816;3.28419399571022;-313.34944649354;44.1398541664187;"T38";15.0208548293449;1;2;2;"S-3";2;"S-1"
-21.4881958340587;2.97432796754176;-319.162143520028;45.0228349502208;"T38";15.289712511003;1;2;2;"S-3";2;"S-1"
-21.5626054422254;2.83184505506779;-320.728904835943;45.2397010862323;"T38";15.3626251616515;1;2;2;"S-3";2;"S-1"
-21.7856912491383;2.58316177021098;-321.369678306116;45.3238547005898;"T38";15.3923420468345;1;2;2;"S-3";2;"S-1"
-21.4285912862102;2.00407363006244;-324.387686029746;45.6817043590986;"T38";15.5308736953884;1;2;2;"S-3";2;"S-1"
-21.0653278272491;2.08009418323464;-325.456167382612;45.7816323139927;"T38";15.5807361123152;1;2;2;"S-3";2;"S-1"
-21.3332851464861;2.00112879615488;-326.825258585433;45.9168231199778;"T38";15.6457287492231;1;2;2;"S-3";2;"S-1"
-20.9298476912818;2.45464720525118;-329.929970595533;46.2080548062613;"T38";15.791262453422;1;2;2;"S-3";2;"S-1"
-20.9897127512711;2.69179048640988;-330.297706190148;46.2511827431153;"T38";15.8088323660195;1;2;2;"S-3";2;"S-1"
-20.9998215576528;2.83976369108416;-330.952163575241;46.3351125321424;"T38";15.8400122774765;1;2;2;"S-3";2;"S-1"
-21.0258567760168;2.78188580904228;-331.184133673129;46.3664813825677;"T38";15.8510585664771;1;2;2;"S-3";2;"S-1"
-20.9699777505937;2.49020058428152;-335.199401866275;46.8977328661578;"T38";16.0420266794972;1;2;2;"S-3";2;"S-1"
-21.2215292834783;2.73143771993974;-341.484159864878;47.6440525917352;"T38";16.3417293340899;1;2;2;"S-3";2;"S-1"
-21.1712728481129;2.71489300290419;-341.906381833728;47.6983970735348;"T38";16.3616252597421;1;2;2;"S-3";2;"S-1"
-21.2426757137226;2.81737334138107;-343.361731103853;47.8850234317415;"T38";16.4303669589572;1;2;2;"S-3";2;"S-1"
-21.1738405834403;2.85786644807862;-343.808684113595;47.9443019101907;"T38";16.4514072937891;1;2;2;"S-3";2;"S-1"
-21.1993863407353;2.69736939718667;-344.47413073339;48.0341182833803;"T38";16.4828350651078;1;2;2;"S-3";2;"S-1"
-20.9850996620058;2.43086135879063;-348.222465962258;48.5110492932801;"T38";16.6596484486945;1;2;2;"S-3";2;"S-1"
-21.0763323900227;2.66960723312367;-350.496818821619;48.7745046292625;"T38";16.7680278653279;1;2;2;"S-3";2;"S-1"
-21.3153889766709;2.46153528843662;-351.550889071563;48.9080171167008;"T38";16.8180398992263;1;2;2;"S-3";2;"S-1"
-21.3323964479031;2.96350824013993;-355.511218497916;49.3653623074206;"T38";17.0038366224617;1;2;2;"S-3";2;"S-1"
-21.8687451186456;2.28862207348269;-363.790986084313;50.5155921715925;"T38";17.3919677734375;1;2;2;"S-3";2;"S-1"
-22.0946950320043;2.19318700833973;-364.45968623048;50.5855734122514;"T38";17.4225456663407;1;2;2;"S-3";2;"S-1"
-22.0002809879707;1.98362957800887;-366.610510567076;50.7990708144745;"T38";17.5198914017528;1;2;2;"S-3";2;"S-1"
-22.2352413850437;1.89759645820683;-368.221728396473;50.9443443836964;"T38";17.5931276404299;1;2;2;"S-3";2;"S-1"
-22.0255125275736;1.80990904465269;-369.074105651795;51.0170878287864;"T38";17.6314621581696;1;2;2;"S-3";2;"S-1"
-22.2898046453431;1.52231832643544;-370.219123587848;51.1111777309468;"T38";17.6834481419064;1;2;2;"S-3";2;"S-1"
-21.2605215241811;1.72392862724578;-375.05896777944;51.4417227324478;"T38";17.9005807847716;1;2;2;"S-3";2;"S-1"
-21.0244656202674;1.74813931016805;-377.057979653043;51.6038144192011;"T38";17.9946053773165;1;2;2;"S-3";2;"S-1"
-20.8312265316372;1.83829585586464;-377.528608679251;51.6429462152752;"T38";18.0169902043417;1;2;2;"S-3";2;"S-1"
-20.8830494940095;1.90196856536358;-378.491659135249;51.7279326494423;"T38";18.0632213014178;1;2;2;"S-3";2;"S-1"
-21.296864746378;2.50265488417172;-382.545337150197;52.0971300772772;"T38";18.2573346188292;1;2;2;"S-3";2;"S-1"
-21.4453233171595;2.59391011152886;-387.600292848744;52.6911522358858;"T38";18.4946914203465;1;2;2;"S-3";2;"S-1"
-21.3180477518122;2.5542668538335;-387.785882439407;52.7136001471948;"T38";18.5033455025405;1;2;2;"S-3";2;"S-1"
-21.7737125114706;2.54837577985604;-390.123630407662;52.9937023506164;"T38";18.6130060115829;1;2;2;"S-3";2;"S-1"
-21.6164124254949;2.27395595118174;-391.826362646573;53.192988604393;"T38";18.6912072938867;1;2;2;"S-3";2;"S-1"
-21.522833111621;2.05353477735164;-392.235387540971;53.2360163082733;"T38";18.7101292540319;1;2;2;"S-3";2;"S-1"
-21.3772674495376;2.01164250287336;-394.114634824737;53.4153188950863;"T38";18.7974433763884;1;2;2;"S-3";2;"S-1"
-21.0333393373802;1.87905719627211;-395.72994953796;53.5673231557013;"T38";18.8730056397617;1;2;2;"S-3";2;"S-1"
-21.1422521528623;1.81787538366463;-395.81280218201;53.5747249692951;"T38";18.8769447500817;1;2;2;"S-3";2;"S-1"
-21.0934910142402;1.87102946389527;-395.961464850797;53.5875074393984;"T38";18.8839762937278;1;2;2;"S-3";2;"S-1"
-21.0931161840428;1.88501451448247;-396.601686399489;53.6442962080386;"T38";18.91432791017;1;2;2;"S-3";2;"S-1"
-21.2331431729692;1.75210794853231;-397.174965320527;53.6955280448888;"T38";18.9415063941851;1;2;2;"S-3";2;"S-1"
-21.1290990309692;2.03739880367951;-397.990124747507;53.7627930418653;"T38";18.9798972918652;1;2;2;"S-3";2;"S-1"
-20.8008632135512;1.73497531475623;-401.499444909257;54.1011834620531;"T38";19.1459867288359;1;2;2;"S-3";2;"S-1"
-20.677235871903;1.75535064250465;-401.908459101964;54.1352988504602;"T38";19.1656500566751;1;2;2;"S-3";2;"S-1"
-21.1758960480038;1.81577900345558;-405.09938023672;54.4061854186056;"T38";19.3199705448933;1;2;2;"S-3";2;"S-1"
-21.6245451044054;1.67126346259678;-408.533136598303;54.7006212568914;"T38";19.4821245502681;1;2;2;"S-3";2;"S-1"
-21.6813594492323;1.63321641827424;-409.067631704855;54.741929970587;"T38";19.5068416069262;1;2;2;"S-3";2;"S-1"
-21.3143364040798;1.61494260138104;-409.662973303817;54.786775944207;"T38";19.5343002909794;1;2;2;"S-3";2;"S-1"
-21.1215891388444;1.82076431749104;-410.592012006272;54.8571672597274;"T38";19.5778877940029;1;2;2;"S-3";2;"S-1"
-21.1046110625679;1.89925705520737;-410.666646041736;54.8636010080477;"T38";19.5814213366248;1;2;2;"S-3";2;"S-1"
-21.5423182205465;1.7164227833057;-411.929311859574;54.9772314822501;"T38";19.6412502438761;1;2;2;"S-3";2;"S-1"
-20.8599944421345;2.51065406486205;-414.985336918892;55.220725751737;"T38";19.7831117198803;1;2;2;"S-3";2;"S-1"
-20.9237730705386;2.55800956739844;-415.767344724923;55.3148461544251;"T38";19.8206001194194;1;2;2;"S-3";2;"S-1"
-21.0746428765514;2.72951877183511;-418.774367868931;55.6824659878954;"T38";19.9643133557402;1;2;2;"S-3";2;"S-1"
-21.3505642717634;2.36569099404294;-422.396847121122;56.1516376449126;"T38";20.1362014049664;1;2;2;"S-3";2;"S-1"
-21.8897589698185;2.34015479758343;-426.668234510966;56.6249170651473;"T38";20.3362611006014;1;2;2;"S-3";2;"S-1"
-21.5722349493791;2.40573665503976;-428.827503410958;56.8557566775229;"T38";20.4349039820954;1;2;2;"S-3";2;"S-1"
-21.4386915173248;2.40780144716866;-430.914451213704;57.0884931945321;"T38";20.5316462903284;1;2;2;"S-3";2;"S-1"
-21.0708255743698;2.32244625808057;-432.543415081624;57.2714437983687;"T38";20.6076287198812;1;2;2;"S-3";2;"S-1"
-21.0360897633715;2.50811770894448;-434.66186282557;57.5049411057477;"T38";20.7081681001;1;2;2;"S-3";2;"S-1"
-20.9280902532477;2.41919365578149;-434.93773401952;57.5378330279022;"T38";20.7212822861038;1;2;2;"S-3";2;"S-1"
-21.8209460756415;2.37178261390902;-437.296680556032;57.8105166997711;"T38";20.8339990465902;1;2;2;"S-3";2;"S-1"
-21.9571143244747;2.29460049059346;-437.515284661587;57.8342774210105;"T38";20.8440171321854;1;2;2;"S-3";2;"S-1"
-21.8995735474245;2.10927237635061;-437.833481968017;57.8675302284902;"T38";20.858508895617;1;2;2;"S-3";2;"S-1"
-22.0542452802569;2.19597878821984;-438.977996303808;57.9777649080648;"T38";20.9107708418742;1;2;2;"S-3";2;"S-1"
-21.8143333087015;2.24831935981108;-440.942327431651;58.1733567061502;"T38";20.9998390055262;1;2;2;"S-3";2;"S-1"
-21.8813182451738;2.0214722587772;-442.174144470523;58.3003153464647;"T38";21.0563072469085;1;2;2;"S-3";2;"S-1"
-21.8976609302862;1.94979309296358;-445.220117978596;58.5817129697043;"T38";21.195511543192;1;2;2;"S-3";2;"S-1"
-21.7892606508982;2.0217796285071;-446.501819500511;58.6958371577912;"T38";21.2540429783985;1;2;2;"S-3";2;"S-1"
-21.6436211683323;1.85936625680136;-447.860315417032;58.8218891341954;"T38";21.3163900189102;1;2;2;"S-3";2;"S-1"
-21.2363392990669;1.95370994205555;-451.83642907146;59.1634702173585;"T38";21.5000983560458;1;2;2;"S-3";2;"S-1"
-21.262226359076;1.99347882196413;-451.887079238858;59.1681299533995;"T38";21.5024834265932;1;2;2;"S-3";2;"S-1"
-21.2438911133313;1.9655296439753;-452.23718512989;59.2009547699277;"T38";21.5189495240338;1;2;2;"S-3";2;"S-1"
-21.7614909880434;2.11665799394959;-456.372553946367;59.5835678210959;"T38";21.7136110761203;1;2;2;"S-3";2;"S-1"
-21.9063280929638;2.28825271837637;-458.00666005429;59.7425111470931;"T38";21.7887027189136;1;2;2;"S-3";2;"S-1"
-21.8912796688228;2.17452632566772;-459.036264549452;59.8500597638631;"T38";21.8357030418701;1;2;2;"S-3";2;"S-1"
-21.6661212513764;2.10938322600484;-459.878317632019;59.9337034166487;"T38";21.8741682707332;1;2;2;"S-3";2;"S-1"
-21.4144797563213;2.12787078095092;-461.27928895783;60.0701000231521;"T38";21.9388301135041;1;2;2;"S-3";2;"S-1"
-21.4246739648346;2.443185343123;-463.08312010868;60.249339474371;"T38";22.0230642938986;1;2;2;"S-3";2;"S-1"
-21.4287938737747;2.35456887626756;-464.127992703313;60.3684926252114;"T38";22.0718338852748;1;2;2;"S-3";2;"S-1"
-21.3381867202032;2.38963333604179;-464.357905205803;60.3937551213564;"T38";22.0825630240142;1;2;2;"S-3";2;"S-1"
-21.6066999118689;2.18182763255516;-468.727898267768;60.8831444605759;"T38";22.2873598570004;1;2;2;"S-3";2;"S-1"
-21.5175074479073;2.17293539081014;-468.86651472955;60.8971418423083;"T38";22.2937752958387;1;2;2;"S-3";2;"S-1"
-21.5101930702449;2.11894848113229;-470.471796133177;61.0592504314465;"T38";22.368378797546;1;2;2;"S-3";2;"S-1"
-21.1180792230274;2.17560433180409;-472.757511944636;61.2844141029754;"T38";22.4746407824568;1;2;2;"S-3";2;"S-1"
-20.7799492841207;2.42768790054635;-474.780201731873;61.4927935022822;"T38";22.570420789998;1;2;2;"S-3";2;"S-1"
-20.7015988842279;2.40814147497858;-475.533169532379;61.5807615138397;"T38";22.606656095013;1;2;2;"S-3";2;"S-1"
-20.9460384171731;2.6102844121157;-481.495051762657;62.2742855236498;"T38";22.8946474846452;1;2;2;"S-3";2;"S-1"
-20.8135480018834;2.68684055968975;-481.573331776444;62.2840407382492;"T38";22.8983847075142;1;2;2;"S-3";2;"S-1"
-21.7208798566655;2.3177999084788;-490.351292477285;63.4171959715737;"T38";23.3201273484156;1;2;2;"S-3";2;"S-1"
-22.364162118856;1.93387861898791;-492.349168680098;63.6303861052418;"T38";23.4121068730019;1;2;2;"S-3";2;"S-1"
-22.1142048984057;1.74838803155913;-493.442598903208;63.7249374377974;"T38";23.4609989449382;1;2;2;"S-3";2;"S-1"
-22.3488268719413;1.6914746895819;-494.158022048929;63.7815000531492;"T38";23.4933502390049;1;2;2;"S-3";2;"S-1"
-22.0037692133936;1.42872859223667;-494.809576747493;63.8308130791892;"T38";23.522504104767;1;2;2;"S-3";2;"S-1"
-21.8241833369089;1.42668459310233;-495.496683613734;63.8754276729981;"T38";23.5537308850326;1;2;2;"S-3";2;"S-1"
-21.7890722388494;1.41352240699706;-495.566920417273;63.8800191742667;"T38";23.5569491866045;1;2;2;"S-3";2;"S-1"
-21.3937881029736;1.74026758553072;-496.275457485933;63.925984097039;"T38";23.5894671874121;1;2;2;"S-3";2;"S-1"
-21.4955861594947;1.71916812216789;-497.707708785057;64.042489902285;"T38";23.6564142513089;1;2;2;"S-3";2;"S-1"
-22.1250247458812;1.83942318712063;-498.511803227054;64.1067995480717;"T38";23.6938216723502;1;2;2;"S-3";2;"S-1"
-22.1858458107464;1.75584969585424;-499.019507897975;64.1490089356148;"T38";23.7167687504552;1;2;2;"S-3";2;"S-1"
-21.836236271607;1.34251498773733;-501.779407582692;64.3674350917928;"T38";23.8411678699777;1;2;2;"S-3";2;"S-1"
-21.2846806718828;1.61787103083089;-503.977480199298;64.502574929777;"T38";23.9418295677751;1;2;2;"S-3";2;"S-1"
-21.3696771319077;1.55051038347564;-504.592570278715;64.5493285755648;"T38";23.970727820415;1;2;2;"S-3";2;"S-1"
-20.6287836460654;1.81738570804693;-507.350298107576;64.7494198360483;"T38";24.0997764631175;1;2;2;"S-3";2;"S-1"
-20.7527300308267;1.89187379120078;-509.433939995251;64.932987663038;"T38";24.2007829947397;1;2;2;"S-3";2;"S-1"
-20.8017452887289;2.38663942772798;-511.470632294206;65.1186579230669;"T38";24.2989239282906;1;2;2;"S-3";2;"S-1"
-20.682723567553;2.406913170972;-511.66147002412;65.1405532421466;"T38";24.3080980493687;1;2;2;"S-3";2;"S-1"
-20.6270711716526;2.45682360782775;-512.377263845887;65.2238524058996;"T38";24.3427063454874;1;2;2;"S-3";2;"S-1"
-21.2803838673337;2.4464238519919;-514.132379706585;65.4328985688352;"T38";24.4277943274938;1;2;2;"S-3";2;"S-1"
-21.3588675394931;2.41858682915739;-514.573181565282;65.4835737910419;"T38";24.4485083268955;1;2;2;"S-3";2;"S-1"
-21.3617409824606;2.63281649171054;-519.918489970741;66.0888536582128;"T38";24.6987701160833;1;2;2;"S-3";2;"S-1"
-20.847035535541;2.89226739121685;-522.460426691323;66.4021452070771;"T38";24.8177649453282;1;2;2;"S-3";2;"S-1"
-21.0036337144675;2.93200870666258;-523.259742096633;66.5130402970833;"T38";24.8561068670824;1;2;2;"S-3";2;"S-1"
-21.0031735658976;3.04726453515958;-524.665924563992;66.7093367709936;"T38";24.9230563524179;1;2;2;"S-3";2;"S-1"
-21.1954116351394;2.87086856691114;-526.562382296194;66.984486065534;"T38";25.0133502180688;1;2;2;"S-3";2;"S-1"
-21.6611966789576;2.79353947180022;-528.76463909906;67.2827765606869;"T38";25.117252743803;1;2;2;"S-3";2;"S-1"
-21.9930082317695;2.60782996014856;-529.59784375195;67.3902309234552;"T38";25.1557180541568;1;2;2;"S-3";2;"S-1"
-21.8234751140738;2.44831555011952;-531.145916249864;67.5737942540373;"T38";25.2261073561385;1;2;2;"S-3";2;"S-1"
-21.8352338940293;2.35276744997179;-531.639120380643;67.6291254667088;"T38";25.2487070625648;1;2;2;"S-3";2;"S-1"
-21.8843969505022;2.30980829291314;-532.110154700479;67.6798798676421;"T38";25.2702792757191;1;2;2;"S-3";2;"S-1"
-21.0319208342559;2.2849306095499;-534.75400411519;67.958927324016;"T38";25.3910890663974;1;2;2;"S-3";2;"S-1"
-21.2568934188544;2.30884103555221;-535.143723189217;68.0012668254047;"T38";25.4096189513803;1;2;2;"S-3";2;"S-1"
-21.0955528826517;2.18428135247516;-536.201946418956;68.1162069142245;"T38";25.4594015423208;1;2;2;"S-3";2;"S-1"
-21.1088724185959;2.25396728910271;-537.635276868825;68.2646171972353;"T38";25.5273462156765;1;2;2;"S-3";2;"S-1"
-21.318042059448;1.95336844410858;-538.278515308014;68.3333010365363;"T38";25.5578186362982;1;2;2;"S-3";2;"S-1"
-19.7291563190089;0.740432685353213;-539.30605027765;68.4274538850628;"T38";25.6060188869014;3;2;1;"S-4-NA";3;"S-2"
-14.280801584605;-2.17592954909174;-542.633785981882;68.5523433757126;"T38";25.7746898452751;3;2;1;"S-4-NA";3;"S-2"
-14.0070051099189;-2.36460704138954;-542.814588291619;68.524794985941;"T38";25.7873503607698;3;2;1;"S-4-NA";3;"S-2"
-11.6388178843004;-2.79753806367965;-543.987791686679;68.3267394425061;"T38";25.8711086935364;3;2;1;"S-4-NA";3;"S-2"
-11.5883349139056;-2.9025436757352;-544.09186044757;68.3017251908247;"T38";25.8800502168015;3;2;1;"S-4-NA";3;"S-2"
-10.7861776909043;-3.16243554602057;-544.535676683536;68.1905620238589;"T38";25.9183487505652;3;2;1;"S-4-NA";3;"S-2"
-4.05432938973687;-0.18146661206673;-549.515607206311;66.730479522602;"T38";26.3800443266518;3;2;1;"S-4-NA";3;"S-2"
-3.09690646435189;0.645129276097386;-550.147831637843;66.7021819634678;"T38";26.5359824290499;3;2;1;"S-4-NA";3;"S-2"
-3.1653778847256;0.864475631038744;-550.3225924098;66.7385870960091;"T38";26.5924131846987;3;2;1;"S-4-NA";3;"S-2"
-2.97572480735503;1.35282370356276;-550.639187109473;66.8250502017584;"T38";26.6924311639741;3;2;1;"S-4-NA";3;"S-2"
-3.21318027568659;1.44431643976585;-550.725972272774;66.8645044637052;"T38";26.7215955420397;3;2;1;"S-4-NA";3;"S-2"
-3.42098430832727;1.73460269524256;-551.129936111148;67.0460851914498;"T38";26.8473164178431;3;2;1;"S-4-NA";3;"S-2"
-3.51468198285829;1.50683411247802;-551.468618326932;67.2178132765216;"T38";26.9463178119622;3;2;1;"S-4-NA";3;"S-2"
-3.58465210063839;1.58939991396096;-551.530328920239;67.244270187147;"T38";26.9638757570647;3;2;1;"S-4-NA";3;"S-2"
-3.70894621705079;1.95293386954857;-551.668564548727;67.3055625217603;"T38";27.002438949421;3;2;1;"S-4-NA";3;"S-2"
-3.75123340586888;2.10422674547383;-551.840322233643;67.3960009861104;"T38";27.0487479749136;3;2;1;"S-4-NA";3;"S-2"
-3.83478538234746;2.09723925428127;-552.192270522683;67.5934237862125;"T38";27.1425699931569;3;2;1;"S-4-NA";3;"S-2"
-3.48652222067686;2.34246217360285;-552.509340804834;67.7668291207463;"T38";27.2252526599914;3;2;1;"S-4-NA";3;"S-2"
-3.34525771142236;3.14793870959662;-553.028366962892;68.1155431301255;"T38";27.3741191020235;3;2;1;"S-4-NA";3;"S-2"
-3.63879370598672;2.98984543773635;-553.238810822372;68.3135740229899;"T38";27.4370272178203;3;2;3;"S-5-NA";3;"S-2"
-3.6689774806915;3.08976877300556;-553.362317462123;68.4150542917895;"T38";27.4709688615985;3;2;1;"S-6-NA";3;"S-2"
-3.8697405551268;2.92755169035113;-553.587517085134;68.6047024339582;"T38";27.5323482579552;3;2;3;"S-7-NA";3;"S-2"
-3.75674092600013;2.88810369996251;-553.867289294248;68.8163568309488;"T38";27.6046456652693;3;2;3;"S-7-NA";3;"S-2"
-3.5907740848966;2.88415870235739;-553.972908486116;68.8975546523664;"T38";27.6327602448873;3;2;3;"S-7-NA";3;"S-2"
-3.33959602930022;2.94556551279833;-555.409292470649;70.0512778527042;"T38";28.032780950889;3;2;1;"S-8-NA";3;"S-2"
-3.67494280480804;2.98205299362851;-555.740788039751;70.3436610952953;"T38";28.1320431269705;3;2;3;"S-9-NA";3;"S-2"
-4.30149533140251;2.4615215713593;-556.363483689183;70.8489509798287;"T38";28.3014867571183;3;2;3;"S-9-NA";3;"S-2"
-4.287728751499;2.46624046382015;-556.374513277907;70.8552626385606;"T38";28.3040508860722;3;2;3;"S-9-NA";3;"S-2"
-4.61049733835335;2.48625602753473;-556.861649843863;71.1354566480223;"T38";28.4176626824774;3;2;1;"S-10-NA";3;"S-2"
-4.42431722741846;2.16284623370665;-557.560568669202;71.5123554974804;"T38";28.5692556179129;3;2;3;"S-11-NA";3;"S-2"
-4.04346381592623;2.16677582030621;-558.328737300251;71.8878779894528;"T38";28.7428798386827;3;2;3;"S-11-NA";3;"S-2"
-4.10978355812728;2.37277385231563;-558.456204960796;71.9561842380838;"T38";28.7744042114355;3;2;3;"S-11-NA";3;"S-2"
-3.90618177670377;2.55635866567154;-558.816705527976;72.1643183910021;"T38";28.862121864222;3;2;3;"S-11-NA";3;"S-2"
-3.86413906254825;2.8753573490734;-559.015318148733;72.2942982852333;"T38";28.9129675831646;3;2;3;"S-11-NA";3;"S-2"
-4.39733126425704;2.62927148409666;-559.291857164004;72.5000746501607;"T38";28.9845330757089;3;2;3;"S-11-NA";3;"S-2"
-4.36702742191502;2.68541232714374;-559.321089196475;72.517553194482;"T38";28.9911807514727;3;2;3;"S-11-NA";3;"S-2"
-4.43493027372151;2.68443528266867;-559.419515067408;72.5780781286255;"T38";29.013719165232;3;2;3;"S-11-NA";3;"S-2"
-4.28768598850251;2.71028771452042;-560.016825008295;72.9396260631008;"T38";29.1484022163786;3;2;3;"S-11-NA";3;"S-2"
-4.54385528847392;2.65703344182067;-560.082224397675;72.9809656486136;"T38";29.1636550566182;3;2;1;"S-12-NA";3;"S-2"
-4.32093894154236;2.74822280543897;-560.145214031569;73.0177990319675;"T38";29.1775176534429;3;2;3;"S-13-NA";3;"S-2"
-4.33700421490887;2.90890927765874;-560.278927938877;73.1028443460624;"T38";29.2084632208571;3;2;1;"S-14-NA";3;"S-2"
-4.88339259247148;2.98745018094245;-560.822397480763;73.4673594616074;"T38";29.3337731156498;3;2;1;"S-14-NA";3;"S-2"
-4.78623531590219;3.02932530625474;-561.248033013217;73.7277450284782;"T38";29.4209329178557;3;2;1;"S-14-NA";3;"S-2"
-4.60139285406714;3.12177386778473;-561.469223959921;73.8677421845183;"T38";29.4671468902379;3;2;1;"S-14-NA";3;"S-2"
-4.73501902444976;3.14459871451715;-561.541409596516;73.9167158846781;"T38";29.4828346697614;3;2;1;"S-14-NA";3;"S-2"
-4.95263202634093;2.66971220140975;-562.294729022567;74.4170068627186;"T38";29.6419300022535;3;2;1;"S-14-NA";3;"S-2"
-5.2005136838958;2.58089553110429;-562.38545230358;74.4659111723834;"T38";29.6602481976151;3;2;1;"S-14-NA";3;"S-2"
-4.1691111087696;2.70431824547889;-563.33365265575;74.9364812353145;"T38";29.8425764078274;3;2;3;"S-15-NA";3;"S-2"
-4.59406616281759;2.44727642319752;-563.858744016021;75.2770848098123;"T38";29.9685244448483;3;2;3;"S-15-NA";3;"S-2"
-4.47990527882561;2.57549920580376;-563.920889101421;75.310189731885;"T38";29.982051695697;3;2;3;"S-15-NA";3;"S-2"
-4.45330936629349;2.63728287500014;-563.952077667598;75.3281200501437;"T38";29.9890135764144;3;2;3;"S-15-NA";3;"S-2"
-4.77776344831483;2.69729097901522;-564.390070718426;75.5875027871844;"T38";30.087365838699;3;2;1;"S-16-NA";3;"S-2"
-4.79053991445532;2.53991944013929;-564.663309419669;75.7417599604317;"T38";30.1445555058308;3;2;1;"S-16-NA";3;"S-2"
-4.38141853665032;2.35756764381555;-565.1558177593;76.0028853301389;"T38";30.2473640302196;3;2;3;"S-17-NA";3;"S-2"
-4.45716908633314;2.3671055655915;-565.222049959078;76.0385237631873;"T38";30.2624806412496;3;2;3;"S-17-NA";3;"S-2"
-4.59127780466234;2.38752747419539;-565.522659972143;76.1981712033485;"T38";30.3299247985706;3;2;3;"S-17-NA";3;"S-2"
-4.1265939287391;2.37963462746678;-566.053733859241;76.4743369136844;"T38";30.4455949692056;3;2;3;"S-17-NA";3;"S-2"
-4.09889930564475;2.39492609986728;-566.12056241902;76.5128741571595;"T38";30.4617895744741;3;2;3;"S-17-NA";3;"S-2"
-4.56971694992834;2.32741319119437;-566.689029111161;76.8450208181031;"T38";30.6004772195593;3;2;3;"S-17-NA";3;"S-2"
-4.50658495872407;2.1936437387905;-566.905565441084;76.9553054410145;"T38";30.6478622835129;3;2;3;"S-17-NA";3;"S-2"
-4.5806576123555;2.1572654804919;-567.010043460725;77.0061615894565;"T38";30.6710456963629;3;2;3;"S-17-NA";3;"S-2"
-4.31545510388063;2.45446182703484;-567.350219656541;77.1663679237039;"T38";30.7453093118966;3;2;3;"S-17-NA";3;"S-2"
-3.85991639465468;2.64840266932496;-567.497960060434;77.2503968784579;"T38";30.7795444969088;3;2;3;"S-17-NA";3;"S-2"
-3.82617599291465;2.86459864883931;-567.668115996972;77.3671458933203;"T38";30.8236273005605;3;2;3;"S-17-NA";3;"S-2"
-3.62661330047086;3.04811048252812;-567.721754181378;77.4073039704347;"T38";30.8376460452564;3;2;1;"S-18-NA";3;"S-2"
-3.62807143040794;3.03564067281442;-567.730492781649;77.4146486242156;"T38";30.8400556212291;3;2;1;"S-18-NA";3;"S-2"
-3.73574209091685;2.82378971518889;-567.824609599147;77.4933970294423;"T38";30.8659969014116;3;2;3;"S-19-NA";3;"S-2"
-3.55906694140245;2.94218873931385;-567.968094195957;77.6018548187912;"T38";30.9044054942206;3;2;1;"S-20-NA";3;"S-2"
-3.33726303630163;2.73553441108313;-568.134852584831;77.7397096728889;"T38";30.9512600186281;3;2;1;"S-20-NA";3;"S-2"
-3.11571383736204;2.78226547279456;-568.25440820449;77.8377086942606;"T38";30.9870844706893;3;2;1;"S-20-NA";3;"S-2"
-4.05728720908147;2.72500566033998;-568.942122286737;78.4518225847095;"T38";31.2078088754788;3;2;3;"S-21-NA";3;"S-2"
-4.0635396070394;2.7565457486168;-568.953978440944;78.4597855623492;"T38";31.2107310630381;3;2;3;"S-21-NA";3;"S-2"
-4.32971738353842;2.53858847860285;-569.114736035594;78.5688372037611;"T38";31.2502920394763;3;2;3;"S-21-NA";3;"S-2"
-4.4213763368507;2.51952362505157;-569.154064433277;78.5918961261797;"T38";31.2593754031695;3;2;3;"S-21-NA";3;"S-2"
-4.80576481106244;2.73121212515782;-569.498460566039;78.7881504431075;"T38";31.3372688251548;3;2;1;"S-22-NA";3;"S-2"
-4.62262024200882;2.78762531069663;-569.604662063503;78.8485068752235;"T38";31.3593675964512;3;2;1;"S-22-NA";3;"S-2"
-4.52708892651343;2.89391796254403;-569.879149370188;79.0140337243961;"T38";31.4187467563897;3;2;1;"S-22-NA";3;"S-2"
-4.39926932233576;2.90362155558911;-569.918872427351;79.0394264813126;"T38";31.4275212818757;3;2;1;"S-22-NA";3;"S-2"
-4.47206370122019;2.6859322988479;-570.305532171243;79.2946310357019;"T38";31.5154130919836;3;2;1;"S-22-NA";3;"S-2"
-4.52017588870222;2.55003364272097;-570.375390086597;79.3365878689928;"T38";31.5310340491123;3;2;3;"S-23-NA";3;"S-2"
-4.21904362611105;2.43332865891386;-570.685230138554;79.5113825176537;"T38";31.5995800658129;3;2;3;"S-23-NA";3;"S-2"
-4.66531751861716;2.25443228495479;-571.765150514621;80.1342253780986;"T38";31.8555433768779;3;2;3;"S-23-NA";3;"S-2"
-4.57556184670087;2.10193219114325;-573.44075165293;80.9439300311768;"T38";32.2147045983002;3;2;3;"S-23-NA";3;"S-2"
-4.50212829801238;2.27601730079352;-574.218096951006;81.3010287133501;"T38";32.3845952749252;3;2;3;"S-23-NA";3;"S-2"
-4.61573322779701;2.2276070931023;-574.688078908142;81.5386245779492;"T38";32.4889863375574;3;2;3;"S-23-NA";3;"S-2"
-4.67110733195919;2.3756535376076;-574.822639894169;81.6035652909706;"T38";32.5181390158832;3;2;3;"S-23-NA";3;"S-2"
-4.61776828347932;2.40203102520643;-574.961627820712;81.6742524184354;"T38";32.5478938291781;3;2;3;"S-23-NA";3;"S-2"
-4.80156415956015;2.14454714731599;-575.342377541526;81.8723075364255;"T38";32.6303470181301;3;2;1;"S-24-NA";3;"S-2"
-3.90600635925544;2.6886861291728;-576.765221405723;82.5077995654059;"T38";32.9266762593761;3;2;3;"S-25-NA";3;"S-2"
-3.73176773210187;2.68040114876032;-577.062112116183;82.7121632713692;"T38";33.0026850220747;3;2;3;"S-25-NA";3;"S-2"
-3.71467266889943;2.65138738411954;-577.101232504788;82.7402621087259;"T38";33.0131680937484;3;2;3;"S-25-NA";3;"S-2"
-4.39452147070702;2.54695036399418;-577.516865767399;83.0369247993944;"T38";33.1250577000901;3;2;3;"S-25-NA";3;"S-2"
-4.37447056264178;2.6587866932219;-577.741785279092;83.167282299294;"T38";33.1762394984253;3;2;3;"S-25-NA";3;"S-2"
-4.88361214393557;2.26383629446424;-578.384851709282;83.5581356478217;"T38";33.3232439006679;3;2;1;"S-26-NA";3;"S-2"
-4.79244139691195;2.03353621478383;-578.569631318737;83.6437916692322;"T38";33.3610805682838;3;2;1;"S-26-NA";3;"S-2"
-4.85924044226696;2.13095640250424;-579.035855618705;83.8416206919949;"T38";33.4583638235927;3;2;1;"S-26-NA";3;"S-2"
-4.10689378160553;2.25648428517254;-579.363873703666;83.9854687370933;"T38";33.5258678067476;3;2;3;"S-27-NA";3;"S-2"
-4.1336472132279;2.32219271273708;-579.421130597713;84.0169278613138;"T38";33.5398094612174;3;2;3;"S-27-NA";3;"S-2"
-4.13538908761522;2.14359574091982;-579.515021454797;84.0696736939565;"T38";33.5625232663006;3;2;3;"S-27-NA";3;"S-2"
-3.8545632516051;2.445616646836;-580.436972069981;84.5475705423973;"T38";33.7854649522342;3;2;3;"S-27-NA";3;"S-2"
-4.57338217588993;2.05827469431818;-581.263045054008;85.0716916189929;"T38";33.9997753500938;3;2;3;"S-27-NA";3;"S-2"
-4.52682125832792;2.07017454110557;-581.302813656743;85.08958968775;"T38";34.0084710158408;3;2;3;"S-27-NA";3;"S-2"
-4.88915042065223;1.43294591323566;-582.255482381686;85.525257550018;"T38";34.2189208371565;3;2;1;"S-28-NA";3;"S-2"
-5.18562082527856;1.6061122196254;-582.343685034391;85.5511085915807;"T38";34.2369613237679;3;2;1;"S-28-NA";3;"S-2"
-5.03982844725292;1.3215626070267;-582.704686678562;85.6629195340972;"T38";34.3065772205591;3;2;1;"S-28-NA";3;"S-2"
-4.81220804193141;1.30823728112869;-583.012259248602;85.7435723602333;"T38";34.3676056014374;3;2;1;"S-28-NA";3;"S-2"
-4.60861919871023;1.41170759893723;-583.28667243179;85.8181737809432;"T38";34.4246299820952;3;2;1;"S-28-NA";3;"S-2"
-4.61536336687456;1.37097456815645;-583.296602338117;85.8212154998646;"T38";34.4267846201546;3;2;1;"S-28-NA";3;"S-2"
-4.28231192150435;1.50571456558865;-583.37107144384;85.843336239218;"T38";34.4429196673445;3;2;1;"S-28-NA";3;"S-2"
-4.20074645837342;1.83387881730299;-583.811593683066;85.9982293820406;"T38";34.5457898569293;3;2;3;"S-29-NA";3;"S-2"
-4.21066848034669;1.85733286921908;-583.858084465895;86.0185254086338;"T38";34.556857123971;3;2;3;"S-29-NA";3;"S-2"
-4.55846557366622;1.8778796315633;-584.395077115838;86.2553937595675;"T38";34.6843885723501;3;2;3;"S-29-NA";3;"S-2"
-4.62412219895266;1.97748840328734;-584.531799116361;86.3117169796991;"T38";34.7143815597519;3;2;3;"S-29-NA";3;"S-2"
-4.68401081466098;1.97339824965462;-584.977751511117;86.5024268379395;"T38";34.8108220030554;3;2;3;"S-29-NA";3;"S-2"
-4.81040403919752;1.79263280290303;-585.118930744159;86.561906387069;"T38";34.8409626749344;3;2;1;"S-30-NA";3;"S-2"
-4.37999586584523;2.02982597049569;-585.682506292688;86.7719270021722;"T38";34.9581203074194;3;2;3;"S-31-NA";3;"S-2"
-4.75297843003841;2.05461427375283;-585.984468056422;86.9118654516356;"T38";35.0270614144392;3;2;3;"S-31-NA";3;"S-2"
-4.57028587012257;2.00398850577086;-586.079046130897;86.9527495971585;"T38";35.0469601107761;3;2;3;"S-31-NA";3;"S-2"
-4.22541551018098;2.09365618463596;-586.259714844183;87.0319695923768;"T38";35.0864912732504;3;2;3;"S-31-NA";3;"S-2"
-4.32256625291318;1.97675407378782;-586.356227856952;87.0797909405013;"T38";35.1093323435634;3;2;3;"S-31-NA";3;"S-2"
-4.31538531321787;1.99114398354405;-586.374040135762;87.0879366790836;"T38";35.1134531083517;3;2;3;"S-31-NA";3;"S-2"
-4.39751489989634;1.96869715839156;-586.391041175281;87.0957810579964;"T38";35.1173927425407;3;2;3;"S-31-NA";3;"S-2"
-4.12600434660566;2.06816862131243;-586.45825829107;87.1258730867587;"T38";35.1326779928058;3;2;3;"S-31-NA";3;"S-2"
-4.15283710182633;2.16357741233644;-586.638829995362;87.2163850449004;"T38";35.1764422957785;3;2;3;"S-31-NA";3;"S-2"
-4.22641119862381;2.13119262004784;-586.666939646973;87.2310298300928;"T38";35.1832110784017;3;2;3;"S-31-NA";3;"S-2"
-3.96774629749042;2.13691173578188;-586.999290770191;87.3986198320538;"T38";35.2618478005752;3;2;3;"S-31-NA";3;"S-2"
-4.16219315559939;1.955991228126;-587.104874226931;87.4554839838661;"T38";35.2884582360275;3;2;3;"S-31-NA";3;"S-2"
-3.8823546871232;1.98041489741072;-587.679172148569;87.7253709533219;"T38";35.4264378780499;3;2;1;"S-32-NA";3;"S-2"
-3.60460019681245;2.20712626274459;-588.20424631368;87.9932147704464;"T38";35.5616841930896;3;2;1;"S-32-NA";3;"S-2"
-3.77861186688781;2.40595896582895;-588.874721113095;88.4037519888615;"T38";35.7476895092987;3;2;3;"S-33-NA";3;"S-2"
-3.67571926489812;2.54386692390667;-589.033268519417;88.5047040228857;"T38";35.7896486762911;3;2;3;"S-33-NA";3;"S-2"
-3.95631748102693;2.55011570772005;-589.147778444582;88.5839532772746;"T38";35.8208017423749;3;2;3;"S-33-NA";3;"S-2"
-3.94114727687426;2.59419484837999;-589.276327501471;88.6668118877774;"T38";35.8532938407734;3;2;3;"S-33-NA";3;"S-2"
-3.85399804823252;2.67769766967236;-589.29164913787;88.6768971008948;"T38";35.8571814489551;3;2;3;"S-33-NA";3;"S-2"
-3.80878508164429;2.65036834184885;-589.329875032654;88.703455855752;"T38";35.867099952884;3;2;3;"S-33-NA";3;"S-2"
-4.09574910335934;2.74196125857569;-589.550241265406;88.856799159294;"T38";35.9249573084526;3;2;3;"S-33-NA";3;"S-2"
-4.14632283582871;2.68174782100832;-589.83773185596;89.0492640885683;"T38";35.9951497404836;3;2;3;"S-33-NA";3;"S-2"
-4.21738204215442;2.71529467409528;-590.798198652405;89.6704722868926;"T38";36.2267927732319;3;2;3;"S-33-NA";3;"S-2"
-4.16577024831558;2.68250524149849;-590.806358931473;89.6757261534077;"T38";36.2287276890129;3;2;3;"S-33-NA";3;"S-2"
-4.0895627157934;2.2741470066649;-591.378232951323;90.04397859276;"T38";36.3660069881007;3;2;3;"S-33-NA";3;"S-2"
-4.07203295641378;2.35249438468859;-591.418214944208;90.0662120039482;"T38";36.3757835817523;3;2;3;"S-33-NA";3;"S-2"
-3.84652317171227;2.49519032437566;-591.736267173893;90.2499570994278;"T38";36.4538900787011;3;2;3;"S-33-NA";3;"S-2"
-4.15324792307631;2.60414840929951;-591.887787845849;90.3482466190097;"T38";36.493281670846;3;2;3;"S-33-NA";3;"S-2"
-4.46547177017536;2.77247090798603;-592.261665345504;90.5826733891016;"T38";36.5833021816798;3;2;1;"S-34-NA";3;"S-2"
-4.61957309168602;2.77968933386553;-592.300440543375;90.6067476893285;"T38";36.5919855190441;3;2;1;"S-34-NA";3;"S-2"
-5.10273315416098;2.17776193876999;-592.991441709349;91.0225368829669;"T38";36.7415666929446;3;2;1;"S-34-NA";3;"S-2"
-5.13596272565458;2.03952115480012;-593.12254766422;91.0784907315884;"T38";36.767259973567;3;2;1;"S-34-NA";3;"S-2"
-4.94863792842667;2.0379401543395;-593.787280411499;91.3424600344792;"T38";36.8966870708391;3;2;1;"S-34-NA";3;"S-2"
-4.95504325682452;1.97574037693902;-593.820738873936;91.3562388449496;"T38";36.9034482166171;3;2;1;"S-34-NA";3;"S-2"
-4.0901595708698;2.33348165738353;-594.65062841281;91.687143377033;"T38";37.0709320297465;3;2;3;"S-35-NA";3;"S-2"
-4.1660210854412;2.31663357969191;-594.882763306178;91.8195789229644;"T38";37.1276865131222;3;2;3;"S-35-NA";3;"S-2"
-4.06694657457058;2.28940491530588;-594.910842793095;91.8351933140001;"T38";37.134426634293;3;2;3;"S-35-NA";3;"S-2"
-4.21526779786419;2.31221278803819;-594.964327950907;91.8653016965287;"T38";37.1475778170861;3;2;3;"S-35-NA";3;"S-2"
-4.34446969760724;2.22632948988718;-595.011936499921;91.891416548806;"T38";37.1588721289299;3;2;3;"S-35-NA";3;"S-2"
-4.18287119770652;2.18707067833489;-595.072248819507;91.9223236801807;"T38";37.1727546793409;3;2;3;"S-35-NA";3;"S-2"
-3.85134671476076;2.50641832049048;-595.480537944349;92.1358031613839;"T38";37.2703644563444;3;2;3;"S-35-NA";3;"S-2"
-3.85341247816748;2.49177153214391;-595.512764232491;92.1567757107235;"T38";37.2787319938652;3;2;3;"S-35-NA";3;"S-2"
-3.76828759503339;2.55119454403156;-595.62203999207;92.2274378130591;"T38";37.3070901725441;3;2;3;"S-35-NA";3;"S-2"
-4.7840148730077;1.66954170143245;-596.331489669359;92.7077472640548;"T38";37.4953586258925;3;2;1;"S-36-NA";3;"S-2"
-4.41524464501881;1.76483419514977;-596.830903356461;92.8820343427984;"T38";37.5997507944703;3;2;3;"S-37-NA";3;"S-2"
-4.49877871870495;1.78154014860537;-596.915925476175;92.9160188569715;"T38";37.6190072856843;3;2;3;"S-37-NA";3;"S-2"
-4.46355804987064;1.75461907574562;-596.924733617778;92.9195069275972;"T38";37.6209651818499;3;2;3;"S-37-NA";3;"S-2"
-4.69947057160386;1.72767203943008;-597.133247331962;93.0014734073369;"T38";37.6676798681729;3;2;1;"S-38-NA";3;"S-2"
-4.94193730313852;1.31007854933537;-598.00879649547;93.3233526032785;"T38";37.8539879107848;3;2;1;"S-38-NA";3;"S-2"
-4.88743965218235;1.03433755800705;-598.593280994268;93.4782960105547;"T38";37.9722582292743;3;2;1;"S-38-NA";3;"S-2"
-4.58870000807971;1.19568000554042;-599.153170999138;93.5967865294364;"T38";38.0868151434697;3;2;1;"S-38-NA";3;"S-2"
-4.48910377517472;1.46047378654287;-599.294997044113;93.6337422175273;"T38";38.1177228176966;3;2;1;"S-38-NA";3;"S-2"
-4.52152094518355;1.398527158171;-599.345040428069;93.6500232068111;"T38";38.1288705626503;3;2;1;"S-38-NA";3;"S-2"
-4.36499183616897;1.38929030274177;-599.513785769473;93.7022169145546;"T38";38.1661910447292;3;2;1;"S-38-NA";3;"S-2"
-4.39292152039656;1.43151302692437;-599.621062129806;93.7363608517525;"T38";38.1907675764523;3;2;1;"S-38-NA";3;"S-2"
-4.10626149069174;1.45259226710092;-600.504089087854;94.0241111763831;"T38";38.3917788974941;3;2;1;"S-38-NA";3;"S-2"
-3.8261996129383;2.11365726289605;-601.542460865815;94.3914357655409;"T38";38.6446541175246;3;2;1;"S-38-NA";3;"S-2"
-3.89783899810546;2.26955777966961;-601.913389333418;94.596342913331;"T38";38.7415984761901;3;2;3;"S-39-NA";3;"S-2"
-3.91655048075855;2.16297248390219;-602.574138107899;94.9810708413597;"T38";38.9111151685938;3;2;3;"S-39-NA";3;"S-2"
-3.36741365512733;2.43215049103309;-603.639236482418;95.5692870505093;"T38";39.1830632463098;3;2;1;"S-40-NA";3;"S-2"
-3.68069814218773;2.46565172106656;-603.826987452754;95.7048921948305;"T38";39.2388184904121;3;2;3;"S-41-NA";3;"S-2"
-3.84737297614441;2.39291521139121;-603.895864165973;95.7510318074614;"T38";39.2575314384885;3;2;3;"S-41-NA";3;"S-2"
-3.95392292470587;2.33631478936042;-604.46012521333;96.1019800653475;"T38";39.4041928229854;3;2;3;"S-41-NA";3;"S-2"
-3.99754732097886;2.56232846653054;-604.559899880934;96.1609354461084;"T38";39.429427171126;3;2;3;"S-41-NA";3;"S-2"
-3.69519568801819;2.57951507325644;-604.656643729224;96.2229458481204;"T38";39.453627972398;3;2;3;"S-41-NA";3;"S-2"
-3.83843559103655;2.60289018654774;-604.978295024798;96.4474818227526;"T38";39.5406737807207;3;2;3;"S-41-NA";3;"S-2"
-3.83307290995836;3.11095009533607;-605.400839890155;96.7340146711822;"T38";39.6507563535124;3;2;1;"S-42-NA";3;"S-2"
-4.17853725773184;2.84478638949394;-605.726135140214;96.9980266826823;"T38";39.7356217494234;3;2;3;"S-43-NA";3;"S-2"
-4.35022398711719;2.81238833427848;-605.826466232052;97.0663330078147;"T38";39.7596328053623;3;2;1;"S-44-NA";3;"S-2"
-4.40335208118688;2.52247531423786;-606.291862663143;97.3672084334227;"T38";39.8666149820201;3;2;3;"S-45-NA";3;"S-2"
-4.07275727454033;1.84312295268509;-607.567618975168;98.0980298042176;"T38";40.1563388761133;3;2;1;"S-46-NA";3;"S-2"
-3.82632628105078;1.88289640455992;-607.828491306157;98.2160873629069;"T38";40.2203918783925;3;2;1;"S-46-NA";3;"S-2"
-4.04942668478712;1.91211064210191;-608.12086748888;98.3599627208329;"T38";40.2968036010861;3;2;1;"S-46-NA";3;"S-2"
-4.12011999893239;1.99392090622709;-608.185125638469;98.390304964621;"T38";40.312672057189;3;2;3;"S-47-NA";3;"S-2"
-4.20441203532745;1.95785231730655;-608.262049632008;98.4275321227979;"T38";40.3313423856162;3;2;3;"S-47-NA";3;"S-2"
-4.21135253285477;2.21693048938618;-608.465418933317;98.5222343200354;"T38";40.3797128354199;3;2;3;"S-47-NA";3;"S-2"
-4.51231337796619;2.19472689865699;-608.659039669074;98.624159701282;"T38";40.425688738469;3;2;3;"S-47-NA";3;"S-2"
-4.5767141789897;1.95493574925149;-609.062288802666;98.8202945097986;"T38";40.5150551232509;3;2;3;"S-47-NA";3;"S-2"
-4.61767486801857;1.94855338998341;-609.14421708579;98.8552900378764;"T38";40.5329562374391;3;2;3;"S-47-NA";3;"S-2"
-4.73425930014741;1.92918892197586;-609.390800221026;98.9593424923715;"T38";40.5863560852595;3;2;3;"S-47-NA";3;"S-2"
-4.65737187651258;1.76636962513834;-609.597388776765;99.0435263800444;"T38";40.6299930182286;3;2;3;"S-47-NA";3;"S-2"
-4.44247835169505;1.95071688371262;-609.893221598015;99.1557248738367;"T38";40.6935122795403;3;2;3;"S-47-NA";3;"S-2"
-4.6517609311492;1.84529683693288;-610.094164233173;99.2439598994302;"T38";40.7387443818152;3;2;3;"S-47-NA";3;"S-2"
-4.33950936055098;1.95167196210522;-610.371374525438;99.353925842017;"T38";40.7983369310386;3;2;3;"S-47-NA";3;"S-2"
-4.1183019389707;1.89651342190275;-610.787763571227;99.5411946686223;"T38";40.8942899550311;3;2;3;"S-47-NA";3;"S-2"
-4.1833185215369;1.79072763785205;-610.914933436504;99.5997574840577;"T38";40.9251691540703;3;2;1;"S-48-NA";3;"S-2"
-4.29406330837764;1.76319959236189;-610.930287793389;99.6063301299353;"T38";40.9288395312615;3;2;1;"S-48-NA";3;"S-2"
-4.49259781581021;1.89908612396008;-611.179548069033;99.708679719321;"T38";40.9868871793151;3;2;3;"S-49-NA";3;"S-2"
-4.42732040512846;2.29083875072068;-612.130601396646;100.110703726736;"T38";41.1985805840231;3;2;3;"S-49-NA";3;"S-2"
-4.43632534821641;2.43889304824249;-612.424511892418;100.262782521886;"T38";41.2649662233889;3;2;3;"S-49-NA";3;"S-2"
-4.46518725781986;2.44998958144591;-612.555863086712;100.334993527504;"T38";41.2945743300952;3;2;3;"S-49-NA";3;"S-2"
-4.28197723902424;2.15443388493248;-612.92306505327;100.536472421985;"T38";41.3768109632656;3;2;3;"S-49-NA";3;"S-2"
-4.16970983398568;2.14721441170358;-613.165752970987;100.658578412794;"T38";41.433487564791;3;2;3;"S-49-NA";3;"S-2"
-4.23738769881041;2.07670258684713;-613.453499944777;100.806755258101;"T38";41.5024964371696;3;2;3;"S-49-NA";3;"S-2"
-4.33769685810037;1.96555453408342;-613.876291604827;101.013961347449;"T38";41.6022729245014;3;2;3;"S-49-NA";3;"S-2"
-4.47548393481951;1.97717795282249;-613.887376448841;101.018984258483;"T38";41.6048283921555;3;2;3;"S-49-NA";3;"S-2"
-5.08608275856919;1.71922570902361;-614.175556616766;101.146296406792;"T38";41.6692192316987;3;2;1;"S-50-NA";3;"S-2"
-5.08819304228747;1.82526429682838;-614.43961229454;101.235553961454;"T38";41.7211365303956;3;2;1;"S-50-NA";3;"S-2"
-4.77838202264183;1.61643845340988;-614.67802462316;101.321078529358;"T38";41.7679925216362;3;2;1;"S-50-NA";3;"S-2"
-4.55809902087238;1.60385649141847;-614.761346667032;101.349264839096;"T38";41.7854298138991;3;2;1;"S-50-NA";3;"S-2"
-4.75812805632004;1.66412181384408;-614.849701499387;101.380354218851;"T38";41.8048139545135;3;2;1;"S-50-NA";3;"S-2"
-4.49027282006925;1.77302285010472;-615.538350173518;101.621204247923;"T38";41.9495449634269;3;2;3;"S-51-NA";3;"S-2"
-4.42270208496728;1.84061123376295;-615.62897695786;101.656989013328;"T38";41.9697278761305;3;2;3;"S-51-NA";3;"S-2"
-4.24365880155355;2.0624724877371;-615.759341908471;101.711243446019;"T38";41.9992041890509;3;2;3;"S-51-NA";3;"S-2"
-4.27323283578339;2.26781636273507;-615.911996963189;101.785435756286;"T38";42.0351766981184;3;2;3;"S-51-NA";3;"S-2"
-3.61478047089305;2.18640169304752;-616.168244540159;101.92142704679;"T38";42.0951424399391;3;2;1;"S-52-NA";3;"S-2"
-3.48487997436105;2.10409429949615;-616.271469106694;101.983862475125;"T38";42.1236986876465;3;2;1;"S-52-NA";3;"S-2"
-3.19020067484976;2.23771797614128;-616.450297104537;102.0918349085;"T38";42.175014084205;3;2;1;"S-52-NA";3;"S-2"
-3.55380117348874;2.31075401761514;-617.275375071586;102.670573360015;"T38";42.4336429452524;3;2;1;"S-52-NA";3;"S-2"
-3.43450657921738;2.14301063334692;-617.37831205804;102.737505088437;"T38";42.4626082647592;3;2;1;"S-52-NA";3;"S-2"
-3.45052090298198;2.32186824272377;-617.98861453036;103.118312245906;"T38";42.6403055433184;3;2;1;"S-52-NA";3;"S-2"
-3.52798835036193;2.3172351748816;-618.02081685227;103.139981307096;"T38";42.6496381405741;3;2;1;"S-52-NA";3;"S-2"
-3.45967398028947;2.53995275048237;-618.06014633624;103.165813496609;"T38";42.6607859903015;3;2;1;"S-52-NA";3;"S-2"
-3.30789256688691;2.81730233850153;-618.403229190315;103.417691056117;"T38";42.7599522285163;3;2;1;"S-52-NA";3;"S-2"
-3.32471006489233;2.86689527193525;-618.435679208838;103.445328444944;"T38";42.7697621053085;3;2;1;"S-52-NA";3;"S-2"
-3.80737478793653;2.73101597706487;-618.716052904956;103.687094496145;"T38";42.8540923749097;3;2;3;"S-53-NA";3;"S-2"
-3.92384041771086;2.93030763730753;-619.117155136448;103.974803656302;"T38";42.9594411398284;3;2;3;"S-53-NA";3;"S-2"
-4.33110310886651;2.89526552404356;-619.752067041988;104.448953215857;"T38";43.1212499388494;3;2;1;"S-54-NA";3;"S-2"
-4.07588181100115;3.16634727777657;-620.039924480954;104.641380802531;"T38";43.1877127848566;3;2;1;"S-54-NA";3;"S-2"
-4.31603838691354;3.25840476954197;-620.060574886987;104.657423062822;"T38";43.1927792727947;3;2;1;"S-54-NA";3;"S-2"
-3.9537317208184;3.34476854792049;-620.268340357231;104.814276162471;"T38";43.2409172761254;3;2;1;"S-54-NA";3;"S-2"
-4.04099668146771;3.40419859715358;-620.300127865876;104.841167683353;"T38";43.2489571510814;3;2;1;"S-54-NA";3;"S-2"
-3.94303189269144;3.23792324697447;-620.477479528396;104.990571488489;"T38";43.2928452501073;3;2;1;"S-54-NA";3;"S-2"
-4.14630881443578;2.89911427965803;-620.808469601703;105.262372600437;"T38";43.3767882874236;3;2;3;"S-55-NA";3;"S-2"
-4.13923770591682;2.86897129922242;-620.989644306911;105.389050616592;"T38";43.4204837074503;3;2;3;"S-55-NA";3;"S-2"
-4.59742669249242;2.59202151344771;-622.599418010375;106.504810300285;"T38";43.8093895441853;3;2;1;"S-56-NA";3;"S-2"
-4.48887351759697;2.47242745855148;-622.710738775012;106.567572762012;"T38";43.8336032559164;3;2;3;"S-57-NA";3;"S-2"
-4.76501291488698;2.23654691239123;-622.947693162273;106.698084911929;"T38";43.8863903051242;3;2;1;"S-58-NA";3;"S-2"
-4.64234691607776;2.11278711782258;-623.08186990274;106.761063245874;"T38";43.9145490410738;3;2;3;"S-59-NA";3;"S-2"
-5.13939990319266;1.86163118573558;-623.830289965324;107.101678089085;"T38";44.0757649252191;3;2;1;"S-60-NA";3;"S-2"
-4.91856309346043;1.78468041070513;-624.01487935012;107.168541411995;"T38";44.1116814501584;3;2;1;"S-60-NA";3;"S-2"
-4.82640391870414;1.98261568789924;-624.118594713374;107.20617410544;"T38";44.1327679669484;3;2;1;"S-60-NA";3;"S-2"
-4.63821311616848;1.9867097415399;-624.159114227928;107.222818925595;"T38";44.1411633510143;3;2;3;"S-61-NA";3;"S-2"
-4.56543957133778;1.97679134563838;-624.210650513622;107.2448937286;"T38";44.152274588123;3;2;3;"S-61-NA";3;"S-2"
-4.21550318863335;1.92366244982825;-624.563139253745;107.397517956787;"T38";44.2294826498255;3;2;3;"S-61-NA";3;"S-2"
-4.17943580449157;1.60913870777572;-624.719550286314;107.468893073025;"T38";44.2665864131413;3;2;1;"S-62-NA";3;"S-2"
-4.05366059685037;1.86526338709877;-625.277834960224;107.683840142623;"T38";44.4001653697342;3;2;1;"S-62-NA";3;"S-2"
-3.96432463111881;1.89976985033443;-625.665404342632;107.862177465566;"T38";44.4957750965841;3;2;1;"S-62-NA";3;"S-2"
-3.94541476756827;1.87146210666484;-625.674507959658;107.866540069229;"T38";44.4980714819394;3;2;1;"S-62-NA";3;"S-2"
-4.01422854488565;1.83042883208017;-625.917336721882;107.98172309907;"T38";44.5596185629256;3;2;1;"S-62-NA";3;"S-2"
-3.83403990022083;1.98067147943532;-626.018150937357;108.027692889935;"T38";44.5847327820957;3;2;1;"S-62-NA";3;"S-2"
-3.90682741538379;1.95410737226157;-626.168625696402;108.105428404267;"T38";44.6239798329771;3;2;1;"S-62-NA";3;"S-2"
-4.12374568635237;1.65417637230503;-626.559990951242;108.301180519326;"T38";44.7241545305587;3;2;1;"S-62-NA";3;"S-2"
-4.02064943773639;1.7053488863961;-626.666240523942;108.34380088103;"T38";44.7499198373407;3;2;1;"S-62-NA";3;"S-2"
-3.92572200124822;1.8970647921791;-626.812393882094;108.405791479919;"T38";44.7862705215812;3;2;1;"S-62-NA";3;"S-2"
-3.88972324702728;2.23044257159823;-626.913454343997;108.454627909013;"T38";44.8120136745274;3;2;3;"S-63-NA";3;"S-2"
-4.38259112326414;2.06065431360393;-627.179636653226;108.607261995452;"T38";44.8804458719678;3;2;3;"S-63-NA";3;"S-2"
-4.72623268559494;2.18089488232328;-627.552649936143;108.782649433809;"T38";44.965558371041;3;2;3;"S-63-NA";3;"S-2"
-4.9693852488419;1.89221012416605;-628.51458343777;109.226528521105;"T38";45.1690890826285;3;2;1;"S-64-NA";3;"S-2"
-5.2086009836734;2.05523688883271;-628.639929354176;109.274256922139;"T38";45.194312708918;3;2;1;"S-64-NA";3;"S-2"
-4.97865853723252;1.92326939398279;-628.864290064354;109.362786339041;"T38";45.2373877516948;3;2;1;"S-64-NA";3;"S-2"
-4.80586409707689;1.94276023947957;-628.964950554676;109.401671761444;"T38";45.2576061477885;3;2;1;"S-64-NA";3;"S-2"
-4.82530112880355;1.95645307647624;-628.9871036868;109.410627117526;"T38";45.2622157521546;3;2;1;"S-64-NA";3;"S-2"
-4.99925065051833;2.08734728210717;-629.452183625763;109.599197126548;"T38";45.3585993614979;3;2;1;"S-64-NA";3;"S-2"
-4.77132464410708;2.09334195771708;-629.542648403154;109.636969068867;"T38";45.3766950289719;3;2;3;"S-65-NA";3;"S-2"
-4.38802652667673;1.84454592149999;-630.457181715667;110.038205852698;"T38";45.5683678621426;3;2;3;"S-65-NA";3;"S-2"
-4.20821647717512;1.64712090245008;-631.032503319307;110.280047398344;"T38";45.6994795589708;3;2;1;"S-66-NA";3;"S-2"
-4.08885801123393;1.90048070368034;-631.198470909119;110.345008097916;"T38";45.7389184972271;3;2;1;"S-66-NA";3;"S-2"
-4.17911627418186;1.76898050773496;-631.230491909191;110.359891298209;"T38";45.7467497792095;3;2;1;"S-66-NA";3;"S-2"
-4.3343303665121;1.71616255287292;-631.250360960937;110.368301680438;"T38";45.7515041460283;3;2;1;"S-66-NA";3;"S-2"
-4.19085828426913;1.73110446854284;-631.272929319911;110.377237541177;"T38";45.7567110308446;3;2;1;"S-66-NA";3;"S-2"
-4.00540592403541;1.98665273870459;-631.489485057257;110.466689529094;"T38";45.8083843928762;3;2;3;"S-67-NA";3;"S-2"
-3.86030059615916;2.02421439032324;-631.659710649642;110.551120207463;"T38";45.8508833544329;3;2;1;"S-68-NA";3;"S-2"
-4.15051119216386;2.17615087978277;-632.094520872992;110.779120356477;"T38";45.963519718498;3;2;3;"S-69-NA";3;"S-2"
-4.06397394777207;2.28754888231116;-632.132084831483;110.79881548258;"T38";45.9725701599382;3;2;3;"S-69-NA";3;"S-2"
-4.55944535811651;2.01766453271755;-632.67967159478;111.107043710528;"T38";46.1073118611239;3;2;3;"S-69-NA";3;"S-2"
-4.51369626506303;2.06085209227326;-633.076930441935;111.282840331225;"T38";46.194440627005;3;2;3;"S-69-NA";3;"S-2"
-4.60777772550398;2.10827409280435;-633.167854212115;111.324354077612;"T38";46.2145845987834;3;2;3;"S-69-NA";3;"S-2"
-4.23460973722265;2.16545681501255;-633.327885482152;111.397575877958;"T38";46.2493152823299;3;2;3;"S-69-NA";3;"S-2"
-4.20161707785024;2.49630106401915;-634.192257744197;111.839590826608;"T38";46.4534361613914;3;2;3;"S-69-NA";3;"S-2"
-4.27744315828638;2.80147991315148;-634.624128230394;112.09617745367;"T38";46.556222892832;3;2;3;"S-69-NA";3;"S-2"
-4.70034133682027;2.75138762320842;-634.898594078905;112.275936840995;"T38";46.6203887597658;3;2;1;"S-70-NA";3;"S-2"
-4.8740985568529;2.81523133767799;-634.930367369746;112.294535626255;"T38";46.6271485434845;3;2;1;"S-70-NA";3;"S-2"
-4.72148334958408;2.79862705652979;-635.162413790856;112.428563354436;"T38";46.6747566126287;3;2;1;"S-70-NA";3;"S-2"
-4.84300529745069;2.72496903236877;-635.854983281213;112.839079196752;"T38";46.8214413383976;3;2;1;"S-70-NA";3;"S-2"
-4.52679278307422;2.34108584084557;-637.189348353146;113.58987405977;"T38";47.096965520177;3;2;3;"S-71-NA";3;"S-2"
-4.51482768180401;2.42474825663581;-637.209326469693;113.600205985267;"T38";47.1013788250275;3;2;3;"S-71-NA";3;"S-2"
-4.84849343573097;2.24326014472149;-637.384883122888;113.694491020882;"T38";47.1402632887475;3;2;1;"S-72-NA";3;"S-2"
-4.51511662749028;1.55191777779194;-639.425093219254;114.638438260721;"T38";47.561055875849;3;2;1;"S-72-NA";3;"S-2"
-4.12549689050648;1.68604362367774;-640.556561257357;115.027341916641;"T38";47.8116514044814;3;2;1;"S-72-NA";3;"S-2"
-3.81333383173653;1.58547647296729;-641.139779365286;115.265696519295;"T38";47.9530205833726;3;2;1;"S-72-NA";3;"S-2"
-3.78266404576937;1.60780117903792;-641.149873634232;115.269893431139;"T38";47.9556676815264;3;2;1;"S-72-NA";3;"S-2"
-3.80270213207824;2.32395451004722;-642.757131062539;115.953049629253;"T38";48.3805686002597;3;2;3;"S-73-NA";3;"S-2"
-4.02230925132129;2.55777646995956;-642.992694316483;116.09700996782;"T38";48.442514881026;3;2;3;"S-73-NA";3;"S-2"
-4.06593104286372;2.65562984167355;-643.496772077107;116.417551764732;"T38";48.567835369613;3;2;3;"S-73-NA";3;"S-2"
-4.0900755888331;2.66699003250841;-643.511978632996;116.427483803221;"T38";48.5715753631666;3;2;3;"S-73-NA";3;"S-2"
-4.26506864549849;2.633175539105;-643.557607130439;116.45723649244;"T38";48.5827312688343;3;2;3;"S-73-NA";3;"S-2"
-4.31320881501014;2.77860126222547;-643.835278520189;116.628665740635;"T38";48.6478348844685;3;2;3;"S-73-NA";3;"S-2"
-4.47958208016801;2.49408876268755;-643.987214189915;116.726543831353;"T38";48.6830605543219;3;2;3;"S-73-NA";3;"S-2"
-4.86413272398692;2.30741391643705;-644.460078928777;116.989819871474;"T38";48.7886205664836;3;2;1;"S-74-NA";3;"S-2"
-4.636777981291;2.44345034926871;-644.819347186902;117.160247083389;"T38";48.8624812685885;3;2;1;"S-74-NA";3;"S-2"
-4.45174353153101;2.66649300805264;-645.226938674907;117.375036225276;"T38";48.9503853023052;3;2;3;"S-75-NA";3;"S-2"
-4.41681195062735;2.66720041067686;-645.238491374199;117.381956029095;"T38";48.9529803977348;3;2;3;"S-75-NA";3;"S-2"
-3.95336243708403;3.11954898040391;-645.717901758255;117.671459767884;"T38";49.0615225746296;3;2;1;"S-76-NA";3;"S-2"
-4.27167792863832;2.74807932224443;-646.1179148519;117.987105109865;"T38";49.1627055802383;3;2;3;"S-77-NA";3;"S-2"
-4.2418947741148;2.74385081268091;-646.198677182284;118.039061576119;"T38";49.1816120455042;3;2;3;"S-77-NA";3;"S-2"
-4.15211571587296;2.89081840524623;-646.355415103733;118.140446805137;"T38";49.2185620241798;3;2;3;"S-77-NA";3;"S-2"
-4.0541331723302;2.74074731917974;-647.203637802407;118.731003031617;"T38";49.4228488882072;3;2;3;"S-77-NA";3;"S-2"
-3.35894809784782;3.12833615321716;-647.797678460002;119.132596977987;"T38";49.5693760574795;3;2;1;"S-78-NA";3;"S-2"
-3.43406888046734;3.10798072229812;-647.834090438493;119.16650905564;"T38";49.5802163495682;3;2;1;"S-78-NA";3;"S-2"
-3.35693492799568;3.17930859633136;-647.854697207448;119.185159071959;"T38";49.5862170355394;3;2;1;"S-78-NA";3;"S-2"
-3.78807191476838;2.95634056672694;-648.497297565763;119.7937573579;"T38";49.7776417643763;3;2;3;"S-79-NA";3;"S-2"
-4.04299365179396;2.90490777796072;-648.776400728484;120.011578988751;"T38";49.8513212427497;3;2;3;"S-79-NA";3;"S-2"
-4.57011754401137;2.56517536801113;-649.377508000203;120.443477067105;"T38";50;3;2;1;"S-80-NA";3;"S-2"
