"Vx";"Vy";"X";"Y";"Traj";"Time";"TrueMovMode";"TrueTrajClust";"firstEstMovMode";"firstSegment";"finalEstMovMode";"finalSegment"
0;0;0;0;"T39";0;1;2;1;"S-1-NA";2;"S-1"
-2.52982121135157;2.83641653344959;0;0;"T39";0.0664796330966055;1;2;1;"S-1-NA";2;"S-1"
-3.54881063333142;3.67053391161668;-0.0603063607957033;0.0676150385907004;"T39";0.0903178239241242;1;2;1;"S-1-NA";2;"S-1"
-7.10191504120256;6.29689099539086;-0.392232327882475;0.410925979697312;"T39";0.183849432505667;1;2;1;"S-1-NA";2;"S-1"
-7.36464235676811;6.4017257556468;-0.429911209096736;0.444333843133863;"T39";0.189154886174947;1;2;1;"S-1-NA";2;"S-1"
-8.8852557119893;6.74529846452347;-0.686256813867334;0.667162621628267;"T39";0.223962496966124;1;2;1;"S-1-NA";2;"S-1"
-11.6090067902435;7.95743561863554;-1.41302651175447;1.21889446662237;"T39";0.305757520254701;1;2;1;"S-1-NA";2;"S-1"
-12.0451647382106;8.0236723785309;-1.58369859094377;1.3358822595134;"T39";0.320459215436131;1;2;1;"S-1-NA";2;"S-1"
-17.848859666575;7.52606143644262;-4.24323694968196;3.10748646189985;"T39";0.541256391443312;1;2;4;"S-2-NA";2;"S-1"
-18.0456081611869;7.4966704570169;-4.52341610330867;3.22562541098655;"T39";0.556953705381602;1;2;4;"S-2-NA";2;"S-1"
-20.0721981135094;6.64728946822579;-7.5237860031587;4.47206632821242;"T39";0.723219639621675;1;2;4;"S-2-NA";2;"S-1"
-20.5323741069342;6.25620377085934;-8.2804089494208;4.72263638106183;"T39";0.760914711281657;1;2;4;"S-2-NA";2;"S-1"
-21.7937842699253;4.60125276208658;-13.328011023749;6.26063812244567;"T39";1.0067509720102;1;2;4;"S-2-NA";2;"S-1"
-21.8779908134315;3.52300994355714;-16.9893522903877;7.03364552709871;"T39";1.17475030710921;1;2;2;"S-3";2;"S-1"
-21.7966427458394;3.38139651609233;-17.5953163787508;7.13122384345083;"T39";1.20244773570448;1;2;2;"S-3";2;"S-1"
-21.7527261168892;3.5307608747769;-18.9565212469141;7.34239275843311;"T39";1.26489794347435;1;2;2;"S-3";2;"S-1"
-21.7097155503439;3.05119866331084;-21.7024115640354;7.78808779665607;"T39";1.39112995238975;1;2;2;"S-3";2;"S-1"
-21.8153761891751;3.09645055408721;-22.0834920023983;7.84164686432097;"T39";1.40868340386078;1;2;2;"S-3";2;"S-1"
-22.0847059944221;2.98253901120275;-22.7980226307576;7.94306655751854;"T39";1.44143693614751;1;2;2;"S-3";2;"S-1"
-22.177170912997;3.01998314212673;-22.9869760834192;7.96858471673727;"T39";1.44999278709292;1;2;2;"S-3";2;"S-1"
-22.1522149844682;2.9483713438267;-23.2584711286524;8.00555563890728;"T39";1.46223488263786;1;2;2;"S-3";2;"S-1"
-22.3984851877047;2.36736394167273;-27.867745706824;8.6190316769305;"T39";1.6703077359125;1;2;2;"S-3";2;"S-1"
-21.7934114528155;2.4958826117081;-34.4392262984951;9.3135914235273;"T39";1.96369724581018;1;2;2;"S-3";2;"S-1"
-22.2326150199599;2.22475684750348;-36.5791594822122;9.55866650206744;"T39";2.06188899464905;1;2;2;"S-3";2;"S-1"
-22.0015818035026;1.93342888381156;-38.6778310512222;9.76867481371338;"T39";2.15628506848589;1;2;2;"S-3";2;"S-1"
-22.1931319733672;1.78098035824577;-39.7118925232371;9.85954484003631;"T39";2.20328448340297;1;2;2;"S-3";2;"S-1"
-21.4224849428234;2.4313660076668;-43.5216304788418;10.1652731381935;"T39";2.37494740867987;1;2;2;"S-3";2;"S-1"
-21.7158900181469;2.21466094534838;-45.0102543805836;10.3342259726828;"T39";2.44443626143038;1;2;2;"S-3";2;"S-1"
-21.5959464230052;2.23908024748733;-45.6646155047815;10.4009599644605;"T39";2.47456908691674;1;2;2;"S-3";2;"S-1"
-21.4773672812131;2.18927475764548;-47.0740619221625;10.5470921862782;"T39";2.53983348375186;1;2;2;"S-3";2;"S-1"
-21.1714273436726;2.97861856650861;-51.2788834003632;10.9757066156958;"T39";2.735612669494;1;2;2;"S-3";2;"S-1"
-21.1191533656068;3.01385517212412;-54.951067830545;11.4923480563426;"T39";2.90906268637627;1;2;2;"S-3";2;"S-1"
-21.2349820922768;3.01151255561523;-56.53496328823;11.7183813368728;"T39";2.98406074289232;1;2;2;"S-3";2;"S-1"
-21.054022012821;2.82945456123849;-60.9319672878631;12.3419576928331;"T39";3.191124915611;1;2;2;"S-3";2;"S-1"
-20.7399156036059;3.02442618297585;-62.2626271506822;12.5207853589208;"T39";3.25432708486915;1;2;2;"S-3";2;"S-1"
-21.1688537947785;3.09812507520492;-65.5787635431129;13.0043654237231;"T39";3.4142185933888;1;2;2;"S-3";2;"S-1"
-21.2568105236529;3.12299874917728;-67.5356179236749;13.2907569158519;"T39";3.50665885489434;1;2;2;"S-3";2;"S-1"
-21.4641348282094;2.93691844380906;-68.4317851534839;13.4224196191833;"T39";3.5488179186359;1;2;2;"S-3";2;"S-1"
-21.9525453025974;2.54572980840349;-70.7296109966827;13.7368290819249;"T39";3.65587212145329;1;2;2;"S-3";2;"S-1"
-21.7713959938554;2.06549427612826;-74.0811011961771;14.1254850844895;"T39";3.80854189861566;1;2;2;"S-3";2;"S-1"
-21.2157556214887;1.7216685659589;-79.4022977331597;14.630317250162;"T39";4.05295417876914;1;2;2;"S-3";2;"S-1"
-20.9337236176992;2.08046314022591;-81.3910755857003;14.7917075100463;"T39";4.14669478777796;1;2;2;"S-3";2;"S-1"
-20.1892911161039;2.30439030194929;-85.1878427383376;15.1690428688835;"T39";4.32806563330814;1;2;2;"S-3";2;"S-1"
-20.0711429292551;2.44662947992433;-86.5865242310525;15.3286873085417;"T39";4.39734401879832;1;2;2;"S-3";2;"S-1"
-20.1330213018261;2.41770076897887;-87.2000950970837;15.4034802874043;"T39";4.42791382083669;1;2;2;"S-3";2;"S-1"
-20.0933223958808;2.49576280677533;-87.3075132009236;15.4163797339584;"T39";4.43324923980981;1;2;2;"S-3";2;"S-1"
-19.899187802155;2.90796746823242;-88.2029512127905;15.5276008073956;"T39";4.47781319962814;1;2;2;"S-3";2;"S-1"
-20.5861694880127;3.11128564219836;-91.9898300031199;16.0809962744822;"T39";4.66811638325453;1;2;2;"S-3";2;"S-1"
-20.6073515921018;3.10711216949303;-92.518060994852;16.1608303349808;"T39";4.69377589179203;1;2;2;"S-3";2;"S-1"
-20.5613665418688;3.19629592381541;-92.5619665032262;16.1674502705299;"T39";4.69590646680444;1;2;2;"S-3";2;"S-1"
-20.7708392605414;3.20996389720249;-92.847243154694;16.2117969629732;"T39";4.70978086814284;1;2;2;"S-3";2;"S-1"
-21.7188280920108;2.72765189794616;-94.7079586734746;16.4993553790453;"T39";4.79936393676326;1;2;2;"S-3";2;"S-1"
-21.6542841178958;2.65511312022335;-94.9466542043152;16.5293329779734;"T39";4.81035419506952;1;2;2;"S-3";2;"S-1"
-21.4972452385941;2.99983779294295;-98.0813242602934;16.9136866489553;"T39";4.95511400513351;1;2;2;"S-3";2;"S-1"
-20.5665602528201;2.97549871876207;-100.854538312512;17.3006754109772;"T39";5.08411723421887;1;2;2;"S-3";2;"S-1"
-20.9873622307047;3.23111711660501;-102.449968930415;17.5314967880615;"T39";5.16169124748558;1;2;2;"S-3";2;"S-1"
-21.4244050000611;3.30180718963649;-104.261757206213;17.810431322342;"T39";5.24801883148029;1;2;2;"S-3";2;"S-1"
-21.7252473118855;2.908135908614;-106.345734177084;18.1316019754098;"T39";5.34529000287876;1;2;2;"S-3";2;"S-1"
-21.8432427627003;2.6978638419948;-108.218484482538;18.3822878402459;"T39";5.43149156728759;1;2;2;"S-3";2;"S-1"
-22.0377949753937;2.58343629424459;-108.637034206743;18.4339830111175;"T39";5.45065308688208;1;2;2;"S-3";2;"S-1"
-22.2655907344648;2.46180659343295;-111.084273007578;18.7208667735729;"T39";5.56170044001192;1;2;2;"S-3";2;"S-1"
-22.2645853674313;1.84756488000296;-120.945567499521;19.8111859162163;"T39";6.00459434790537;1;2;2;"S-3";2;"S-1"
-21.9793249219496;1.71656091170528;-122.019578064116;19.9003097048318;"T39";6.05283286422491;1;2;2;"S-3";2;"S-1"
-21.6192398616762;1.73993293223664;-122.842103631075;19.9645480398185;"T39";6.09025555895641;1;2;2;"S-3";2;"S-1"
-21.4628917381265;1.87504684819217;-123.367305661409;20.0068167002573;"T39";6.11454882891849;1;2;2;"S-3";2;"S-1"
-21.7130205359535;1.75345628610748;-123.536410299615;20.0215900645714;"T39";6.12242775969207;1;2;2;"S-3";2;"S-1"
-21.8514348151893;1.9856776168018;-124.465632029066;20.0966302774241;"T39";6.16522335913032;1;2;2;"S-3";2;"S-1"
-21.3908931025331;2.50500690379882;-126.051062107934;20.240701046563;"T39";6.23777832370251;1;2;2;"S-3";2;"S-1"
-21.5540095936813;2.39644525107458;-127.203813414715;20.3756954092578;"T39";6.29166814032942;1;2;2;"S-3";2;"S-1"
-21.3403905616435;1.90554734406744;-134.703803952045;21.2095688761955;"T39";6.63963080151007;1;2;2;"S-3";2;"S-1"
-21.2088506711028;2.36534240405039;-139.594813756162;21.6463017801749;"T39";6.86882106820121;1;2;2;"S-3";2;"S-1"
-21.3890997398649;2.3365143957067;-139.764150805414;21.6651872968578;"T39";6.87680533155799;1;2;2;"S-3";2;"S-1"
-21.3442251320554;2.17640507052226;-140.396965959248;21.7343151112463;"T39";6.90639120293781;1;2;2;"S-3";2;"S-1"
-21.7786972117766;2.63688719305199;-143.332402940464;22.0336326030076;"T39";7.04391959588975;1;2;2;"S-3";2;"S-1"
-21.6989924522594;2.69394075936949;-144.236973185122;22.1431547507357;"T39";7.0854542311281;1;2;2;"S-3";2;"S-1"
-21.4219172749984;2.82620647209868;-146.64553825954;22.442179308666;"T39";7.19645316712558;1;2;2;"S-3";2;"S-1"
-21.4819333623063;2.80852377909887;-146.697832325939;22.4490784964003;"T39";7.19889431493357;1;2;2;"S-3";2;"S-1"
-21.8259943508216;2.67229698887328;-147.599507708069;22.5669625205721;"T39";7.24086797563359;1;2;2;"S-3";2;"S-1"
-21.6840703011702;2.46708691713264;-148.416388482173;22.6669784922534;"T39";7.27829494280741;1;2;2;"S-3";2;"S-1"
-21.3927520929185;2.2334999951262;-151.400341223833;23.0064752134891;"T39";7.41590530378744;1;2;2;"S-3";2;"S-1"
-21.6024939021682;2.22886496182912;-154.035144434979;23.2815605757507;"T39";7.53906866302714;1;2;2;"S-3";2;"S-1"
-21.3308325573014;2.3350584337586;-155.731157074175;23.456548850875;"T39";7.61757870204747;1;2;2;"S-3";2;"S-1"
-21.1069276065463;2.32497979530436;-156.921846509266;23.5868920711842;"T39";7.67339881276712;1;2;2;"S-3";2;"S-1"
-20.9190532305381;2.41390712243748;-164.416646032781;24.412462603611;"T39";8.02848599851131;1;2;2;"S-3";2;"S-1"
-20.8986769601544;2.44507727084435;-164.826144123133;24.4597157152137;"T39";8.04806136293337;1;2;2;"S-3";2;"S-1"
-21.7032291366091;2.72603152624392;-170.268092046654;25.0964059326035;"T39";8.30845813034102;1;2;2;"S-3";2;"S-1"
-21.1789949348296;2.04393815569431;-178.666322329584;26.1512646530188;"T39";8.6954157683067;1;2;2;"S-3";2;"S-1"
-21.5859876889326;2.31500242065464;-180.883909425823;26.3652790995742;"T39";8.80012267734855;1;2;2;"S-3";2;"S-1"
-21.4872712715634;2.33516496895954;-181.232737371039;26.4026893654006;"T39";8.81628260249272;1;2;2;"S-3";2;"S-1"
-21.426559712597;2.29437723304009;-182.294192890667;26.5180448106881;"T39";8.86568187270314;1;2;2;"S-3";2;"S-1"
-21.5434225818804;2.14186037138601;-183.013306386393;26.5950481959583;"T39";8.89924365328625;1;2;2;"S-3";2;"S-1"
-21.628228181572;2.2331514476535;-186.034447054577;26.8954118660749;"T39";9.03947859769687;1;2;2;"S-3";2;"S-1"
-21.6002022737139;2.30063022221377;-186.075949649244;26.8996970797588;"T39";9.04139750637114;1;2;2;"S-3";2;"S-1"
-21.8340733386489;2.58741590709449;-190.867119705363;27.4100029783423;"T39";9.26320885773748;1;2;2;"S-3";2;"S-1"
-21.783926750318;2.46155430915313;-192.204639470122;27.5685038618795;"T39";9.32446722872555;1;2;2;"S-3";2;"S-1"
-22.2095264768741;2.34571100533233;-194.537572253511;27.8321221163722;"T39";9.43156145513058;1;2;2;"S-3";2;"S-1"
-22.2970533697491;1.96258961310374;-198.066484747849;28.2048364506216;"T39";9.59045329364017;1;2;2;"S-3";2;"S-1"
-22.0755880396678;1.97820607735055;-198.489585069791;28.2420777974208;"T39";9.60942890960723;1;2;2;"S-3";2;"S-1"
-22.208450310232;1.93962910276282;-199.562254541137;28.3382003226008;"T39";9.65801966376603;1;2;2;"S-3";2;"S-1"
-21.8852611423549;1.90097780281324;-200.344145312614;28.4064886576423;"T39";9.69322656746954;1;2;2;"S-3";2;"S-1"
-20.7490718333838;2.63518761606535;-212.502998288284;29.4626199719581;"T39";10.2487992378883;1;2;2;"S-3";2;"S-1"
-20.9061644599896;2.69978117723808;-212.965510457127;29.5213602543862;"T39";10.2710899780504;1;2;2;"S-3";2;"S-1"
-21.1935489919891;2.82335735538919;-213.422576965805;29.5803849291053;"T39";10.2929527405649;1;2;2;"S-3";2;"S-1"
-21.8295799982665;2.37996610576714;-218.271774630084;30.2263842328724;"T39";10.5217581032775;1;2;2;"S-3";2;"S-1"
-21.546504629488;2.68037726959242;-219.663330735511;30.3780983916172;"T39";10.5855044559576;1;2;2;"S-3";2;"S-1"
-21.0286165798039;2.62302878974566;-222.706108897646;30.7566188784639;"T39";10.7267235638574;1;2;2;"S-3";2;"S-1"
-21.3437017996289;2.24029978407493;-223.538568887376;30.8604567372735;"T39";10.7663105707616;1;2;2;"S-3";2;"S-1"
-20.9239196493916;2.42224724009158;-224.822850572289;30.995258844631;"T39";10.8264820300974;1;2;2;"S-3";2;"S-1"
-20.863732765975;2.73207084506356;-226.273029794619;31.1631381271836;"T39";10.8957892749459;1;2;2;"S-3";2;"S-1"
-21.2780615865147;2.47438702781288;-228.605147995705;31.4685250977654;"T39";11.0075678443536;1;2;2;"S-3";2;"S-1"
-21.62983652832;2.51099719848081;-229.674512247296;31.5928795189322;"T39";11.0578245017678;1;2;2;"S-3";2;"S-1"
-21.3269897367564;2.48738796128448;-231.63362732388;31.8203122349569;"T39";11.1483991611749;1;2;2;"S-3";2;"S-1"
-21.4121920957716;2.37754742055423;-232.233359255745;31.8902595648769;"T39";11.1765199573711;1;2;2;"S-3";2;"S-1"
-21.5180229266462;2.21141219359872;-233.5912460666;32.0410353598125;"T39";11.2399364821613;1;2;2;"S-3";2;"S-1"
-21.3008472494598;2.17540204219923;-236.639894171417;32.3543456307405;"T39";11.3816153025255;1;2;2;"S-3";2;"S-1"
-21.1643990997876;2.03656568458516;-237.895483784964;32.4825758451299;"T39";11.4405608270317;1;2;2;"S-3";2;"S-1"
-21.027403573866;2.15364523092119;-238.684818153991;32.5585303422099;"T39";11.4778562099673;1;2;2;"S-3";2;"S-1"
-20.9643179790896;2.19692615068669;-238.985027872938;32.5892780865624;"T39";11.4921332802624;1;2;2;"S-3";2;"S-1"
-20.7825845951221;2.04132663446923;-241.653062475955;32.8688710118439;"T39";11.6193987894803;1;2;2;"S-3";2;"S-1"
-20.5870433414477;2.10369745741792;-241.873032687638;32.8904771335388;"T39";11.629983142484;1;2;2;"S-3";2;"S-1"
-20.5966867874917;2.10012556018918;-241.922815844856;32.8955642506894;"T39";11.632401321549;1;2;2;"S-3";2;"S-1"
-20.6370270836923;2.13678050244497;-242.697790668806;32.9745839713403;"T39";11.670027510263;1;2;2;"S-3";2;"S-1"
-20.6287919952402;2.24482104587258;-243.514231791735;33.0591191839847;"T39";11.70958946459;1;2;2;"S-3";2;"S-1"
-20.9683620218038;2.32033802637814;-246.457923987525;33.3794511838035;"T39";11.8522876990028;1;2;2;"S-3";2;"S-1"
-21.3283661359641;2.21363853168998;-248.491439015368;33.604477928449;"T39";11.9492678553797;1;2;2;"S-3";2;"S-1"
-21.138294073206;2.14501376952319;-249.795966557669;33.7398728487574;"T39";12.0104318251833;1;2;2;"S-3";2;"S-1"
-21.3899203153506;2.09372455365899;-250.445809420914;33.8058158186518;"T39";12.041174271144;1;2;2;"S-3";2;"S-1"
-21.2970116576895;2.16644293470026;-250.993458799454;33.8594217663945;"T39";12.0667774230242;1;2;2;"S-3";2;"S-1"
-21.4275423715986;2.28972209477091;-253.409669532627;34.1052113051226;"T39";12.180230463855;1;2;2;"S-3";2;"S-1"
-21.6636593074786;2.10708065426365;-254.802510304081;34.2540486395022;"T39";12.2452328214422;1;2;2;"S-3";2;"S-1"
-21.4136767692616;2.22096247894505;-255.791745082769;34.3502649543507;"T39";12.2908961493522;1;2;2;"S-3";2;"S-1"
-21.2957723097661;2.16381358180549;-256.285165073434;34.4014409993352;"T39";12.3139384319074;1;2;2;"S-3";2;"S-1"
-21.2655727897435;2.14953710827197;-256.334317776007;34.4064352904021;"T39";12.3162465286441;1;2;2;"S-3";2;"S-1"
-21.490380240179;2.26640269239768;-259.319602605737;34.7081897074457;"T39";12.4566276441328;1;2;2;"S-3";2;"S-1"
-21.165197993638;1.90171981155597;-261.419445899738;34.9296418382106;"T39";12.5543384929188;1;2;2;"S-3";2;"S-1"
-21.2309540609708;1.88273452815216;-261.725858208691;34.9571733717505;"T39";12.5688156695105;1;2;2;"S-3";2;"S-1"
-20.8583651307391;2.31103467085301;-264.68690952061;35.2197557092456;"T39";12.7082842634991;1;2;2;"S-3";2;"S-1"
-20.5181773092611;2.88302609179016;-269.153412517504;35.7146287838414;"T39";12.922419118695;1;2;2;"S-3";2;"S-1"
-20.5819444371663;2.84978416310584;-269.644662507006;35.7836547268371;"T39";12.9463613033295;1;2;2;"S-3";2;"S-1"
-20.6080790581938;3.1404506381264;-271.764481392824;36.0771656877621;"T39";13.0493554053828;1;2;2;"S-3";2;"S-1"
-20.7964972011123;2.91008095657809;-273.422059870683;36.3297629033414;"T39";13.1297888350673;1;2;2;"S-3";2;"S-1"
-20.6844913446721;2.97561234403195;-273.783876404078;36.3803923624001;"T39";13.147186790593;1;2;2;"S-3";2;"S-1"
-21.0980665746513;2.95617151891917;-276.302982972169;36.7427838988917;"T39";13.2689740043133;1;2;2;"S-3";2;"S-1"
-21.2088391993077;2.91090662313346;-276.633311456199;36.7890681237007;"T39";13.2846308173612;1;2;2;"S-3";2;"S-1"
-21.1565804390153;2.84019576500186;-276.782277650153;36.8095136877662;"T39";13.2916545961052;1;2;2;"S-3";2;"S-1"
-21.568356100292;2.34520420067835;-279.894837268687;37.2273637591594;"T39";13.4387747617438;1;2;2;"S-3";2;"S-1"
-21.6117514256095;2.48648786582835;-284.594416727059;37.7383657769276;"T39";13.6566670960747;1;2;2;"S-3";2;"S-1"
-21.4778054863841;2.5088442600719;-285.365847904205;37.8271209279342;"T39";13.6923620826565;1;2;2;"S-3";2;"S-1"
-21.6313993837788;2.40790520753204;-286.927306754064;38.0095165211568;"T39";13.7650631251745;1;2;2;"S-3";2;"S-1"
-21.4997999488364;2.27944986355141;-287.74111842865;38.1001061928844;"T39";13.8026849017479;1;2;2;"S-3";2;"S-1"
-21.5836000082447;2.12739310309135;-288.97978439665;38.2314319251453;"T39";13.8602978084236;1;2;2;"S-3";2;"S-1"
-21.58965308859;2.23665172683232;-290.740203455601;38.4049480838552;"T39";13.9418606180698;1;2;2;"S-3";2;"S-1"
-21.7437409094797;2.26821139047789;-293.140985378952;38.6536650508476;"T39";14.0530611970462;1;2;2;"S-3";2;"S-1"
-21.749992853907;2.23863953263308;-295.712953357937;38.9219614350882;"T39";14.171346637886;1;2;2;"S-3";2;"S-1"
-21.678480694427;2.26100230901531;-296.099322767857;38.961728888855;"T39";14.1891107545234;1;2;2;"S-3";2;"S-1"
-22.0060034337906;2.31419660221906;-297.545034555432;39.112512411739;"T39";14.2557995510288;1;2;2;"S-3";2;"S-1"
-21.8406464155785;2.41858734420101;-297.890872932841;39.1488814871291;"T39";14.2715151887387;1;2;2;"S-3";2;"S-1"
-21.576618328049;2.28206772498263;-299.686622520696;39.3477390275104;"T39";14.3537357216701;1;2;2;"S-3";2;"S-1"
-21.5289274051792;2.26111263959383;-304.735033028763;39.8816880693741;"T39";14.5877117058262;1;2;2;"S-3";2;"S-1"
-20.6735850563085;2.85502005686075;-316.352016176464;41.101781710588;"T39";15.1273104944266;1;2;2;"S-3";2;"S-1"
-20.881658114756;2.65613865423706;-316.873389429928;41.1737833054588;"T39";15.1525297900662;1;2;2;"S-3";2;"S-1"
-20.9954761403238;2.27346894001579;-321.337233972336;41.74158256596;"T39";15.3662984725088;1;2;2;"S-3";2;"S-1"
-21.0819517344272;2.51169562732432;-326.39061372086;42.2887814874604;"T39";15.6069874530658;1;2;2;"S-3";2;"S-1"
-21.0277793819419;2.33409766886918;-334.467522133663;43.2510612516061;"T39";15.9901070292108;1;2;2;"S-3";2;"S-1"
-21.3645212899222;2.15074374060789;-335.164021100061;43.3283731058115;"T39";16.0232298308983;1;2;2;"S-3";2;"S-1"
-21.1553883394614;2.30122407518034;-337.689175526123;43.5825777286168;"T39";16.1414236528799;1;2;2;"S-3";2;"S-1"
-20.932973346077;2.09149978813309;-339.381168785809;43.766628031157;"T39";16.2214029580355;1;2;2;"S-3";2;"S-1"
-20.7945442278975;2.4273076043261;-342.646343930868;44.0928651600734;"T39";16.377385344822;1;2;2;"S-3";2;"S-1"
-20.6967262948216;2.45198341368024;-342.78619084748;44.1091892247134;"T39";16.3841105182655;1;2;2;"S-3";2;"S-1"
-20.579284070268;2.51405488595994;-343.040775771115;44.1393504203166;"T39";16.3964112522081;1;2;2;"S-3";2;"S-1"
-20.5993488732125;2.622896135685;-345.911156640091;44.490008636782;"T39";16.5358903934248;1;2;2;"S-3";2;"S-1"
-20.8207907857635;2.61582794535131;-347.303424954026;44.6672848799746;"T39";16.6034783702344;1;2;2;"S-3";2;"S-1"
-20.830807035418;2.71907401350979;-350.40132916278;45.0564912499278;"T39";16.7522673495114;1;2;2;"S-3";2;"S-1"
-20.7657909547546;2.74428031444149;-350.849410509018;45.114979926935;"T39";16.7737778625451;1;2;2;"S-3";2;"S-1"
-20.7349321759181;2.67159776055699;-351.03228092003;45.1391469654132;"T39";16.782584192697;1;2;2;"S-3";2;"S-1"
-20.7945000362598;2.57864928444527;-351.746639290916;45.2311886565893;"T39";16.8170361197554;1;2;2;"S-3";2;"S-1"
-21.3003117990993;2.54400568303876;-357.975744084797;46.0036369766483;"T39";17.1165915206075;1;2;2;"S-3";2;"S-1"
-21.5672262849305;2.57611159996192;-359.504144593882;46.1861817026479;"T39";17.1883463626727;1;2;2;"S-3";2;"S-1"
-21.6761034102754;2.34236567075967;-361.633736350996;46.4405521977782;"T39";17.2870883950964;1;2;2;"S-3";2;"S-1"
-21.7860780666375;2.40185105866744;-363.954933881619;46.6913857220455;"T39";17.3941739485599;1;2;2;"S-3";2;"S-1"
-21.5898637284136;1.89867162193259;-368.279617944746;47.1681694260078;"T39";17.5926807220094;1;2;2;"S-3";2;"S-1"
-21.2083701079982;1.82093588037708;-370.033181141484;47.3223825660626;"T39";17.6739023183472;1;2;2;"S-3";2;"S-1"
-21.7250132963765;1.99371311954519;-374.789274100587;47.7307373936867;"T39";17.8981577861123;1;2;2;"S-3";2;"S-1"
-21.5342527335973;1.95379936886569;-377.747277822733;48.0021945729322;"T39";18.0343143758364;1;2;2;"S-3";2;"S-1"
-21.8617771173588;1.70519548168943;-379.011958768349;48.1169388765274;"T39";18.0930431815796;1;2;2;"S-3";2;"S-1"
-21.2715549991118;1.84217626418607;-381.186876792211;48.2865801809569;"T39";18.1925281416625;1;2;2;"S-3";2;"S-1"
-21.77742668715;1.62731720455081;-384.987746554355;48.6157461521036;"T39";18.3712113532238;1;2;2;"S-3";2;"S-1"
-20.5635786992715;2.25551648678048;-394.742681681157;49.3446832294347;"T39";18.8191492692567;1;2;2;"S-3";2;"S-1"
-20.1811284790626;3.58172711919255;-400.034246418259;49.9250885995282;"T39";19.0764763043262;1;2;2;"S-3";2;"S-1"
-20.3508626079878;3.48529432702912;-400.309659600435;49.9739686641196;"T39";19.0901233698241;1;2;2;"S-3";2;"S-1"
-20.698111751267;3.55884246410881;-401.483714779239;50.1750376769239;"T39";19.1478140535764;1;2;2;"S-3";2;"S-1"
-21.3382152864855;2.97435296182049;-406.125605048311;50.9731663372495;"T39";19.3720804178156;1;2;2;"S-3";2;"S-1"
-21.2526391783455;3.07510052521997;-407.962047941249;51.2291497587535;"T39";19.4581439835019;1;2;2;"S-3";2;"S-1"
-21.2951418717789;2.93420470070275;-409.553095714977;51.4593626656581;"T39";19.5330075221136;1;2;2;"S-3";2;"S-1"
-21.6182560452288;2.44783856980613;-412.916873677007;51.9228492753148;"T39";19.6909673977643;1;2;2;"S-3";2;"S-1"
-21.2302082664387;2.59462332715406;-416.2985017821;52.3057515634119;"T39";19.8473920463584;1;2;2;"S-3";2;"S-1"
-21.3135705688423;2.71928919522821;-417.018186112994;52.3937068830061;"T39";19.8812911170535;1;2;2;"S-3";2;"S-1"
-21.2051443604701;2.78070682290926;-417.199072215631;52.4167852134472;"T39";19.8897780152038;1;2;2;"S-3";2;"S-1"
-21.699602748066;2.60900919329796;-418.707242938114;52.6145570629017;"T39";19.960900885053;1;2;2;"S-3";2;"S-1"
-21.8386915385495;2.16490284188532;-419.712936999832;52.7354747167007;"T39";20.0072470819578;1;2;2;"S-3";2;"S-1"
-21.5542692432043;2.16679867921419;-420.686446417831;52.8319801919444;"T39";20.0518243596889;1;2;2;"S-3";2;"S-1"
-21.4734956964869;2.07164134476882;-421.037517701528;52.8672725410025;"T39";20.068112143781;1;2;2;"S-3";2;"S-1"
-21.3803136364049;2.19394652939049;-421.968104596616;52.9570502983837;"T39";20.1114486786537;1;2;2;"S-3";2;"S-1"
-21.4571304703954;2.17643896946781;-424.055512619177;53.1712502238105;"T39";20.2090809238143;1;2;2;"S-3";2;"S-1"
-21.3342788360781;2.34329148427539;-424.489611159446;53.21528169302;"T39";20.2293118927628;1;2;2;"S-3";2;"S-1"
-21.2870767522885;2.01988257322146;-426.928506618499;53.4831624591873;"T39";20.3436300507747;1;2;2;"S-3";2;"S-1"
-21.1676498897463;2.32265692148179;-428.392386914035;53.6220667499288;"T39";20.4123985487968;1;2;2;"S-3";2;"S-1"
-20.7111443526324;2.46257193411332;-429.646485832475;53.7596749184458;"T39";20.4716445645317;1;2;2;"S-3";2;"S-1"
-20.9643434494547;2.40452116649884;-430.844396199252;53.9021074368322;"T39";20.5294834915549;1;2;2;"S-3";2;"S-1"
-21.000262967804;2.27502287536587;-431.398386243916;53.9656477423817;"T39";20.555908838287;1;2;2;"S-3";2;"S-1"
-21.2760846082715;2.13579183423771;-431.976924180001;54.0283225308297;"T39";20.5834579188377;1;2;2;"S-3";2;"S-1"
-21.2607849239014;2.15059083355253;-432.014381272237;54.032082647092;"T39";20.5852184444666;1;2;2;"S-3";2;"S-1"
-21.3945972137465;2.49049293361277;-434.062264380303;54.2392320376793;"T39";20.6815405283123;1;2;2;"S-3";2;"S-1"
-21.3912915361258;2.66638062387554;-434.780690711656;54.3228622964628;"T39";20.7151203299873;1;2;2;"S-3";2;"S-1"
-21.5784616739975;2.5600637191425;-436.080347575538;54.4848618594013;"T39";20.775876683183;1;2;2;"S-3";2;"S-1"
-21.8225997319808;2.38332883035212;-437.540306917074;54.6580710991588;"T39";20.8435348584317;1;2;2;"S-3";2;"S-1"
-22.0214357417525;2.25567267909308;-438.390815556601;54.750958371342;"T39";20.8825086127035;1;2;2;"S-3";2;"S-1"
-21.9020942370132;2.2755676469036;-439.478712760239;54.8623925225338;"T39";20.9319103509188;1;2;2;"S-3";2;"S-1"
-21.4221536457922;2.22265661723062;-440.921063338909;55.0122488000567;"T39";20.9977648104541;1;2;2;"S-3";2;"S-1"
-21.767325918932;1.92046606853593;-443.82744925469;55.3138010153357;"T39";21.1334367864765;1;2;2;"S-3";2;"S-1"
-22.0165196676272;1.81387306704842;-444.461036825619;55.3697005519139;"T39";21.1625440628268;1;2;2;"S-3";2;"S-1"
-22.3231156710445;1.78572172773237;-444.85737128594;55.4023533241946;"T39";21.1805457482114;1;2;2;"S-3";2;"S-1"
-22.1893773178595;1.85452984462297;-447.720622691387;55.6313970796458;"T39";21.3088097167201;1;2;2;"S-3";2;"S-1"
-22.0932826148286;1.87347352399348;-448.038365628091;55.6579531992968;"T39";21.3231293135323;1;2;2;"S-3";2;"S-1"
-22.048558665893;1.93654449230641;-448.135143173177;55.6661597737383;"T39";21.3275097194128;1;2;2;"S-3";2;"S-1"
-22.008452307813;1.94706235959812;-448.342745409335;55.6843936625432;"T39";21.3369254022837;1;2;2;"S-3";2;"S-1"
-22.2440209888526;1.89555213813833;-449.704605500618;55.8048758520989;"T39";21.3988043600693;1;2;2;"S-3";2;"S-1"
-22.265831449517;2.09511799555247;-454.506061120793;56.2140379128414;"T39";21.6146581224166;1;2;2;"S-3";2;"S-1"
-22.3474572530904;2.20979772579895;-455.197695990134;56.2791177489298;"T39";21.6457207337953;1;2;2;"S-3";2;"S-1"
-22.2494844653212;2.11612240784741;-457.110750196418;56.4682874959171;"T39";21.731325739529;1;2;2;"S-3";2;"S-1"
-21.6500785878728;2.26498754754795;-458.331654236602;56.5844062491985;"T39";21.7861991026439;1;2;2;"S-3";2;"S-1"
-21.7940009166237;2.02334740955119;-461.812352533009;56.9485498834183;"T39";21.946969802957;1;2;2;"S-3";2;"S-1"
-21.3803830574062;2.24827740560201;-463.076871153019;57.0659473490747;"T39";22.0049912109971;1;2;2;"S-3";2;"S-1"
-21.479003721743;2.13737775919614;-465.00696620436;57.2689085908329;"T39";22.0952653209679;1;2;2;"S-3";2;"S-1"
-21.6560073151543;2.21778055279563;-465.825637288558;57.3503746304187;"T39";22.1333802677691;1;2;2;"S-3";2;"S-1"
-21.3524792822316;2.24008047005157;-467.463329470126;57.5180898430565;"T39";22.2090032650158;1;2;2;"S-3";2;"S-1"
-21.2026771204834;2.3404903602018;-470.051923170021;57.7896582223248;"T39";22.3302347934805;1;2;2;"S-3";2;"S-1"
-21.3019008643029;2.2557904464558;-470.152315278414;57.8007401607328;"T39";22.3349696723744;1;2;2;"S-3";2;"S-1"
-21.169400295839;2.04470113641084;-471.914994040822;57.9874011511177;"T39";22.4177171592601;1;2;2;"S-3";2;"S-1"
-21.3801132247187;1.99710155489655;-473.191006241069;58.1106480810948;"T39";22.4779934156686;1;2;2;"S-3";2;"S-1"
-21.1400270560389;1.77855917729659;-475.570106784816;58.3328782136124;"T39";22.5892697460949;1;2;2;"S-3";2;"S-1"
-20.7833110064418;1.91185941731628;-476.195375220397;58.3854834875522;"T39";22.6188472122885;1;2;2;"S-3";2;"S-1"
-20.7575705955281;1.9193403714274;-476.362051143432;58.4008160268668;"T39";22.6268669124693;1;2;2;"S-3";2;"S-1"
-20.9354135543144;1.6955549361807;-477.879166835367;58.5410955158492;"T39";22.6999542559497;1;2;2;"S-3";2;"S-1"
-20.7438478803378;2.03012478835174;-478.859217549054;58.6204696261809;"T39";22.7467673132196;1;2;2;"S-3";2;"S-1"
-20.8365045303324;2.18884918641721;-479.474786624813;58.6807131281025;"T39";22.7764420909807;1;2;2;"S-3";2;"S-1"
-21.1242690517638;2.09121851192426;-480.865653540805;58.8268219878228;"T39";22.8431935422122;1;2;2;"S-3";2;"S-1"
-21.2372176674081;2.04777768616605;-481.283387789571;58.8681760148873;"T39";22.8629686287604;1;2;2;"S-3";2;"S-1"
-20.6345316304975;2.64071660096854;-483.833636833298;59.1140812538737;"T39";22.9830525815487;1;2;2;"S-3";2;"S-1"
-20.6467997293446;2.84992536827603;-485.511782322706;59.3288429326012;"T39";23.0643796268851;1;2;2;"S-3";2;"S-1"
-20.7220732623455;2.80713896593235;-486.66972616184;59.4886765903809;"T39";23.1204630807042;1;2;2;"S-3";2;"S-1"
-20.7273183209566;2.76807451791413;-487.885078499558;59.6533156620294;"T39";23.1791132129729;1;2;2;"S-3";2;"S-1"
-20.8469321408473;2.59765067343027;-488.742350263536;59.7678018723557;"T39";23.2204727246426;1;2;2;"S-3";2;"S-1"
-20.8727911351867;2.63850874741793;-489.453059141354;59.8563603893885;"T39";23.2545644976199;1;2;2;"S-3";2;"S-1"
-21.2250475856923;2.39057611176153;-491.026864754233;60.0553035901049;"T39";23.3299643616192;1;2;2;"S-3";2;"S-1"
-21.5110713557838;2.2062884910857;-492.028327202732;60.1680982585994;"T39";23.3771474100649;1;2;2;"S-3";2;"S-1"
-21.6159550384422;2.48152024137465;-493.345652955879;60.3032101086838;"T39";23.4383868402801;1;2;2;"S-3";2;"S-1"
-16.5077297648874;-1.0686053325318;-496.689725799169;60.6871110020053;"T39";23.5930907540023;3;2;1;"S-4-NA";3;"S-2"
-10.3879793487405;-2.60987526026383;-500.45718547056;60.4432296474952;"T39";23.8213147269562;3;2;1;"S-4-NA";3;"S-2"
-10.1283180591739;-2.63676127552027;-500.547826178264;60.4204570819492;"T39";23.8300402648747;3;2;1;"S-4-NA";3;"S-2"
-8.75697216680066;-2.73924376606587;-501.375695496182;60.2049332658602;"T39";23.9117783494294;3;2;1;"S-4-NA";3;"S-2"
-8.42095000801385;-2.69411521289179;-501.55981014807;60.1473408808646;"T39";23.9328032708727;3;2;1;"S-4-NA";3;"S-2"
-8.32731722608766;-2.75268636252632;-501.608836723741;60.1316558045698;"T39";23.9386252476834;3;2;1;"S-4-NA";3;"S-2"
-8.03096633085324;-2.60782443319404;-501.700065068974;60.1014992709611;"T39";23.94958055811;3;2;1;"S-4-NA";3;"S-2"
-5.67554744926972;-1.66080927313994;-502.78787484694;59.7482644545294;"T39";24.0850324742496;3;2;1;"S-4-NA";3;"S-2"
-5.1139577600476;-1.30955761524478;-503.106405314899;59.6550543528268;"T39";24.1411557770334;3;2;1;"S-4-NA";3;"S-2"
-4.90480724591376;-1.15283734850532;-503.188874078148;59.6339361500571;"T39";24.1572819883004;3;2;1;"S-4-NA";3;"S-2"
-3.84851157026913;0.756813418486463;-504.281006360464;59.3772388281368;"T39";24.379947676789;3;2;1;"S-4-NA";3;"S-2"
-4.02256825113668;1.30176075862915;-504.971502962115;59.5130256340245;"T39";24.5593668078072;3;2;1;"S-4-NA";3;"S-2"
-3.08705715720567;2.01593150619508;-505.482408609928;59.6783620266382;"T39";24.6863766224124;3;2;1;"S-4-NA";3;"S-2"
-3.57213517489288;1.69472324564115;-505.867237257216;59.9296655027476;"T39";24.811035359744;3;2;1;"S-4-NA";3;"S-2"
-3.60267528845975;1.72211429346847;-505.877259189556;59.9344201945136;"T39";24.8138409457169;3;2;1;"S-4-NA";3;"S-2"
-3.66446295544267;1.84691516006588;-505.900450655143;59.9455059436238;"T39";24.8202782357112;3;2;1;"S-4-NA";3;"S-2"
-3.69971155088714;1.91873745845872;-506.075671591688;60.0338185307616;"T39";24.8680945020169;3;2;1;"S-4-NA";3;"S-2"
-3.98389286932664;2.40893954729582;-507.228088830816;60.6314829957004;"T39";25.179582904093;3;2;3;"S-5-NA";3;"S-2"
-4.11659695788975;2.42658856179506;-507.427512292651;60.7520683326133;"T39";25.2296403399669;3;2;3;"S-5-NA";3;"S-2"
-4.32086916029439;2.61702529434581;-508.078602154889;61.1358628183426;"T39";25.3878024988808;3;2;3;"S-5-NA";3;"S-2"
-4.64983746065109;2.48324646658608;-508.184551327358;61.2000331632383;"T39";25.4123228369281;3;2;1;"S-6-NA";3;"S-2"
-4.63887214299639;2.48949926898653;-508.196625515279;61.206481385299;"T39";25.4149195272475;3;2;1;"S-6-NA";3;"S-2"
-4.45013778467235;2.15238816082578;-508.942179004383;61.606590465459;"T39";25.5756382248364;3;2;3;"S-7-NA";3;"S-2"
-4.29251918076798;2.11766915110163;-509.16729593764;61.7154722676391;"T39";25.6262247334234;3;2;3;"S-7-NA";3;"S-2"
-4.17351816382139;2.16319392662576;-509.280213088581;61.7711787553932;"T39";25.652530300431;3;2;3;"S-7-NA";3;"S-2"
-3.96085163144073;2.44915422923542;-509.508851183516;61.8896851375258;"T39";25.7073133601807;3;2;3;"S-7-NA";3;"S-2"
-3.98169233520581;2.44336008106477;-509.542762833214;61.9106540775431;"T39";25.7158750668168;3;2;3;"S-7-NA";3;"S-2"
-4.07064162100297;2.46240773829085;-509.600951514852;61.946361482816;"T39";25.730489124544;3;2;3;"S-7-NA";3;"S-2"
-3.86049852075126;2.7350867716205;-510.315163014775;62.3784014627328;"T39";25.9059434058145;3;2;3;"S-7-NA";3;"S-2"
-4.09699310597659;2.52138054963241;-510.573024033249;62.5610908891765;"T39";25.9727381519042;3;2;3;"S-7-NA";3;"S-2"
-3.67659344569393;2.79717410308057;-511.508012960529;63.1365038406717;"T39";26.200951600913;3;2;3;"S-7-NA";3;"S-2"
-3.93207991265254;2.85050988062748;-511.659067016638;63.2514266626139;"T39";26.2420369312167;3;2;3;"S-7-NA";3;"S-2"
-3.75473699308278;2.66185795560826;-512.304527518176;63.7193448072245;"T39";26.4061893685721;3;2;3;"S-7-NA";3;"S-2"
-3.87636213771186;2.77250603391474;-512.397795327028;63.7854654594709;"T39";26.4310294063762;3;2;3;"S-7-NA";3;"S-2"
-4.06879626187754;3.19503806293224;-512.960012416098;64.1875822422792;"T39";26.5760667040013;3;2;1;"S-8-NA";3;"S-2"
-4.23759885855901;2.90030947686917;-513.248074158968;64.4137838443516;"T39";26.6468644840643;3;2;1;"S-8-NA";3;"S-2"
-4.16240379358306;2.77439687749569;-513.404719796825;64.520995697845;"T39";26.6838301438838;3;2;3;"S-9-NA";3;"S-2"
-4.9578352528487;2.12943585260536;-514.255568080639;65.0881177116862;"T39";26.8882428645156;3;2;1;"S-10-NA";3;"S-2"
-4.86149335591397;2.16268154277785;-514.30547406493;65.1095527910684;"T39";26.898308948148;3;2;1;"S-10-NA";3;"S-2"
-4.77408840551207;2.18947445678824;-514.650486518626;65.2630348614961;"T39";26.9692773581482;3;2;1;"S-10-NA";3;"S-2"
-4.85669916375099;2.2460265481102;-514.699363663314;65.2854507136392;"T39";26.9795153639279;3;2;1;"S-10-NA";3;"S-2"
-5.13702053419318;2.20001564140645;-514.917511402203;65.3863352025553;"T39";27.0244322367944;3;2;1;"S-10-NA";3;"S-2"
-4.99908235519283;1.79018295722576;-515.246399596032;65.5271871158156;"T39";27.0884553785436;3;2;1;"S-10-NA";3;"S-2"
-4.98715626376414;1.64661179226892;-515.737159872305;65.7029295061673;"T39";27.1866254508495;3;2;1;"S-10-NA";3;"S-2"
-5.05206200265635;1.79931315247494;-517.511890389552;66.2888931381936;"T39";27.5424856692553;3;2;1;"S-10-NA";3;"S-2"
-5.21908132118989;1.6795644142056;-517.713326516227;66.360635462797;"T39";27.5823577307165;3;2;1;"S-10-NA";3;"S-2"
-4.74636994634171;1.69804556667541;-518.375983188683;66.573886511669;"T39";27.7093257987872;3;2;1;"S-10-NA";3;"S-2"
-4.97530269155726;1.56648222714496;-518.579766072808;66.6467912002762;"T39";27.7522602700628;3;2;1;"S-10-NA";3;"S-2"
-5.25405584509839;1.61705634461742;-518.889888202291;66.7444336622924;"T39";27.8145925840363;3;2;1;"S-10-NA";3;"S-2"
-5.14833011735365;1.69769719975879;-518.909150488367;66.7503620731867;"T39";27.8182587586343;3;2;1;"S-10-NA";3;"S-2"
-5.28120738724083;1.62397787933196;-519.01861782587;66.7864596792276;"T39";27.8395214467309;3;2;1;"S-10-NA";3;"S-2"
-5.31953107599439;1.54152438608431;-519.1532049184;66.8278453785737;"T39";27.8650055988692;3;2;1;"S-10-NA";3;"S-2"
-5.22436611253807;1.50033563389357;-519.196659068125;66.8404377726249;"T39";27.8731743921526;3;2;1;"S-10-NA";3;"S-2"
-5.30437798035191;1.29629543365103;-519.697169742379;66.984174636304;"T39";27.9689775314182;3;2;1;"S-10-NA";3;"S-2"
-5.09544011450415;1.38541539087066;-519.792416903708;67.0074513448561;"T39";27.9869338613935;3;2;1;"S-10-NA";3;"S-2"
-4.95211367457167;1.22445273811408;-519.889326506223;67.0338004043743;"T39";28.0059527489357;3;2;1;"S-10-NA";3;"S-2"
-4.92991669508781;1.29102050195921;-519.950950870485;67.0490375589539;"T39";28.0183968017809;3;2;1;"S-10-NA";3;"S-2"
-5.01554530816287;1.3222724082962;-520.827574269574;67.2786030568553;"T39";28.1962138833478;3;2;1;"S-10-NA";3;"S-2"
-4.62973580917495;1.38745308949921;-521.774578384524;67.5282663207287;"T39";28.3850276726298;3;2;1;"S-10-NA";3;"S-2"
-4.69896024417978;1.68070674069473;-522.778986789437;67.8292704388803;"T39";28.6019749124534;3;2;1;"S-10-NA";3;"S-2"
-4.65110426879293;1.65309118030374;-522.960322249486;67.8941298363202;"T39";28.6405654624104;3;2;1;"S-10-NA";3;"S-2"
-4.28938268355469;1.61144309621053;-523.778834521881;68.1850447116426;"T39";28.8165478152223;3;2;1;"S-10-NA";3;"S-2"
-3.97592366078656;1.73691144218395;-524.015134168765;68.2738181932132;"T39";28.8716372451745;3;2;1;"S-10-NA";3;"S-2"
-3.84677797607357;1.8550846317439;-524.580879550828;68.5209682170328;"T39";29.0139300632291;3;2;1;"S-10-NA";3;"S-2"
-4.16498409421103;2.80671400783516;-526.745186735498;69.5646918271881;"T39";29.5765586313792;3;2;3;"S-11-NA";3;"S-2"
-4.14042170046156;2.83808596047683;-526.828420770216;69.6207818688038;"T39";29.5965428696945;3;2;3;"S-11-NA";3;"S-2"
-4.14328765135213;2.65469391431834;-527.601702322803;70.1508340414235;"T39";29.7833068296313;3;2;3;"S-11-NA";3;"S-2"
-4.09015318520932;2.66905110375484;-528.322497717434;70.6126632236122;"T39";29.9572738469578;3;2;3;"S-11-NA";3;"S-2"
-3.7538345929989;2.97447616369458;-528.641935352087;70.8211139423855;"T39";30.0353730330244;3;2;3;"S-11-NA";3;"S-2"
-4.37216018126071;2.680815431667;-529.3764377655;71.4031214514403;"T39";30.2310402621515;3;2;3;"S-11-NA";3;"S-2"
-4.54258912496839;2.39641473949416;-529.455762028864;71.4517595846545;"T39";30.2491832990199;3;2;3;"S-11-NA";3;"S-2"
-4.38193410517597;2.56269195031491;-529.834925470074;71.6517849081423;"T39";30.3326518740505;3;2;3;"S-11-NA";3;"S-2"
-4.10934049172468;2.55627539135634;-530.270704738301;71.9066422373479;"T39";30.4321009432897;3;2;3;"S-11-NA";3;"S-2"
-4.09410565252082;2.55230122697919;-530.978862635668;72.3471622209994;"T39";30.6044297874905;3;2;3;"S-11-NA";3;"S-2"
-3.92603660431823;2.64451253011325;-531.361195628884;72.5855119487594;"T39";30.6978159933351;3;2;3;"S-11-NA";3;"S-2"
-3.96508847951557;2.71533295702375;-531.380652327775;72.5986176554039;"T39";30.7027718052268;3;2;3;"S-11-NA";3;"S-2"
-4.2033056906148;2.68395812990896;-531.945430398891;72.9853834281803;"T39";30.8452095021494;3;2;3;"S-11-NA";3;"S-2"
-3.81246461596;2.61982276245026;-532.126615735168;73.1010766211373;"T39";30.8883149409667;3;2;3;"S-11-NA";3;"S-2"
-3.94466414609187;2.61819262915481;-532.511188759823;73.3653448217122;"T39";30.989187490195;3;2;3;"S-11-NA";3;"S-2"
-3.83340215833754;2.71317839229445;-533.31538497545;73.8991141176955;"T39";31.1930568655953;3;2;3;"S-11-NA";3;"S-2"
-4.01648489300598;2.64963661315786;-533.372833116791;73.9397743587356;"T39";31.2080430681817;3;2;3;"S-11-NA";3;"S-2"
-3.81288697663618;2.7759042959816;-534.582554180634;74.7378157575839;"T39";31.5092320670374;3;2;3;"S-11-NA";3;"S-2"
-3.69035468359312;2.54680263609292;-535.08281133562;75.10201904872;"T39";31.6404337412678;3;2;3;"S-11-NA";3;"S-2"
-3.66406178983719;2.56552979827965;-535.277184913837;75.2361609358377;"T39";31.693104445003;3;2;3;"S-11-NA";3;"S-2"
-3.71495488307367;2.7039466884356;-535.63119155772;75.4840319177599;"T39";31.7897203494795;3;2;3;"S-11-NA";3;"S-2"
-4.26526604718759;2.97044977279305;-536.681439572641;76.2484596783554;"T39";32.0724284974858;3;2;1;"S-12-NA";3;"S-2"
-3.989198004779;3.08969209530893;-536.980728866821;76.4568930576712;"T39";32.142597460188;3;2;1;"S-12-NA";3;"S-2"
-3.86963970898066;3.18806245651247;-537.008948779841;76.4787497923044;"T39";32.1496715419926;3;2;1;"S-12-NA";3;"S-2"
-3.70966477799047;3.19218175685785;-537.488710454171;76.8740088595647;"T39";32.2736525093205;3;2;1;"S-12-NA";3;"S-2"
-4.10729361803111;2.99273466538321;-537.740141700779;77.0903664785295;"T39";32.3414298589341;3;2;1;"S-12-NA";3;"S-2"
-4.17328822640562;2.75133258442114;-538.19104722241;77.4189138654205;"T39";32.451211521402;3;2;3;"S-13-NA";3;"S-2"
-4.7314179748769;2.65195099414325;-538.481607170118;77.6104719386917;"T39";32.5208352645859;3;2;1;"S-14-NA";3;"S-2"
-4.55823174264825;2.6920981774727;-538.562699995401;77.6559243167676;"T39";32.5379744870588;3;2;1;"S-14-NA";3;"S-2"
-4.45732729732619;2.63240565519522;-538.585051473518;77.6691251316665;"T39";32.542878028471;3;2;3;"S-15-NA";3;"S-2"
-4.43719520702279;2.63154164208055;-539.383049794371;78.1404064966026;"T39";32.7219087048434;3;2;3;"S-15-NA";3;"S-2"
-4.19930907936823;2.69029096009511;-539.637438508762;78.2912753369315;"T39";32.7792396768928;3;2;3;"S-15-NA";3;"S-2"
-4.26831100988008;2.57106782191176;-539.708649066913;78.3368964420309;"T39";32.7961973613128;3;2;3;"S-15-NA";3;"S-2"
-3.90887096799193;2.7142974852399;-540.071245991027;78.5553110050175;"T39";32.8811482759193;3;2;3;"S-15-NA";3;"S-2"
-3.78659056836067;2.74628083012461;-540.422939300487;78.799524813368;"T39";32.9711213940755;3;2;3;"S-15-NA";3;"S-2"
-3.77350413234058;2.80158534503143;-540.533645284407;78.8798159660371;"T39";33.00035771681;3;2;3;"S-15-NA";3;"S-2"
-4.14527057308498;2.85821222107861;-541.065503392149;79.2746865764902;"T39";33.1413031322882;3;2;3;"S-15-NA";3;"S-2"
-4.37505587296931;3.18396907264597;-541.852568868733;79.8173773669463;"T39";33.3311738446355;3;2;1;"S-16-NA";3;"S-2"
-4.51537899920259;2.94595165184172;-542.20009885772;80.0702940767852;"T39";33.4106082562357;3;2;1;"S-16-NA";3;"S-2"
-4.69485034872204;2.12669359749889;-543.516387695926;80.9290754277854;"T39";33.7021206272766;3;2;3;"S-17-NA";3;"S-2"
-5.06904635948104;2.07980737842262;-543.951479843032;81.1261653486225;"T39";33.7947949650697;3;2;1;"S-18-NA";3;"S-2"
-5.0001767648074;2.07843322390836;-544.778343080185;81.4654236902555;"T39";33.9579150429927;3;2;1;"S-18-NA";3;"S-2"
-4.85221029991646;1.87999732388047;-544.976975654189;81.5479896795353;"T39";33.9976401533931;3;2;1;"S-18-NA";3;"S-2"
-4.77860366783207;1.67542531041826;-545.336426515071;81.6872595410532;"T39";34.0717199724168;3;2;1;"S-18-NA";3;"S-2"
-4.75245412276355;1.65280567601477;-545.400501291309;81.7097247859931;"T39";34.0851286542602;3;2;1;"S-18-NA";3;"S-2"
-4.31220800450877;1.77350923457668;-545.558508371249;81.7646763945365;"T39";34.1183761251159;3;2;3;"S-19-NA";3;"S-2"
-4.25158963738967;1.77746423741215;-545.634078961246;81.7957567921152;"T39";34.1359009267762;3;2;1;"S-20-NA";3;"S-2"
-4.24847968602979;1.80092489089519;-545.912798818452;81.9122813442696;"T39";34.2014575493522;3;2;3;"S-21-NA";3;"S-2"
-4.27769781029129;2.41476654017457;-547.338382481938;82.5165843640221;"T39";34.5370090333745;3;2;3;"S-21-NA";3;"S-2"
-4.31473307551731;2.37498046800865;-547.371362538216;82.5352016530228;"T39";34.5447188010439;3;2;3;"S-21-NA";3;"S-2"
-4.42604043919735;2.34698824292124;-547.399245419613;82.5505493692203;"T39";34.5511810504831;3;2;3;"S-21-NA";3;"S-2"
-4.79906914518387;1.98958206696294;-547.586277555409;82.649726552482;"T39";34.5934382639825;3;2;1;"S-22-NA";3;"S-2"
-4.67983551282968;2.06576601902206;-547.634382137114;82.6696695893927;"T39";34.6034619957209;3;2;3;"S-23-NA";3;"S-2"
-4.74580710787806;2.30516533426292;-548.762904407592;83.1678202085053;"T39";34.84460770851;3;2;1;"S-24-NA";3;"S-2"
-4.59903050256388;2.2994021100534;-548.952096039709;83.2597156399835;"T39";34.8844727152027;3;2;3;"S-25-NA";3;"S-2"
-4.6193600447842;2.25609502766772;-548.964628359407;83.2659814915235;"T39";34.8871977068484;3;2;3;"S-25-NA";3;"S-2"
-4.00364951649988;2.34546793507151;-549.522939489728;83.5386605970264;"T39";35.0080610136501;3;2;3;"S-25-NA";3;"S-2"
-4.28495962694337;2.34445393202185;-549.579040741151;83.5715265324159;"T39";35.0220735417679;3;2;3;"S-25-NA";3;"S-2"
-4.05276557693162;2.38888411462313;-549.860384154034;83.7254595278249;"T39";35.0877318996936;3;2;3;"S-25-NA";3;"S-2"
-4.08338522040791;2.4079823236947;-550.023441695457;83.8215730490935;"T39";35.1279655471444;3;2;3;"S-25-NA";3;"S-2"
-3.85542979382896;2.53961837821121;-550.085216653749;83.8580018941775;"T39";35.1430939161219;3;2;3;"S-25-NA";3;"S-2"
-4.02662820467705;2.479679706637;-550.226632561485;83.9511542682222;"T39";35.1797735900618;3;2;3;"S-25-NA";3;"S-2"
-4.02963936046937;2.50231431201249;-550.443621941943;84.0847807507101;"T39";35.2336621959694;3;2;3;"S-25-NA";3;"S-2"
-4.42684964363237;2.48836654713381;-551.49385631563;84.7369523892012;"T39";35.4942895821296;3;2;3;"S-25-NA";3;"S-2"
-4.48601523460814;2.56991628208763;-551.758108526812;84.8854906083063;"T39";35.5539826443419;3;2;3;"S-25-NA";3;"S-2"
-4.56409848699645;2.52894018286195;-551.824075282564;84.9232811709365;"T39";35.5686876224354;3;2;3;"S-25-NA";3;"S-2"
-4.43125751394592;2.58667560392501;-552.023430405927;85.0337426746858;"T39";35.6123665929772;3;2;3;"S-25-NA";3;"S-2"
-4.2669970167315;2.89052020713296;-552.901963250166;85.5465721521618;"T39";35.8106247265823;3;2;1;"S-26-NA";3;"S-2"
-4.12383398850262;2.34446973905289;-553.227437805772;85.7670529202986;"T39";35.88690191973;3;2;3;"S-27-NA";3;"S-2"
-4.55197019620819;2.03010149857257;-553.778726356678;86.0804698349196;"T39";36.0205854172818;3;2;3;"S-27-NA";3;"S-2"
-4.1341737344336;1.94552954161926;-554.908725580962;86.584430322296;"T39";36.2688294029795;3;2;3;"S-27-NA";3;"S-2"
-4.42467848828372;1.93376557296151;-555.12978735726;86.6884613195252;"T39";36.3223012187518;3;2;3;"S-27-NA";3;"S-2"
-4.07902839128407;2.19261073324616;-555.66800687435;86.9236852743503;"T39";36.4439415861852;3;2;3;"S-27-NA";3;"S-2"
-3.85274172905535;2.15127597468138;-556.05250975007;87.130368104524;"T39";36.5382049349137;3;2;3;"S-27-NA";3;"S-2"
-4.07262003661721;2.32575987149418;-556.305608552444;87.2716922344706;"T39";36.6038981010206;3;2;3;"S-27-NA";3;"S-2"
-3.92946100653595;2.51379951612142;-556.527966433683;87.3986746272906;"T39";36.6584963398054;3;2;3;"S-27-NA";3;"S-2"
-4.54427290762822;2.4113193246752;-557.598533364378;88.0835498882687;"T39";36.9309425936081;3;2;3;"S-27-NA";3;"S-2"
-4.4022294455291;2.64004780006365;-558.813025045324;88.7279934151984;"T39";37.1982002397999;3;2;3;"S-27-NA";3;"S-2"
-4.73963442159346;2.54059919645904;-559.409945920462;89.085971040563;"T39";37.3337953700684;3;2;1;"S-28-NA";3;"S-2"
-4.1345978393976;2.74635289772305;-560.81448023697;89.838847410028;"T39";37.6301334821619;3;2;3;"S-29-NA";3;"S-2"
-4.32630803600509;2.34617483227084;-561.442623568482;90.2560834570851;"T39";37.7820571651682;3;2;3;"S-29-NA";3;"S-2"
-4.26327657609852;2.47765218540673;-561.499891328907;90.2871400016241;"T39";37.7952942624688;3;2;3;"S-29-NA";3;"S-2"
-4.37733616557542;2.34945810523711;-561.552881828336;90.3179360394542;"T39";37.8077237866819;3;2;3;"S-29-NA";3;"S-2"
-4.40014966190313;2.30245168585547;-561.585304836035;90.3353385178911;"T39";37.8151308046654;3;2;3;"S-29-NA";3;"S-2"
-4.21385863918661;2.40406273994851;-562.490054055735;90.8087636343622;"T39";38.0207486334257;3;2;3;"S-29-NA";3;"S-2"
-4.0595119523993;2.52635339264474;-562.859205060415;91.0193692221982;"T39";38.1083526648581;3;2;3;"S-29-NA";3;"S-2"
-3.89378698093079;2.70810150396678;-562.961114189301;91.0827902630827;"T39";38.1334564532153;3;2;3;"S-29-NA";3;"S-2"
-3.85207793969901;2.95189842404697;-563.58154958225;91.5142987223252;"T39";38.2927962928079;3;2;3;"S-29-NA";3;"S-2"
-4.28017582871337;2.20589397667512;-564.816769708023;92.4608642902337;"T39";38.6134596192278;3;2;3;"S-29-NA";3;"S-2"
-4.48190163904898;2.12634288794978;-565.050185667207;92.5811609507048;"T39";38.6679938179441;3;2;3;"S-29-NA";3;"S-2"
-4.48547671052569;2.15704399596809;-565.134709340732;92.6212614095142;"T39";38.6868527042679;3;2;3;"S-29-NA";3;"S-2"
-4.44430878537877;1.92774422325811;-565.239713531333;92.6717574155141;"T39";38.7102625216357;3;2;3;"S-29-NA";3;"S-2"
-4.60778257937785;1.93058276747947;-565.409962741852;92.7456039792749;"T39";38.7485697632656;3;2;3;"S-29-NA";3;"S-2"
-4.64808924036535;1.81854980834672;-565.833444090278;92.9230354833739;"T39";38.8404754339717;3;2;3;"S-29-NA";3;"S-2"
-4.53462237781005;2.14186978907371;-566.497593624096;93.1828818299004;"T39";38.9833620050922;3;2;3;"S-29-NA";3;"S-2"
-4.44234167001438;2.16750719666089;-566.530783617356;93.1985586907149;"T39";38.990681245923;3;2;3;"S-29-NA";3;"S-2"
-4.50001874581436;2.00037895276307;-566.873604578759;93.3658278825519;"T39";39.0678524738178;3;2;3;"S-29-NA";3;"S-2"
-4.21297056914261;1.62234828865656;-567.719330763869;93.7417758410061;"T39";39.2557908431627;3;2;1;"S-30-NA";3;"S-2"
-4.34491541812758;1.53464079621063;-568.321900936276;93.9738160776886;"T39";39.3988182302564;3;2;1;"S-30-NA";3;"S-2"
-4.17737312639614;1.66392259317237;-569.134398668433;94.2607933940697;"T39";39.5858178962953;3;2;1;"S-30-NA";3;"S-2"
-4.28965670729295;1.48867402039278;-569.283818023662;94.3203098015104;"T39";39.6215866319835;3;2;1;"S-30-NA";3;"S-2"
-4.08759932666434;0.948952113285844;-569.83053284152;94.5100406358043;"T39";39.7490361821838;3;2;1;"S-30-NA";3;"S-2"
-2.80824750587759;2.15947625547647;-570.573852973731;94.6826053012568;"T39";39.9308837833814;3;2;1;"S-30-NA";3;"S-2"
-3.13251170846241;2.05501463713466;-570.668517723758;94.7554002666168;"T39";39.9645933299325;3;2;1;"S-30-NA";3;"S-2"
-3.41357693447889;2.07434429296231;-570.94799879038;94.9387476045247;"T39";40.0538128102198;3;2;1;"S-30-NA";3;"S-2"
-3.31111191531676;2.11598197852825;-571.036084966039;94.9922753436893;"T39";40.0796174653806;3;2;1;"S-30-NA";3;"S-2"
-2.98324609874505;2.68334575764108;-571.431141786332;95.2447383028445;"T39";40.1989298989065;3;2;1;"S-30-NA";3;"S-2"
-3.0112961224254;2.73654238567427;-571.490383913533;95.2980249260179;"T39";40.2187881758437;3;2;1;"S-30-NA";3;"S-2"
-2.98547373168304;2.86761353494665;-571.548691008113;95.3510120216793;"T39";40.2381509658881;3;2;1;"S-30-NA";3;"S-2"
-3.02011406564974;2.90325933157932;-571.653248238114;95.4514415530951;"T39";40.2731729554944;3;2;1;"S-30-NA";3;"S-2"
-3.49579320411394;2.78470143912383;-571.74417749815;95.5388525637304;"T39";40.3032808448188;3;2;1;"S-30-NA";3;"S-2"
-3.84952889259457;3.36853461502252;-573.152186406399;96.6604533576464;"T39";40.7060532132164;3;2;1;"S-30-NA";3;"S-2"
-4.61631197317713;2.81566801704997;-574.297109907781;97.6623199635515;"T39";41.0034723347053;3;2;1;"S-30-NA";3;"S-2"
-4.5780570007343;2.81706084140964;-574.3061190397;97.6678149831156;"T39";41.0054239211604;3;2;1;"S-30-NA";3;"S-2"
-4.55003009442988;2.92518058159204;-574.617472988592;97.8594034707865;"T39";41.0734339850023;3;2;1;"S-30-NA";3;"S-2"
-4.57943594164281;2.8997194806726;-574.974815792486;98.089136507542;"T39";41.1519703455269;3;2;1;"S-30-NA";3;"S-2"
-4.46629799143729;3.07457106760276;-575.177467025314;98.2174561816462;"T39";41.1962227895856;3;2;1;"S-30-NA";3;"S-2"
-4.46771324617442;2.97899765458417;-575.285197500887;98.2916171543206;"T39";41.2203435436822;3;2;1;"S-30-NA";3;"S-2"
-4.59836997540734;3.02262645897526;-575.344402485711;98.3310940636947;"T39";41.2335952860303;3;2;1;"S-30-NA";3;"S-2"
-5.01364495803707;2.78770437436932;-575.532583832144;98.4547904865261;"T39";41.2745187757537;3;2;1;"S-30-NA";3;"S-2"
-4.91293560955049;2.39035634610523;-576.669868628503;99.0871475497507;"T39";41.5013566962443;3;2;1;"S-30-NA";3;"S-2"
-4.76453150462723;2.32945582000952;-576.715723424642;99.1094578977097;"T39";41.5106901782565;3;2;1;"S-30-NA";3;"S-2"
-5.11782447857168;2.298180278822;-576.98858223447;99.2428629433009;"T39";41.5679589379579;3;2;1;"S-30-NA";3;"S-2"
-4.81498733092729;2.29629210144104;-580.411366411525;100.779878354304;"T39";42.2367556486279;3;2;1;"S-30-NA";3;"S-2"
-4.70597454803164;2.24366926692204;-580.790715246223;100.960791755095;"T39";42.3155406606384;3;2;3;"S-31-NA";3;"S-2"
-4.82657742801384;2.11410656139511;-582.922884517462;101.977346905772;"T39";42.7686177543364;3;2;1;"S-32-NA";3;"S-2"
-5.03542545911522;2.05733945072081;-583.561397026384;102.257024069306;"T39";42.9009087034501;3;2;1;"S-32-NA";3;"S-2"
-4.12920892787973;1.96657779306133;-584.410720088605;102.60403463604;"T39";43.0695782764815;3;2;3;"S-33-NA";3;"S-2"
-4.03176807215455;2.02075105930835;-584.51233708883;102.652430767001;"T39";43.0941875907592;3;2;3;"S-33-NA";3;"S-2"
-4.28698694548133;2.0831234507128;-585.147580262956;102.970819199585;"T39";43.251747044269;3;2;3;"S-33-NA";3;"S-2"
-4.30782178627394;2.04312193292854;-585.536226885997;103.159669528451;"T39";43.3424043352716;3;2;3;"S-33-NA";3;"S-2"
-4.16677681450177;2.02763745668155;-585.580706813585;103.180765553342;"T39";43.3527297223918;3;2;3;"S-33-NA";3;"S-2"
-4.19257760390528;2.12534177794073;-586.03218745575;103.400465120123;"T39";43.4610822121613;3;2;3;"S-33-NA";3;"S-2"
-4.26750267160963;2.50608495831446;-586.40871937244;103.591340302141;"T39";43.5508913826197;3;2;3;"S-33-NA";3;"S-2"
-4.24569902572404;2.44140391881302;-586.436000249255;103.607360958787;"T39";43.5572840855457;3;2;3;"S-33-NA";3;"S-2"
-4.22561476776944;2.40012196568954;-586.561879659628;103.679745384512;"T39";43.5869327746332;3;2;3;"S-33-NA";3;"S-2"
-4.33887345824617;2.34734811709236;-587.199548083088;104.041936941028;"T39";43.7378382543102;3;2;3;"S-33-NA";3;"S-2"
-4.38292501990054;2.4206737487925;-587.553059605951;104.233188106924;"T39";43.8193136709742;3;2;3;"S-33-NA";3;"S-2"
-4.41172694474168;2.39589460124622;-588.39569376602;104.698571927512;"T39";44.0115675097331;3;2;3;"S-33-NA";3;"S-2"
-4.57159128931943;2.38788340070342;-588.52467109743;104.768616174556;"T39";44.0408026217483;3;2;3;"S-33-NA";3;"S-2"
-5.08560028209148;2.68881056046708;-589.93099131211;105.503180680476;"T39";44.3484242190607;3;2;1;"S-34-NA";3;"S-2"
-4.9468222278393;2.68230529642241;-589.974395435301;105.526128898647;"T39";44.3569589289837;3;2;1;"S-34-NA";3;"S-2"
-5.04322147020936;2.18582120926951;-591.819875364606;106.526799705243;"T39";44.730022654403;3;2;1;"S-34-NA";3;"S-2"
-4.84175804283511;2.29244881417033;-592.437546357037;106.79450921663;"T39";44.8524981387891;3;2;1;"S-34-NA";3;"S-2"
-4.31808663671915;2.19332369764377;-593.188473801036;107.150054188785;"T39";45.0075921020471;3;2;3;"S-35-NA";3;"S-2"
-4.32706576207504;2.28891836724697;-593.221607149322;107.166883901594;"T39";45.0152652570978;3;2;3;"S-35-NA";3;"S-2"
-4.46948154388365;2.10890859033208;-593.409705727278;107.266383727482;"T39";45.0587354949676;3;2;3;"S-35-NA";3;"S-2"
-4.76513728690098;1.92624947811506;-593.55304298776;107.334016891861;"T39";45.0908057158813;3;2;3;"S-35-NA";3;"S-2"
-4.71059460247082;1.73618295075315;-594.013328410715;107.52008174212;"T39";45.1874000835232;3;2;1;"S-36-NA";3;"S-2"
-4.22637458320386;1.87832603036985;-595.317090538501;108.000609099943;"T39";45.4641723888926;3;2;3;"S-37-NA";3;"S-2"
-4.1770104460902;1.92209736935177;-595.327262845205;108.005129974299;"T39";45.4665792523883;3;2;3;"S-37-NA";3;"S-2"
-4.34884784113058;2.04930020626746;-595.576053900466;108.119613918979;"T39";45.5261412425898;3;2;3;"S-37-NA";3;"S-2"
-4.29724441345994;2.27076248285664;-595.735755947144;108.194870044084;"T39";45.5628640833311;3;2;3;"S-37-NA";3;"S-2"
-3.92906755173875;2.28271775500473;-596.207828549256;108.444324031552;"T39";45.6727188080549;3;2;3;"S-37-NA";3;"S-2"
-3.84858307295288;2.40026376490777;-596.497217738541;108.61245395851;"T39";45.7463722093962;3;2;3;"S-37-NA";3;"S-2"
-3.75371541557809;2.50090922646828;-596.568923345995;108.657174929332;"T39";45.765003899578;3;2;3;"S-37-NA";3;"S-2"
-4.01184989358817;2.19167245192428;-597.905510187943;109.5476746063;"T39";46.1210742709227;3;2;3;"S-37-NA";3;"S-2"
-4.16239188143465;2.29998945018201;-598.495232747101;109.869839872068;"T39";46.2680694414303;3;2;3;"S-37-NA";3;"S-2"
-4.16974436216912;2.33230230414636;-598.519743655626;109.88338372681;"T39";46.2739581009373;3;2;3;"S-37-NA";3;"S-2"
-4.14707489906991;2.30519608814008;-598.967761196776;110.13397758887;"T39";46.3814029470086;3;2;3;"S-37-NA";3;"S-2"
-4.11074878555975;2.39929805604765;-599.016038971616;110.160813308122;"T39";46.3930443511344;3;2;3;"S-37-NA";3;"S-2"
-3.95749551841366;2.06866411828083;-599.254593761259;110.300049265585;"T39";46.4510763064027;3;2;3;"S-37-NA";3;"S-2"
-3.82055581436212;2.1027969581008;-599.670428949403;110.517414851682;"T39";46.5561516466551;3;2;1;"S-38-NA";3;"S-2"
-3.75454501546383;2.17492170946711;-599.700597648821;110.534019411973;"T39";46.56404806301;3;2;1;"S-38-NA";3;"S-2"
-3.77840484075119;2.18725030502616;-599.755525705685;110.565837973966;"T39";46.5786778135225;3;2;1;"S-38-NA";3;"S-2"
-3.59993050766671;2.20826456657887;-599.881740739567;110.638901576992;"T39";46.6120821307413;3;2;1;"S-38-NA";3;"S-2"
-3.73396580826285;2.14539784331042;-599.939751358325;110.674486373315;"T39";46.6281965025701;3;2;1;"S-38-NA";3;"S-2"
-4.1139316281445;2.61250893469694;-600.951969124346;111.256069045383;"T39";46.8992803362198;3;2;3;"S-39-NA";8;"S-3"
-4.10782921580604;2.54978226158681;-600.963656706316;111.263491121169;"T39";46.9021213124506;3;2;3;"S-39-NA";8;"S-3"
-4.20227903967851;2.97666404165474;-601.235972230162;111.432520858235;"T39";46.9684131443501;3;2;1;"S-40-NA";3;"S-4"
-5.0297420571448;2.34935296466758;-602.053169484986;112.011378582913;"T39";47.1628783969209;3;2;1;"S-40-NA";3;"S-4"
-4.85091292456847;2.23611140880961;-602.372123959689;112.160359710022;"T39";47.2262920811772;3;2;1;"S-40-NA";3;"S-4"
-4.90893223893447;2.35617926858289;-602.784732371057;112.350558625231;"T39";47.3113499698229;3;2;1;"S-40-NA";3;"S-4"
-4.81413734081784;2.20706242535947;-603.206161069388;112.552835111005;"T39";47.3971993313171;3;2;1;"S-40-NA";3;"S-4"
-4.36729949495317;2.18358449930725;-603.805542265104;112.827624054876;"T39";47.5217037135735;3;2;3;"S-41-NA";3;"S-4"
-4.25522312510595;2.13628992848643;-603.880964322219;112.865333956616;"T39";47.5389734376222;3;2;3;"S-41-NA";3;"S-4"
-4.00496819547728;2.31241368587349;-604.096917648516;112.973751048371;"T39";47.5897236145101;3;2;3;"S-41-NA";3;"S-4"
-3.97356179517576;2.30051589977618;-604.124692291128;112.989787745933;"T39";47.5966586614959;3;2;3;"S-41-NA";3;"S-4"
-3.80548769418246;2.47674112967458;-604.241015752199;113.057133866492;"T39";47.625933017116;3;2;3;"S-41-NA";3;"S-4"
-4.15362357223139;2.2583472192975;-605.056929468992;113.588158329858;"T39";47.8403375251219;3;2;3;"S-41-NA";3;"S-4"
-4.04102950536916;2.04609672338805;-605.274760058342;113.706593979401;"T39";47.892781032715;3;2;3;"S-41-NA";3;"S-4"
-4.67316885452671;2.29293375816272;-606.633581347812;114.394606720798;"T39";48.2290372485295;3;2;3;"S-41-NA";3;"S-4"
-4.7080353789491;2.06245400704486;-607.22391424198;114.684259045319;"T39";48.3553611440584;3;2;3;"S-41-NA";3;"S-4"
-4.76788856854045;1.99521711112397;-607.296392504741;114.716009674068;"T39";48.3707557315938;3;2;3;"S-41-NA";3;"S-4"
-4.5211550227127;1.78589340826819;-607.50755834684;114.80437619006;"T39";48.4150449046865;3;2;3;"S-41-NA";3;"S-4"
-4.42770462107527;1.98225282193649;-607.824072661842;114.929401946962;"T39";48.485052306205;3;2;3;"S-41-NA";3;"S-4"
-4.44285639604781;2.29602693344561;-608.00050076686;115.008387592792;"T39";48.5248987097293;3;2;3;"S-41-NA";3;"S-4"
-4.16857988084518;2.41691386782525;-608.49897013754;115.265991935259;"T39";48.6370944068767;3;2;3;"S-41-NA";3;"S-4"
-4.28885261704806;2.21396852139848;-608.882726748595;115.488491371911;"T39";48.7291537225246;3;2;3;"S-41-NA";3;"S-4"
-4.07664026665795;2.03469741104313;-609.567895443717;115.842185485068;"T39";48.8889094325714;3;2;3;"S-41-NA";3;"S-4"
-4.10339047227221;1.74162012330982;-609.711514675572;115.913867473205;"T39";48.9241392351687;3;2;1;"S-42-NA";3;"S-4"
-4.2195171610538;1.86551649608397;-609.883724154703;115.986959102263;"T39";48.966106842272;3;2;3;"S-43-NA";3;"S-4"
-3.9878782611226;2.39970880384883;-610.37161634477;116.202664097441;"T39";49.08173433505;3;2;3;"S-43-NA";3;"S-4"
-4.28727451386063;2.60134766852529;-610.485636362686;116.271275730719;"T39";49.1103259846568;3;2;3;"S-43-NA";3;"S-4"
-4.29514151308532;2.54325169527722;-610.830138761949;116.480306085604;"T39";49.1906806244515;3;2;3;"S-43-NA";3;"S-4"
-4.07282291506801;2.62420142160613;-611.033416857199;116.600671703078;"T39";49.2380080744624;3;2;3;"S-43-NA";3;"S-4"
-4.74698659096436;2.3289316601179;-611.965307124663;117.201107277041;"T39";49.4668150437064;3;2;1;"S-44-NA";3;"S-4"
-4.76416194255227;2.31195818228814;-611.974605376172;117.205669116833;"T39";49.4687738129869;3;2;1;"S-44-NA";3;"S-4"
-4.71541255219452;2.30964528180689;-611.986680927063;117.211529154553;"T39";49.4713084772229;3;2;1;"S-44-NA";3;"S-4"
-4.65633294101356;2.2135973353682;-612.100260160966;117.267161135593;"T39";49.4953952846117;3;2;3;"S-45-NA";3;"S-4"
-4.7552069732022;2.18885641585771;-612.355796508923;117.388641834265;"T39";49.5502745965496;3;2;3;"S-45-NA";3;"S-4"
-4.86089151577743;2.26279396075491;-612.460586568436;117.436877462152;"T39";49.572311504744;3;2;1;"S-46-NA";3;"S-4"
-4.81003260327676;2.2607980597888;-613.087537642698;117.728729502035;"T39";49.7012901236303;3;2;1;"S-46-NA";3;"S-4"
-4.80539510659548;2.26444734836089;-613.099709637674;117.734450549041;"T39";49.7038206667639;3;2;1;"S-46-NA";3;"S-4"
-4.7054963432467;2.0724239747643;-613.46995399658;117.908920876282;"T39";49.780868308153;3;2;3;"S-47-NA";3;"S-4"
-4.8043076424671;2.01124594446033;-613.820956294253;118.063511491986;"T39";49.8554624151438;3;2;1;"S-48-NA";3;"S-4"
-4.46849532862541;2.08653443499615;-614.192523046153;118.219061922656;"T39";49.9328027479351;3;2;3;"S-49-NA";3;"S-4"
-4.39402641008422;2.06712965680274;-614.492793653102;118.359271303026;"T39";50;3;2;3;"S-49-NA";3;"S-4"
