"Vx";"Vy";"X";"Y";"Traj";"Time";"TrueMovMode";"TrueTrajClust";"firstEstMovMode";"firstSegment";"finalEstMovMode";"finalSegment"
0;0;0;0;"T4";0;1;1;1;"S-1-NA";2;"S-1"
-5.92162335528299;4.47301247057642;0;0;"T4";0.138790917117149;1;1;1;"S-1-NA";2;"S-1"
-9.75658160970409;6.54384222381503;-0.683092857130826;0.515987371230206;"T4";0.254146591760218;1;1;1;"S-1-NA";2;"S-1"
-12.0398034599656;7.167850323544;-1.3482723524277;0.962130276795642;"T4";0.322324107401073;1;1;1;"S-1-NA";2;"S-1"
-13.2637723390173;7.39966316322959;-1.9011727899545;1.29129740923199;"T4";0.368246820289642;1;1;1;"S-1-NA";2;"S-1"
-13.4627294267333;7.50784007737769;-1.97935305496271;1.33491302719393;"T4";0.37414109101519;1;1;1;"S-1-NA";2;"S-1"
-14.5940609285521;7.96117816867304;-2.71407292423644;1.74464860943221;"T4";0.428715453017503;1;1;1;"S-1-NA";2;"S-1"
-16.5483067842694;8.1408383839866;-3.90525179581847;2.394446309596;"T4";0.510336249135435;1;1;1;"S-1-NA";2;"S-1"
-17.7238890356035;7.93927514897869;-4.79605990504804;2.83267391456621;"T4";0.56416701991111;1;1;4;"S-2-NA";2;"S-1"
-18.2016853431182;7.74546562749732;-5.36162959036655;3.08601635756194;"T4";0.596077041700482;1;1;4;"S-2-NA";2;"S-1"
-18.5089616926718;7.67960054005391;-5.97103619116649;3.34534057895611;"T4";0.629557820502669;1;1;4;"S-2-NA";2;"S-1"
-18.8587468176422;7.47419438532998;-6.31764273215294;3.48915198359042;"T4";0.648284237831831;1;1;4;"S-2-NA";2;"S-1"
-21.2631057094815;6.31558168646188;-9.47116052434566;4.73897018224164;"T4";0.815502018667758;1;1;4;"S-2-NA";2;"S-1"
-21.8113520445012;5.61383286506959;-11.7494793013089;5.41567792852796;"T4";0.922650936990976;1;1;4;"S-2-NA";2;"S-1"
-21.9722398891634;5.37777630792375;-12.2782214786468;5.55176624649339;"T4";0.946892541833222;1;1;4;"S-2-NA";2;"S-1"
-22.5359962012399;3.9832242343007;-18.203028130579;7.00188171048413;"T4";1.2165421852842;1;1;4;"S-2-NA";2;"S-1"
-22.3267841720276;3.79772619253096;-18.8526894422864;7.11670896985057;"T4";1.24536990188062;1;1;4;"S-2-NA";2;"S-1"
-22.235894106056;3.48925771547864;-19.6427766707833;7.25110069142263;"T4";1.28075731918216;1;1;2;"S-3";2;"S-1"
-21.8665901073159;3.09250218483471;-22.8765153432821;7.75853914022264;"T4";1.42618608660996;1;1;2;"S-3";2;"S-1"
-22.134966154489;2.86268913417192;-24.8270178140134;8.03439070750673;"T4";1.51538620702922;1;1;2;"S-3";2;"S-1"
-22.160162116846;2.57680456378537;-26.6897798465133;8.27529952989967;"T4";1.59954093396664;1;1;2;"S-3";2;"S-1"
-22.5209108513932;2.26028685951178;-28.646061607135;8.50277781919377;"T4";1.68782015098259;1;1;2;"S-3";2;"S-1"
-22.5131931713764;2.22271819926312;-28.873063105617;8.52556057906943;"T4";1.69789973879233;1;1;2;"S-3";2;"S-1"
-22.2238280879514;2.18170433459788;-29.8600964475299;8.62300997043958;"T4";1.74174217972904;1;1;2;"S-3";2;"S-1"
-22.2909863810904;1.99999226329238;-31.3343823567945;8.76774002981323;"T4";1.80808025179431;1;1;2;"S-3";2;"S-1"
-22.1244389083683;1.72034029758115;-33.6820220435868;8.97837499815029;"T4";1.9133981433697;1;1;2;"S-3";2;"S-1"
-22.4221881862731;1.5586322169029;-35.9200576939138;9.15239897826689;"T4";2.01455486239865;1;1;2;"S-3";2;"S-1"
-22.5037528646646;1.4804360352671;-36.1822405878721;9.17062408198332;"T4";2.02624787343666;1;1;2;"S-3";2;"S-1"
-22.5243711828968;1.38314174935274;-38.2485184243998;9.3065566167239;"T4";2.11806712904945;1;1;2;"S-3";2;"S-1"
-22.1726836571268;1.2969485950006;-40.9436570499538;9.47205552113404;"T4";2.23772146273404;1;1;2;"S-3";2;"S-1"
-22.1512146338772;1.48574051824266;-43.0834914153578;9.59722102733351;"T4";2.33422914752737;1;1;2;"S-3";2;"S-1"
-22.0052684485106;1.46257871575817;-43.2471161281151;9.60819576933061;"T4";2.34161586267874;1;1;2;"S-3";2;"S-1"
-21.7147756358782;1.55436712463622;-44.5436566921978;9.6943702523905;"T4";2.40053541492671;1;1;2;"S-3";2;"S-1"
-21.8859897606016;1.48470554156754;-45.0668275101321;9.73181938534965;"T4";2.42462826427072;1;1;2;"S-3";2;"S-1"
-21.9106057802966;1.48849093910734;-45.8935366849169;9.78790182468613;"T4";2.46240170672536;1;1;2;"S-3";2;"S-1"
-21.9167432329111;1.53800572547149;-46.0868340821176;9.8010334298627;"T4";2.47122379951179;1;1;2;"S-3";2;"S-1"
-21.4768139353189;1.47687340306939;-47.5933644670894;9.90675408064826;"T4";2.53996258834377;1;1;2;"S-3";2;"S-1"
-21.2320737176939;1.59363174638716;-49.6161649643426;10.0458538681263;"T4";2.63414790388197;1;1;2;"S-3";2;"S-1"
-21.4705644621868;1.92648810106332;-52.2270630421116;10.2418220113533;"T4";2.75711743161082;1;1;2;"S-3";2;"S-1"
-21.5033566918034;1.88758863322796;-52.2988505084939;10.2482632812153;"T4";2.76046096114442;1;1;2;"S-3";2;"S-1"
-21.3191227377704;1.96971799327626;-53.2842817501479;10.334765534665;"T4";2.80628781765699;1;1;2;"S-3";2;"S-1"
-21.7455119902763;1.37297430668652;-55.6044009723516;10.5491261645433;"T4";2.91511589894071;1;1;2;"S-3";2;"S-1"
-21.7613380123046;1.30867493107927;-56.1207468966858;10.5817273600355;"T4";2.93886084109545;1;1;2;"S-3";2;"S-1"
-21.4701268216356;1.22915007227744;-57.3866062209973;10.6578531186199;"T4";2.99703094642609;1;1;2;"S-3";2;"S-1"
-20.6394572721862;1.7646242059068;-61.6078075139156;10.8995140048081;"T4";3.1936390674673;1;1;2;"S-3";2;"S-1"
-20.721586489691;1.82610341161293;-61.765087142479;10.9129610366752;"T4";3.20125940488651;1;1;2;"S-3";2;"S-1"
-20.876615306403;1.5671831661408;-64.758931947779;11.1767955753828;"T4";3.34573892178014;1;1;2;"S-3";2;"S-1"
-21.0770827020725;1.53714082650867;-64.9467551092352;11.1908952410865;"T4";3.3547357423231;1;1;2;"S-3";2;"S-1"
-21.0170158876754;1.5834661515205;-65.3119803033685;11.2175309270924;"T4";3.37206381373107;1;1;2;"S-3";2;"S-1"
-21.0200951592301;1.62072540207985;-65.3702044867685;11.221917659448;"T4";3.37483414914459;1;1;2;"S-3";2;"S-1"
-21.1046534650632;1.83579206771089;-65.6412451389484;11.2428158745444;"T4";3.38772850809619;1;1;2;"S-3";2;"S-1"
-21.7374125258441;2.03443755338905;-68.4672456008716;11.4886360316929;"T4";3.52163264760748;1;1;2;"S-3";2;"S-1"
-22.1840692649079;1.64958826484078;-71.3493166922204;11.7583734557219;"T4";3.6542183952406;1;1;2;"S-3";2;"S-1"
-22.1635795837585;1.64335401308101;-71.4764788632026;11.767829125125;"T4";3.65995053434744;1;1;2;"S-3";2;"S-1"
-22.1681246222938;1.22082350526461;-72.849534684184;11.8696365423369;"T4";3.72190152993426;1;1;2;"S-3";2;"S-1"
-21.3788288872382;1.60768798725579;-76.1022370217797;12.0487665110206;"T4";3.86863033054397;1;1;2;"S-3";2;"S-1"
-21.5420880420477;1.58915725612336;-76.2198336712326;12.0576097793616;"T4";3.87413094285876;1;1;2;"S-3";2;"S-1"
-21.698793560287;1.51565159969114;-76.8877189711871;12.1068795979887;"T4";3.90513468300924;1;1;2;"S-3";2;"S-1"
-21.2816506907641;1.79280123574828;-79.7554740780835;12.3071910855013;"T4";4.03729664394632;1;1;2;"S-3";2;"S-1"
-21.1110672452246;2.18384094406109;-83.7490386940818;12.6436155331458;"T4";4.22494959784672;1;1;2;"S-3";2;"S-1"
-20.8608474628013;2.50662047347866;-84.508116858757;12.7221386109468;"T4";4.26090600667521;1;1;2;"S-3";2;"S-1"
-20.8930954455437;2.49522440495321;-84.9381996531169;12.773816968672;"T4";4.28152275271714;1;1;2;"S-3";2;"S-1"
-20.9323779968331;2.5633979002454;-85.2437628926351;12.810309830847;"T4";4.29614783497527;1;1;2;"S-3";2;"S-1"
-21.2924996108632;2.51384382672854;-86.1244142352723;12.918155189024;"T4";4.33821908663958;1;1;2;"S-3";2;"S-1"
-21.3960154715685;2.45515386856924;-86.8254053456774;13.000915889162;"T4";4.37114106025547;1;1;2;"S-3";2;"S-1"
-21.4498587237562;2.3801734963573;-87.524326333235;13.0811158015572;"T4";4.40380700165406;1;1;2;"S-3";2;"S-1"
-21.1996832703857;2.4422918492666;-88.7151057042016;13.2132500750405;"T4";4.45932155707851;1;1;2;"S-3";2;"S-1"
-22.1120167313175;2.49360523521766;-95.3447857980553;13.9770168469282;"T4";4.77204698836431;1;1;2;"S-3";2;"S-1"
-22.3669403912702;2.07310967883332;-97.2362716362333;14.1903225370302;"T4";4.85758807044476;1;1;2;"S-3";2;"S-1"
-22.2015984877353;1.95919883372074;-98.2823991100793;14.2872842561293;"T4";4.90435921819881;1;1;2;"S-3";2;"S-1"
-22.0261880917966;1.9340867019754;-98.6749498801325;14.3219252308;"T4";4.92204041220248;1;1;2;"S-3";2;"S-1"
-21.7040064015368;1.98519185054015;-100.689264478078;14.4987991892556;"T4";5.01349130645394;1;1;2;"S-3";2;"S-1"
-21.5924731474205;1.97410304716098;-100.942588798271;14.5219699056056;"T4";5.02516308333725;1;1;2;"S-3";2;"S-1"
-21.5591095430873;1.97782001263602;-102.497387655357;14.6641181968431;"T4";5.09716960368678;1;1;2;"S-3";2;"S-1"
-21.0568074976175;2.03886709170763;-106.933789994231;15.0711111346726;"T4";5.30294815544039;1;1;2;"S-3";2;"S-1"
-20.8452832352187;2.02414884921211;-107.246202592246;15.1013611032492;"T4";5.31778481090441;1;1;2;"S-3";2;"S-1"
-22.1446531005017;2.65898067305391;-112.936312752544;15.6538904118172;"T4";5.59075352502987;1;1;2;"S-3";2;"S-1"
-22.5131874708834;2.26843436111419;-113.923188869703;15.7723878436945;"T4";5.63531850930303;1;1;2;"S-3";2;"S-1"
-22.3808827428693;2.14137039817843;-115.103718122347;15.8913382643963;"T4";5.68775574211031;1;1;2;"S-3";2;"S-1"
-22.2636591427957;2.19294833262733;-116.263947749499;16.0023473522511;"T4";5.73959595058113;1;1;2;"S-3";2;"S-1"
-22.1469938899979;2.07105255498442;-119.318654418194;16.3032329278349;"T4";5.8768019080162;1;1;2;"S-3";2;"S-1"
-22.0120772948458;2.07854968487365;-119.867277534283;16.3545368344482;"T4";5.90157380793244;1;1;2;"S-3";2;"S-1"
-22.19262950238;1.81332980380392;-120.360829478196;16.4011418060621;"T4";5.92399567831308;1;1;2;"S-3";2;"S-1"
-21.6067507096165;2.23483282638459;-122.477621226757;16.5741020028563;"T4";6.01937832543626;1;1;2;"S-3";2;"S-1"
-20.9988102643144;2.97287055308206;-130.94460739312;17.4498606432664;"T4";6.41124595422298;1;1;2;"S-3";2;"S-1"
-21.0169851265636;2.49427939527828;-133.177793355389;17.766020116266;"T4";6.51759416796267;1;1;2;"S-3";2;"S-1"
-21.0943165572105;2.43720635031758;-133.589617341712;17.8148950656167;"T4";6.537188985385;1;1;2;"S-3";2;"S-1"
-20.9592389700757;2.40907374665526;-135.934458060408;18.0858145180005;"T4";6.64834881899878;1;1;2;"S-3";2;"S-1"
-21.1323787865833;2.29215843659447;-136.415154180548;18.1410661616696;"T4";6.67128362692893;1;1;2;"S-3";2;"S-1"
-21.1252494695374;2.21927169447814;-136.515948030461;18.1519989334019;"T4";6.67605326743796;1;1;2;"S-3";2;"S-1"
-21.4520557804946;2.10750727499341;-137.306927414646;18.2350937229222;"T4";6.71349563635886;1;1;2;"S-3";2;"S-1"
-21.3905671568895;2.19452030969723;-138.880967135993;18.3897315906311;"T4";6.78687040926889;1;1;2;"S-3";2;"S-1"
-21.3476087677069;2.32777367267731;-148.579875250718;19.3847706975207;"T4";7.24029027624056;1;1;2;"S-3";2;"S-1"
-21.3706346452396;2.45630284896033;-150.328660570834;19.5754607402148;"T4";7.32220977079123;1;1;2;"S-3";2;"S-1"
-21.4630430789894;2.57354004569969;-151.264340008308;19.6830060754906;"T4";7.36599318915978;1;1;2;"S-3";2;"S-1"
-21.2504761602769;2.77825407689381;-153.439786655227;19.943854411047;"T4";7.46735098073259;1;1;2;"S-3";2;"S-1"
-21.282488307007;2.70140664782771;-153.850904861909;19.9976033635497;"T4";7.48669728636742;1;1;2;"S-3";2;"S-1"
-21.2833770453561;2.68123159327639;-153.920945593506;20.0064937007709;"T4";7.4899882893078;1;1;2;"S-3";2;"S-1"
-21.2446305649737;2.65414566738647;-154.362476204972;20.0621167263058;"T4";7.51073361607268;1;1;2;"S-3";2;"S-1"
-21.3000695972933;2.67324395605937;-154.442798585071;20.0721516053064;"T4";7.51451444812119;1;1;2;"S-3";2;"S-1"
-21.2724943694785;2.70234045484936;-154.487877711239;20.0778092160022;"T4";7.51663083210588;1;1;2;"S-3";2;"S-1"
-21.1659282776564;2.65922534255162;-155.405433252978;20.1943704154998;"T4";7.55976425716653;1;1;2;"S-3";2;"S-1"
-21.1958424421964;2.33703127927081;-160.33615263853;20.8138515823575;"T4";7.79271975625306;1;1;2;"S-3";2;"S-1"
-21.3071789488875;2.2560870146209;-160.48796957121;20.8305907575691;"T4";7.79988233698532;1;1;2;"S-3";2;"S-1"
-21.0460333455114;2.28079590067673;-161.362662716359;20.923206671261;"T4";7.84093390684575;1;1;2;"S-3";2;"S-1"
-21.0641927509432;2.29954160409963;-161.449291446304;20.9325947801219;"T4";7.84505006158724;1;1;2;"S-3";2;"S-1"
-20.9365503389825;2.22119833605222;-162.203801372318;21.0149633278318;"T4";7.8808696125634;1;1;2;"S-3";2;"S-1"
-20.8616848277389;2.30808311284425;-162.518773575177;21.0483793262444;"T4";7.89591374341398;1;1;2;"S-3";2;"S-1"
-20.6202561597065;2.6863750531103;-164.098062742617;21.2231078147517;"T4";7.97161660157144;1;1;2;"S-3";2;"S-1"
-20.647114625807;2.73575426315201;-164.339437281499;21.2545537160385;"T4";7.98332230187953;1;1;2;"S-3";2;"S-1"
-20.4445410161598;2.79726522814462;-164.774492365081;21.3121987585147;"T4";8.00439328886569;1;1;2;"S-3";2;"S-1"
-20.4306859583825;2.80796453534527;-164.812732040089;21.3174307915133;"T4";8.00626369891688;1;1;2;"S-3";2;"S-1"
-20.7227182462965;2.66636576134169;-166.047849190853;21.487183543007;"T4";8.06671772152185;1;1;2;"S-3";2;"S-1"
-20.9456799975521;2.822310583452;-168.919021276923;21.8566135981875;"T4";8.20526962634176;1;1;2;"S-3";2;"S-1"
-20.9939549215104;2.53603796400907;-173.560772195088;22.4820629864918;"T4";8.42687861295417;1;1;2;"S-3";2;"S-1"
-21.2558047182533;2.47283101750399;-174.297638495261;22.5710753197383;"T4";8.46197758801281;1;1;2;"S-3";2;"S-1"
-21.3071846980169;2.49328351017197;-175.712594988076;22.7356867447223;"T4";8.52854559198022;1;1;2;"S-3";2;"S-1"
-21.4336417059887;2.38253726161234;-176.01335377124;22.7708803625198;"T4";8.54266096139327;1;1;2;"S-3";2;"S-1"
-21.5717648870515;2.48002633486867;-176.548462060219;22.8303623420629;"T4";8.56762677431107;1;1;2;"S-3";2;"S-1"
-21.5517288846805;2.53721399047736;-177.112648870707;22.8952248211007;"T4";8.59378072200343;1;1;2;"S-3";2;"S-1"
-21.8495216551822;2.31076456105307;-179.333241767124;23.1566479020095;"T4";8.69681620970368;1;1;2;"S-3";2;"S-1"
-21.6211506015103;2.05952056463454;-179.904016919641;23.2170120150359;"T4";8.72293921420351;1;1;2;"S-3";2;"S-1"
-21.2907349098696;1.96629893745226;-184.223876668875;23.6284998286984;"T4";8.92273708013818;1;1;2;"S-3";2;"S-1"
-21.3911777535052;2.09805801442071;-185.66060226316;23.7611881563401;"T4";8.99021833902225;1;1;2;"S-3";2;"S-1"
-21.2968248465909;2.13573795702278;-187.899754665232;23.9808054068165;"T4";9.09489478217438;1;1;2;"S-3";2;"S-1"
-21.6857611533339;1.96058616641965;-189.024449788928;24.0935947114691;"T4";9.14770524250343;1;1;2;"S-3";2;"S-1"
-21.8243365925441;1.77795092795342;-190.194075299926;24.1993392864712;"T4";9.20164042618126;1;1;2;"S-3";2;"S-1"
-21.3278141489041;2.08158906084048;-191.420283336826;24.2992340854643;"T4";9.25782577833161;1;1;2;"S-3";2;"S-1"
-21.3589962894859;2.11086506765533;-191.978479685312;24.3537139025096;"T4";9.2839980032295;1;1;2;"S-3";2;"S-1"
-21.2873927369489;2.39156189519591;-193.518093115363;24.5058706875542;"T4";9.35608067084104;1;1;2;"S-3";2;"S-1"
-21.4279294133505;2.38144874203774;-194.043445682408;24.564892156102;"T4";9.38075971789658;1;1;2;"S-3";2;"S-1"
-21.7000551774489;2.17719873645068;-194.873470456691;24.6571391211001;"T4";9.41949536791071;1;1;2;"S-3";2;"S-1"
-21.6269968325091;2.24590984622562;-195.28252845323;24.6981805168901;"T4";9.43834591889754;1;1;2;"S-3";2;"S-1"
-21.5642002270463;2.40704532217188;-197.555910714265;24.9342656120068;"T4";9.54346371581778;1;1;2;"S-3";2;"S-1"
-21.5870293944091;2.64748955439012;-199.372798540761;25.1370707843587;"T4";9.6277185366489;1;1;2;"S-3";2;"S-1"
-21.0285053864334;2.8286401606402;-200.770692979884;25.3085122021704;"T4";9.69247475732118;1;1;2;"S-3";2;"S-1"
-21.1343066079643;2.83017901015902;-201.066741583259;25.3483350499487;"T4";9.70655319979414;1;1;2;"S-3";2;"S-1"
-21.2519801956544;2.72105671818671;-201.862113772529;25.4548465015468;"T4";9.74418737459928;1;1;2;"S-3";2;"S-1"
-21.4282021080873;2.72423470995507;-202.111438756656;25.4867695231582;"T4";9.75591922178864;1;1;2;"S-3";2;"S-1"
-21.5679353103998;2.31877207524241;-203.20124150999;25.6253195738186;"T4";9.80677756015211;1;1;2;"S-3";2;"S-1"
-21.4038394847673;2.48973558816795;-210.773588590248;26.4394237845856;"T4";10.157870373223;1;1;2;"S-3";2;"S-1"
-21.6480349276148;2.44418508083349;-212.994355757861;26.6977476733522;"T4";10.2616259246133;1;1;2;"S-3";2;"S-1"
-21.7740974366955;2.19747304542972;-214.231199315813;26.8373942778491;"T4";10.3187601431273;1;1;2;"S-3";2;"S-1"
-21.710690074573;2.17174766875292;-215.861441699539;27.0019206700988;"T4";10.3936308645643;1;1;2;"S-3";2;"S-1"
-21.5297395813881;1.78192962111659;-217.524818758908;27.1683103720628;"T4";10.470246442128;1;1;2;"S-3";2;"S-1"
-20.8555475727912;2.40004202730751;-220.427347763286;27.4085409791029;"T4";10.6050613103434;1;1;2;"S-3";2;"S-1"
-21.1584765554975;2.51195865420933;-223.117736071062;27.7181490095755;"T4";10.7340623973869;1;1;2;"S-3";2;"S-1"
-21.1445804865452;2.61391198039807;-223.312803438689;27.741307631652;"T4";10.7432817458175;1;1;2;"S-3";2;"S-1"
-21.2832596185622;2.64349676947871;-224.19306862705;27.8501268027512;"T4";10.7849125168286;1;1;2;"S-3";2;"S-1"
-21.3546064706288;2.30234681496658;-225.083580617469;27.9607332423683;"T4";10.8267534757033;1;1;2;"S-3";2;"S-1"
-21.325185278139;2.47207121605025;-225.992873894098;28.0587686935107;"T4";10.8693341375329;1;1;2;"S-3";2;"S-1"
-21.1897606007998;2.41811234259487;-226.163753482849;28.0785775020744;"T4";10.8773471787572;1;1;2;"S-3";2;"S-1"
-21.2238315675365;2.34309995552686;-226.548613775169;28.1224966119014;"T4";10.8955097384751;1;1;2;"S-3";2;"S-1"
-21.2132122353596;2.40741028699483;-226.891747928596;28.1603784437976;"T4";10.9116771374829;1;1;2;"S-3";2;"S-1"
-20.7371293388641;2.62369317243207;-227.555196316518;28.2356707878449;"T4";10.942952381447;1;1;2;"S-3";2;"S-1"
-20.7050144094848;2.54368352504437;-228.736197619761;28.3850928705892;"T4";10.9999034320936;1;1;2;"S-3";2;"S-1"
-20.9057446469548;2.67812391680641;-233.113367410105;28.9228435073104;"T4";11.2113096984103;1;1;2;"S-3";2;"S-1"
-21.2044997126588;2.60112045475218;-233.504362084396;28.9729317584703;"T4";11.230012436863;1;1;2;"S-3";2;"S-1"
-21.1092115940863;2.62071119704161;-234.280992797441;29.0681997469098;"T4";11.2666381872259;1;1;2;"S-3";2;"S-1"
-21.3482408956759;2.79808414048513;-236.125054483583;29.2971402304218;"T4";11.3539963378571;1;1;2;"S-3";2;"S-1"
-21.3257528238712;2.71891063866067;-238.40414392811;29.5958573032074;"T4";11.4607540541328;1;1;2;"S-3";2;"S-1"
-21.3605582879474;2.70707841802811;-238.455560982769;29.60241268149;"T4";11.4631650852971;1;1;2;"S-3";2;"S-1"
-21.4187618980597;2.62420333197575;-238.672163417801;29.6298632644412;"T4";11.4733053836972;1;1;2;"S-3";2;"S-1"
-21.5125246139154;2.54478349783082;-242.865489737948;30.1436250287189;"T4";11.6690835682675;1;1;2;"S-3";2;"S-1"
-21.5933700358286;2.52255489385389;-243.489557552275;30.2174479529887;"T4";11.6980930790305;1;1;2;"S-3";2;"S-1"
-21.7600519830195;2.62117319346997;-246.674123246497;30.5894714844445;"T4";11.8455719435588;1;1;2;"S-3";2;"S-1"
-21.9974357609786;2.22074214988492;-251.008214475213;31.1115476153117;"T4";12.0447484543547;1;1;2;"S-3";2;"S-1"
-22.2403905266708;2.21943338041992;-252.324029411494;31.2443851752073;"T4";12.1045651962049;1;1;2;"S-3";2;"S-1"
-22.087418256268;2.20166363598658;-253.25637517121;31.3374266754779;"T4";12.1464864816517;1;1;2;"S-3";2;"S-1"
-22.200285143233;1.97698200957657;-258.831089140317;31.8931115855205;"T4";12.3988796724007;1;1;2;"S-3";2;"S-1"
-21.9400564255921;2.16946848324185;-259.179927022056;31.9241763314014;"T4";12.4145928886719;1;1;2;"S-3";2;"S-1"
-21.8635517045046;2.10627684596572;-259.693672807688;31.9749763507225;"T4";12.438008771278;1;1;2;"S-3";2;"S-1"
-21.908263899968;2.37394537200085;-262.033078945255;32.2003485613983;"T4";12.5450090505183;1;1;2;"S-3";2;"S-1"
-21.7385289423078;2.28730013032131;-262.822725610403;32.285913444805;"T4";12.581052375026;1;1;2;"S-3";2;"S-1"
-21.7660499358843;2.54905245932299;-264.22948258827;32.4339306095057;"T4";12.6457649865188;1;1;2;"S-3";2;"S-1"
-21.8057700942317;2.56633533387839;-265.123779359675;32.5386629514433;"T4";12.6868517603725;1;1;2;"S-3";2;"S-1"
-21.7925989633583;2.55623292584492;-265.199273592163;32.5475479170051;"T4";12.6903138821945;1;1;2;"S-3";2;"S-1"
-21.6419429169762;2.5469228337626;-267.013687950736;32.760375479808;"T4";12.7735721645877;1;1;2;"S-3";2;"S-1"
-21.9299061704303;2.58456451458573;-268.839624263981;32.9752600170716;"T4";12.8579424228519;1;1;2;"S-3";2;"S-1"
-21.9537039933288;2.68042281118933;-269.170450522983;33.0142497784898;"T4";12.8730280441232;1;1;2;"S-3";2;"S-1"
-22.0215350980994;2.68863665576007;-271.597389897318;33.3105653187886;"T4";12.9835761035793;1;1;2;"S-3";2;"S-1"
-21.8706206868986;2.44966783687673;-273.109041869177;33.4951247913315;"T4";13.0522203631699;1;1;2;"S-3";2;"S-1"
-21.8159856495594;2.52388459522666;-273.176274298581;33.5026553101158;"T4";13.0552944610827;1;1;2;"S-3";2;"S-1"
-21.7331907777811;2.46695464518791;-273.327061749046;33.5200998633666;"T4";13.0622062482871;1;1;2;"S-3";2;"S-1"
-21.4066356214322;1.92578213207834;-277.024739562907;33.9398267020339;"T4";13.2323459140025;1;1;2;"S-3";2;"S-1"
-21.0192143735621;2.10019771672192;-279.101620685868;34.12666692428;"T4";13.3293663500808;1;1;2;"S-3";2;"S-1"
-21.2181445125695;2.13786400014076;-280.640081798979;34.2803868711627;"T4";13.4025594335981;1;1;2;"S-3";2;"S-1"
-21.0948428696989;2.09180165677787;-280.869006325565;34.3034524838909;"T4";13.4133485262282;1;1;2;"S-3";2;"S-1"
-21.1387348993321;2.129461304924;-281.340349498271;34.3501917004695;"T4";13.4356925264001;1;1;2;"S-3";2;"S-1"
-21.0982522863503;2.12546368573676;-282.924053182168;34.5097299003374;"T4";13.5106120374985;1;1;2;"S-3";2;"S-1"
-21.1299423596218;2.11054761754347;-283.142973655199;34.5317842159829;"T4";13.5209882748313;1;1;2;"S-3";2;"S-1"
-21.3873377374799;2.18878124619523;-284.883872284898;34.7056725017511;"T4";13.6033784016035;1;1;2;"S-3";2;"S-1"
-21.5005642726325;2.18207888378637;-285.336929262207;34.752038376156;"T4";13.6245618225075;1;1;2;"S-3";2;"S-1"
-21.810444733293;1.94599577750254;-290.441703436606;35.2701187293601;"T4";13.8619869481772;1;1;2;"S-3";2;"S-1"
-21.5570911150237;2.08629241786829;-294.629886865836;35.643801493208;"T4";14.0540134510957;1;1;2;"S-3";2;"S-1"
-20.7687327072407;1.72713601005483;-301.796535394783;36.3373887869523;"T4";14.3864631536417;1;1;2;"S-3";2;"S-1"
-21.7795359836994;2.15551890005919;-306.456825468395;36.7249403490479;"T4";14.6108528715558;1;1;2;"S-3";2;"S-1"
-21.7402303112831;2.31276052059212;-307.44659628459;36.8228978860052;"T4";14.6562978625298;1;1;2;"S-3";2;"S-1"
-21.6304791827827;2.28853119245636;-307.716695773728;36.8516315022625;"T4";14.6687218104489;1;1;2;"S-3";2;"S-1"
-21.5539003897611;2.16031494081154;-307.980311125178;36.8795223293452;"T4";14.6809090278111;1;1;2;"S-3";2;"S-1"
-21.6195159230174;2.20655897687147;-308.781583849785;36.9598326865117;"T4";14.7180843283422;1;1;2;"S-3";2;"S-1"
-21.5491415810267;2.04165228700364;-312.841669501415;37.3742183958575;"T4";14.905881579034;1;1;2;"S-3";2;"S-1"
-21.1371728841951;2.10373749433585;-314.354481433961;37.5175482788728;"T4";14.976084465161;1;1;2;"S-3";2;"S-1"
-21.3380640088904;2.37147824632212;-316.055982918394;37.6868950732185;"T4";15.0565825286321;1;1;2;"S-3";2;"S-1"
-21.3364653756878;2.12607054833104;-321.873761440216;38.3334736569491;"T4";15.3292304370552;1;1;2;"S-3";2;"S-1"
-21.3200395940193;2.11270074913716;-322.782934775309;38.4240681681314;"T4";15.3718416811898;1;1;2;"S-3";2;"S-1"
-21.339793605538;1.89448398167894;-325.111309064707;38.6547974819204;"T4";15.481052279938;1;1;2;"S-3";2;"S-1"
-21.3515383611758;1.98870206413581;-325.660315581567;38.7035366624043;"T4";15.5067791696638;1;1;2;"S-3";2;"S-1"
-21.5038590092643;1.92339009728048;-325.74167699613;38.7111147399341;"T4";15.5105897341855;1;1;2;"S-3";2;"S-1"
-20.8443221174753;2.15526127098581;-327.06774070852;38.829723116769;"T4";15.5722560477443;1;1;2;"S-3";2;"S-1"
-21.0096161404605;2.59394081721243;-331.277279002899;39.2649809679706;"T4";15.7742073643021;1;1;2;"S-3";2;"S-1"
-21.4218134728754;2.38590205238199;-334.527433157339;39.6662594809654;"T4";15.9289057715796;1;1;2;"S-3";2;"S-1"
-21.2955454247837;2.42874966791748;-336.129060579002;39.8446442921923;"T4";16.0036719636992;1;1;2;"S-3";2;"S-1"
-21.4641561065305;2.31908487477341;-336.886046874233;39.9309783201069;"T4";16.039218660444;1;1;2;"S-3";2;"S-1"
-21.5017782961854;2.25440122198455;-338.134643583599;40.0658823773179;"T4";16.0973899066448;1;1;2;"S-3";2;"S-1"
-21.4434075927945;2.258409065898;-338.449521376762;40.0988964318721;"T4";16.112034174148;1;1;2;"S-3";2;"S-1"
-21.6326777077292;2.48088443078444;-339.209002979911;40.1788846581142;"T4";16.1474521271884;1;1;2;"S-3";2;"S-1"
-21.638450704862;2.4445956004034;-339.314101070329;40.1909375449434;"T4";16.1523104296066;1;1;2;"S-3";2;"S-1"
-21.5043398682782;2.15643147862879;-340.326952516236;40.3053640453568;"T4";16.1991183762439;1;1;2;"S-3";2;"S-1"
-21.4481807410615;2.32535593592568;-342.58144962693;40.5314425284797;"T4";16.3039575447328;1;1;2;"S-3";2;"S-1"
-21.926158675263;1.99943634524728;-345.306737646614;40.8269111628682;"T4";16.4310213760473;1;1;2;"S-3";2;"S-1"
-21.8849787111116;2.01565696803802;-345.815793925118;40.8733317712426;"T4";16.4542382233776;1;1;2;"S-3";2;"S-1"
-21.9795793558159;2.22054147805938;-348.524664606268;41.1228250029267;"T4";16.5780158480629;1;1;2;"S-3";2;"S-1"
-21.8827201544128;2.28859829786936;-349.497217991024;41.2210796189735;"T4";16.6222638916224;1;1;2;"S-3";2;"S-1"
-21.3311165222063;2.37360006112662;-351.066319306046;41.3851836505292;"T4";16.693968931213;1;1;2;"S-3";2;"S-1"
-20.6088533728468;2.3924895392889;-355.409435493067;41.8684598464218;"T4";16.8975736596622;1;1;2;"S-3";2;"S-1"
-20.7752780595319;2.60334227632795;-355.677345189474;41.8995615838417;"T4";16.9105733977631;1;1;2;"S-3";2;"S-1"
-20.667689565006;2.52229355476244;-356.15329592266;41.9592027911268;"T4";16.9334828737192;1;1;2;"S-3";2;"S-1"
-21.0435821879735;2.70687766451751;-359.382051994241;42.3532415444007;"T4";17.0897052739747;1;1;2;"S-3";2;"S-1"
-21.0066169129596;2.71905537483805;-360.248224191439;42.4646589900275;"T4";17.1308661461808;1;1;2;"S-3";2;"S-1"
-21.0991753838351;2.70454658357392;-360.524005755683;42.5003556158881;"T4";17.1439944650047;1;1;2;"S-3";2;"S-1"
-20.976401896203;2.60691961767643;-362.371918765969;42.7372258597622;"T4";17.2315767034888;1;1;2;"S-3";2;"S-1"
-21.1961996886157;2.65893653590156;-363.799865353752;42.9146891821712;"T4";17.2996506560594;1;1;2;"S-3";2;"S-1"
-21.2579479082148;2.73373237758866;-364.207815849166;42.9658641330129;"T4";17.318897054065;1;1;2;"S-3";2;"S-1"
-21.6469870410789;2.48138386976911;-370.273038669861;43.7458404540489;"T4";17.6042125909589;1;1;2;"S-3";2;"S-1"
-21.8676084186563;2.32950744433366;-371.735259174084;43.9134540977554;"T4";17.6717610447668;1;1;2;"S-3";2;"S-1"
-21.6653822806899;2.34238017067279;-372.455100501717;43.990137185332;"T4";17.7046791999601;1;1;2;"S-3";2;"S-1"
-21.5663179717135;2.1643933468446;-373.945054310431;44.1512254233116;"T4";17.7734503755346;1;1;2;"S-3";2;"S-1"
-21.9130366544252;2.17596191159444;-376.696974846341;44.4274078716452;"T4";17.9010530817322;1;1;2;"S-3";2;"S-1"
-21.3275100778609;2.2594125409359;-378.507204690489;44.6071634780551;"T4";17.983662802726;1;1;2;"S-3";2;"S-1"
-21.9000661932513;2.34161315135683;-381.304535012185;44.9035095206502;"T4";18.1148234638385;1;1;2;"S-3";2;"S-1"
-21.8404231150916;2.30840104098711;-381.628126633484;44.9381087948905;"T4";18.1295992922969;1;1;2;"S-3";2;"S-1"
-22.0117000367344;2.01788541396866;-382.874846719157;45.0698795911073;"T4";18.1866824394092;1;1;2;"S-3";2;"S-1"
-22.2145435265867;1.59902451608138;-383.689673271881;45.1445774387479;"T4";18.2237003231421;1;1;2;"S-3";2;"S-1"
-22.2032575754339;1.59844798056576;-383.890760902774;45.1590519226055;"T4";18.2327523943968;1;1;2;"S-3";2;"S-1"
-21.9141022944821;1.92472468904222;-385.667768858676;45.2869815639616;"T4";18.3127860538661;1;1;2;"S-3";2;"S-1"
-21.8626262975032;2.2108363943326;-387.745389540937;45.4694598497647;"T4";18.4075935278088;1;1;2;"S-3";2;"S-1"
-21.689335553406;2.14229873332206;-388.044755311608;45.4997329163218;"T4";18.4212865657173;1;1;2;"S-3";2;"S-1"
-21.6820329465508;2.17416348798831;-388.387290349603;45.5335657820731;"T4";18.437079351861;1;1;2;"S-3";2;"S-1"
-21.0293301098626;2.276046175857;-390.734574568011;45.7689394509618;"T4";18.5453387675807;1;1;2;"S-3";2;"S-1"
-20.8174689926464;2.24349670981408;-391.145133379362;45.8133750467539;"T4";18.5648619197309;1;1;2;"S-3";2;"S-1"
-20.7309766586131;2.24948521618402;-391.629558602064;45.8655815082439;"T4";18.588132050354;1;1;2;"S-3";2;"S-1"
-20.6593150387705;2.38610995383398;-392.286349904323;45.936848885024;"T4";18.619813688565;1;1;2;"S-3";2;"S-1"
-20.5409095633269;2.84827002101902;-393.316087271948;46.055781510724;"T4";18.6696574208327;1;1;2;"S-3";2;"S-1"
-20.614709330259;2.88816950723823;-394.624574456723;46.2372206436792;"T4";18.7333589419723;1;1;2;"S-3";2;"S-1"
-20.6480043851355;2.89792420607455;-396.229770580161;46.4621124150149;"T4";18.8112254836597;1;1;2;"S-3";2;"S-1"
-21.1114390991708;2.65645675058989;-397.866923892754;46.6918850421959;"T4";18.8905141782016;1;1;2;"S-3";2;"S-1"
-21.2326191384993;2.70418708467299;-398.28667828749;46.7447028245482;"T4";18.9103969722055;1;1;2;"S-3";2;"S-1"
-21.0555827520613;2.45528922726523;-400.520744273331;47.0292335433358;"T4";19.0156155498698;1;1;2;"S-3";2;"S-1"
-21.1619363514458;2.41367931009637;-400.733536456277;47.0540472167728;"T4";19.0257217618637;1;1;2;"S-3";2;"S-1"
-20.8500733540493;2.29700530424191;-401.792206967227;47.1747966163575;"T4";19.0757488715462;1;1;2;"S-3";2;"S-1"
-20.7636138132362;2.31990614830047;-403.679188411909;47.382681083421;"T4";19.1662512603216;1;1;2;"S-3";2;"S-1"
-20.8427101324084;2.46041899731686;-405.322744173749;47.5663145853375;"T4";19.245406833943;1;1;2;"S-3";2;"S-1"
-21.3394292730264;2.77428881143095;-408.208034396557;47.9069143841099;"T4";19.3838384584524;1;1;2;"S-3";2;"S-1"
-21.0350360585615;2.82148389799616;-417.60678034732;49.1288231521032;"T4";19.8242788203061;1;1;2;"S-3";2;"S-1"
-21.3679504545383;2.93618916894269;-421.062826845613;49.5923916251266;"T4";19.9885783484206;1;1;2;"S-3";2;"S-1"
-21.4656187531197;2.59519213437448;-424.521743770559;50.0676844910899;"T4";20.1504524098709;1;1;2;"S-3";2;"S-1"
-21.4453515297976;2.53441065935892;-427.218240345914;50.3936907797143;"T4";20.2760717365891;1;1;2;"S-3";2;"S-1"
-21.3296998812357;2.54812888244783;-428.77075081835;50.5771663960799;"T4";20.3484655357897;1;1;2;"S-3";2;"S-1"
-21.4574578532321;2.327051303638;-430.646387168994;50.8012372074208;"T4";20.4364009667188;1;1;2;"S-3";2;"S-1"
-21.634144705066;2.08520146875414;-432.706560112686;51.024662002992;"T4";20.5324129434302;1;1;2;"S-3";2;"S-1"
-21.810887471459;1.84894117841714;-433.949815875354;51.144492889662;"T4";20.5898802378215;1;1;2;"S-3";2;"S-1"
-21.5920245614585;1.84920375242799;-436.971745977764;51.4006663723758;"T4";20.7284316886216;1;1;2;"S-3";2;"S-1"
-21.3035571160464;1.87696060680069;-437.54335154732;51.4496203350356;"T4";20.754904684145;1;1;2;"S-3";2;"S-1"
-20.6698673884487;2.69252558079552;-442.410907182254;51.8784787706675;"T4";20.9833902656101;1;1;2;"S-3";2;"S-1"
-21.0369836897037;2.99201994030329;-446.249491042582;52.3785054541352;"T4";21.1690994328819;1;1;2;"S-3";2;"S-1"
-20.9315054965212;2.77254413451173;-448.27281611144;52.6662762220852;"T4";21.2652788613923;1;1;2;"S-3";2;"S-1"
-20.7070064588477;3.29850444323901;-450.173797994383;52.918076369487;"T4";21.3560980278999;1;1;2;"S-3";2;"S-1"
-20.9945847295854;3.1679823847718;-452.374844912954;53.2686902090641;"T4";21.4623928186484;1;1;2;"S-3";2;"S-1"
-20.9161872430709;3.19223930115329;-452.41902650766;53.2753570003135;"T4";21.4644972467795;1;1;2;"S-3";2;"S-1"
-20.9796598016366;3.07261318599444;-453.29941233349;53.4097219398091;"T4";21.5065883705392;1;1;2;"S-3";2;"S-1"
-20.8360402104163;3.28596033223594;-454.232477229904;53.5463756096596;"T4";21.5510631096549;1;1;2;"S-3";2;"S-1"
-21.4287445063262;3.27418570407715;-456.927986661533;53.9714725560109;"T4";21.6804307536222;1;1;2;"S-3";2;"S-1"
-21.4688518510332;3.28657240816152;-457.191075772273;54.011671019576;"T4";21.6927081462927;1;1;2;"S-3";2;"S-1"
-22.1640144223808;2.73744775794584;-461.372697108997;54.6518170973457;"T4";21.8874843441881;1;1;2;"S-3";2;"S-1"
-21.9340881511729;2.30050033095428;-464.319825715955;55.0158130072811;"T4";22.020453424193;1;1;2;"S-3";2;"S-1"
-22.0807327606216;2.04403006169137;-465.711674219178;55.1617934519768;"T4";22.0839093788527;1;1;2;"S-3";2;"S-1"
-21.6513714498793;2.40240942115036;-467.6932088673;55.3452256067406;"T4";22.1736498177052;1;1;2;"S-3";2;"S-1"
-21.7546987476801;2.41862055850173;-469.007421581792;55.491049025548;"T4";22.2343486384489;1;1;2;"S-3";2;"S-1"
-21.7820890528504;2.521183389326;-470.764958074826;55.6864465322509;"T4";22.3151374608278;1;1;2;"S-3";2;"S-1"
-22.7675143144705;1.88308296421839;-475.194076586883;56.199098004516;"T4";22.5184750976041;1;1;2;"S-3";2;"S-1"
-22.6351681735202;1.82639839078869;-477.215412042602;56.3662810491409;"T4";22.6072566583753;1;1;2;"S-3";2;"S-1"
-22.4537459155609;1.98330327133247;-478.607570071207;56.4786122305873;"T4";22.6687608635984;1;1;2;"S-3";2;"S-1"
-21.9365412179046;1.59909164859918;-482.938420394181;56.8611492756535;"T4";22.8616396081634;1;1;2;"S-3";2;"S-1"
-21.5839055474927;1.70304298736188;-483.626674528325;56.9113204228317;"T4";22.8930143872276;1;1;2;"S-3";2;"S-1"
-22.255613077653;1.50197468440443;-485.430216040917;57.053625934625;"T4";22.9765739408322;1;1;2;"S-3";2;"S-1"
-22.158244314736;1.45774031103582;-487.9875352589;57.2262129000773;"T4";23.0914806481451;1;1;2;"S-3";2;"S-1"
-22.1605183244811;1.40152478309549;-488.454785252007;57.2569522104941;"T4";23.1125676073134;1;1;2;"S-3";2;"S-1"
-21.7985415726745;1.48043902222653;-489.904752557149;57.3486542674171;"T4";23.1779978144914;1;1;2;"S-3";2;"S-1"
-21.7782943599176;1.59100140659541;-490.563289989852;57.3933785674222;"T4";23.208207974676;1;1;2;"S-3";2;"S-1"
-21.3264995807198;1.80679048067182;-491.736891658419;57.4791153966989;"T4";23.2620965689421;1;1;2;"S-3";2;"S-1"
-21.3230382852334;1.81448660673912;-492.287266018424;57.525743355999;"T4";23.2879036339;1;1;2;"S-3";2;"S-1"
-21.365488772019;1.71669496442997;-493.496546678599;57.6286472448503;"T4";23.3446160331368;1;1;2;"S-3";2;"S-1"
-21.3207957189217;1.70649016828041;-496.444323824311;57.8654980951305;"T4";23.4825851279311;1;1;2;"S-3";2;"S-1"
-21.2078518380198;1.66008616887027;-497.705326944347;57.9664272281179;"T4";23.5417294083163;1;1;2;"S-3";2;"S-1"
-20.979907657602;2.35607651610527;-501.003637913823;58.2246089837658;"T4";23.6972525133751;1;1;2;"S-3";2;"S-1"
-20.4953800321391;2.61223521725967;-502.738500692362;58.4194367932057;"T4";23.7799441441894;1;1;2;"S-3";2;"S-1"
-20.3011536876847;2.55942625561577;-504.063920765827;58.5883679859008;"T4";23.8446133560501;1;1;2;"S-3";2;"S-1"
-20.268347871549;2.65214545789239;-504.451394276985;58.6372179130069;"T4";23.8636996364221;1;1;2;"S-3";2;"S-1"
-20.4961585905869;2.40750648223673;-504.80406786703;58.683365811488;"T4";23.881099850405;1;1;2;"S-3";2;"S-1"
-20.6367992766226;2.52921960168354;-506.516398235111;58.8844984502049;"T4";23.964643815998;1;1;2;"S-3";2;"S-1"
-20.0960060351922;2.82255483911776;-512.649823725699;59.6362031970662;"T4";24.2618519929238;1;1;2;"S-3";2;"S-1"
-20.291312917251;2.86373380673582;-513.691848174227;59.7825592015639;"T4";24.3137043085881;1;1;2;"S-3";2;"S-1"
-20.2853043675434;2.8305509484451;-514.086543672511;59.8382629821132;"T4";24.3331557605416;1;1;2;"S-3";2;"S-1"
-20.2652215815081;2.83386339317103;-516.392513159841;60.1600310956788;"T4";24.4468326098286;1;1;2;"S-3";2;"S-1"
-20.3989552483998;2.81885843607929;-516.665682169712;60.1982307104281;"T4";24.4603123050183;1;1;2;"S-3";2;"S-1"
-20.3479547984229;2.84184113799967;-516.869278354392;60.2263649367034;"T4";24.4702930212952;1;1;2;"S-3";2;"S-1"
-20.9716298267418;2.48766462196891;-519.954423931274;60.6572433077219;"T4";24.6219124644995;1;1;2;"S-3";2;"S-1"
-21.4834958180627;2.25460374938395;-523.074483727808;61.0273462724599;"T4";24.7706877300516;1;1;2;"S-3";2;"S-1"
-21.2058773062867;2.57849152450555;-525.695078509166;61.3023668217086;"T4";24.8926694970578;1;1;2;"S-3";2;"S-1"
-21.4058654948426;2.68663825053732;-526.71256646795;61.4260864886725;"T4";24.9406509101391;1;1;2;"S-3";2;"S-1"
-21.5822539229627;2.63073152624241;-530.822178800021;61.9418816425232;"T4";25.1326362485997;1;1;2;"S-3";2;"S-1"
-21.5906026174442;2.61089792356293;-530.943873488952;61.9567154062204;"T4";25.1382748945616;1;1;2;"S-3";2;"S-1"
-21.4558099931029;2.63652606407249;-531.134948760897;61.9798216640496;"T4";25.1471248222515;1;1;2;"S-3";2;"S-1"
-21.1018150680273;2.59284657226864;-531.498189148217;62.0244572545493;"T4";25.1640545204282;1;1;2;"S-3";2;"S-1"
-20.8607997475192;2.74050104625095;-533.955343737755;62.3263755888006;"T4";25.2804973279126;1;1;2;"S-3";2;"S-1"
-21.5255240454671;2.50207294077657;-542.265415147551;63.4180767540772;"T4";25.6788555649109;1;1;2;"S-3";2;"S-1"
-21.7095014432742;2.04253170572877;-545.15573291867;63.7540400444522;"T4";25.8131295442581;1;1;2;"S-3";2;"S-1"
-21.6430579701901;2.34585147875428;-546.938100602565;63.9217335548323;"T4";25.8952303556725;1;1;2;"S-3";2;"S-1"
-21.1857004901506;2.14005081165752;-551.101606107252;64.3730083034571;"T4";26.087601762265;1;1;2;"S-3";2;"S-1"
-21.2864244089264;2.09904103759745;-551.936845760768;64.4573791411958;"T4";26.1270264512859;1;1;2;"S-3";2;"S-1"
-21.2954800285977;2.01435633840067;-552.012377706479;64.4648272992637;"T4";26.1305748135783;1;1;2;"S-3";2;"S-1"
-20.8698279116858;2.40652123587736;-553.365661970294;64.5928355306261;"T4";26.1941227712668;1;1;2;"S-3";2;"S-1"
-20.8083867532309;2.49063963364318;-553.642035261129;64.6247044179134;"T4";26.2073654914275;1;1;2;"S-3";2;"S-1"
-20.7777248066725;2.48276787147871;-554.138599337535;64.6841401725448;"T4";26.2312291422859;1;1;2;"S-3";2;"S-1"
-20.9862911927626;2.4803617546406;-555.577820888013;64.8561153555215;"T4";26.3004966662265;1;1;2;"S-3";2;"S-1"
-21.380910982932;2.68642222177573;-558.180098300723;65.1636775307608;"T4";26.4244955847971;1;1;2;"S-3";2;"S-1"
-21.2069325958382;2.96934854805421;-561.351305064721;65.5621264241429;"T4";26.5728151192889;1;1;2;"S-3";2;"S-1"
-21.1279299665546;2.97119284767613;-563.287184895631;65.8331841048868;"T4";26.6641003545374;1;1;2;"S-3";2;"S-1"
-21.2140970975187;2.92730403169406;-563.598037896755;65.8768989513047;"T4";26.6788132488728;1;1;2;"S-3";2;"S-1"
-21.309572166717;2.7968984299464;-564.636387443472;66.0201793747157;"T4";26.7277594539337;1;1;2;"S-3";2;"S-1"
-21.1948553404239;2.69830683438201;-565.745594595344;66.1657637026076;"T4";26.7798115150072;1;1;2;"S-3";2;"S-1"
-21.3762166476318;2.54683965319257;-566.21272437486;66.225233770054;"T4";26.8018512870185;1;1;2;"S-3";2;"S-1"
-21.4066639709323;2.53078758516253;-566.375256776631;66.2445984673987;"T4";26.8094547092915;1;1;2;"S-3";2;"S-1"
-21.2938456850881;2.69081505465453;-570.404297484178;66.7209289323709;"T4";26.9976690295152;1;1;2;"S-3";2;"S-1"
-21.7523830271806;2.25728672427657;-573.300741398566;67.086940549298;"T4";27.1336916135624;1;1;2;"S-3";2;"S-1"
-21.6144588863401;2.28166777371423;-574.164631080451;67.1765880471249;"T4";27.1734063280746;1;1;2;"S-3";2;"S-1"
-21.5078037243769;2.41162447667976;-575.031427806661;67.2680889339598;"T4";27.2135089617223;1;1;2;"S-3";2;"S-1"
-21.3712903019872;2.56196320481662;-575.585796044431;67.3302490702727;"T4";27.2392841754481;1;1;2;"S-3";2;"S-1"
-21.1964856911607;2.67739758764498;-576.490834536531;67.4387439380574;"T4";27.2816325072199;1;1;2;"S-3";2;"S-1"
-21.2854866260976;2.63609629437365;-577.401924910549;67.5538267496642;"T4";27.324615593534;1;1;2;"S-3";2;"S-1"
-21.38738695808;2.45552079354794;-578.923900582202;67.7423154837321;"T4";27.3961185710505;1;1;2;"S-3";2;"S-1"
-21.4201381167782;2.64635358109438;-579.789353387447;67.8416795324248;"T4";27.4365841411054;1;1;2;"S-3";2;"S-1"
-21.3529232286404;2.57830964247377;-581.358737316081;68.0355692616605;"T4";27.5098508922383;1;1;2;"S-3";2;"S-1"
-20.9171637160321;2.85872441482384;-583.951918451869;68.3486891027001;"T4";27.631294738967;1;1;2;"S-3";2;"S-1"
-21.1217739822655;2.73884060364383;-585.827926186155;68.6050808958327;"T4";27.7209822204895;1;1;2;"S-3";2;"S-1"
-21.3174434090259;2.5161733438131;-587.189881575113;68.7816843725466;"T4";27.7854633284733;1;1;2;"S-3";2;"S-1"
-21.3347313681647;2.55273611847096;-589.272203419117;69.0274681945832;"T4";27.8831449220888;1;1;2;"S-3";2;"S-1"
-21.2624100152968;2.88324260713981;-591.353908866184;69.2765477161879;"T4";27.9807184706442;1;1;2;"S-3";2;"S-1"
-21.4196342516989;2.6196664923944;-593.567996816766;69.5767842702982;"T4";28.0848500318825;1;1;2;"S-3";2;"S-1"
-21.5552705891526;2.55715135712215;-593.739703547811;69.5977843660305;"T4";28.0928663560189;1;1;2;"S-3";2;"S-1"
-21.4961125895074;2.57647094663363;-593.983705046387;69.6267308253497;"T4";28.1041861628182;1;1;2;"S-3";2;"S-1"
-21.3951308837267;2.63814603049567;-594.599389179268;69.7005252044063;"T4";28.1328278128058;1;1;2;"S-3";2;"S-1"
-21.5916083731978;2.21499550144584;-596.428377451341;69.9260502631692;"T4";28.218314005062;1;1;2;"S-3";2;"S-1"
-21.4621619057513;2.27074991083393;-599.199794851048;70.2103587299992;"T4";28.3466702327132;1;1;2;"S-3";2;"S-1"
-21.9907764130732;2.24311972285705;-601.803777807443;70.4858665792091;"T4";28.4679992473684;1;1;2;"S-3";2;"S-1"
-17.433301186194;-2.26874184906241;-604.112590619077;70.7213718409098;"T4";28.572989301756;2;1;1;"S-4-NA";8;"S-2"
-11.7341991376574;-6.47387963667491;-606.909775757743;70.3573506543377;"T4";28.733439987991;2;1;1;"S-4-NA";8;"S-2"
-10.2070432916025;-6.8982967918445;-607.38058546476;70.0976000450931;"T4";28.7735628546216;2;1;7;"S-5-NA";8;"S-2"
-10.2180360964072;-6.97994878711292;-607.40032715376;70.084257882627;"T4";28.7754969787784;2;1;7;"S-5-NA";8;"S-2"
-8.0388560209045;-7.50897842118686;-608.009109651981;69.6683980618178;"T4";28.835076186806;2;1;1;"S-6-NA";8;"S-2"
-7.87732994506893;-7.49765259202116;-608.028996473295;69.6498220714376;"T4";28.8375500240363;2;1;1;"S-6-NA";8;"S-2"
-4.69670043263064;-7.82249891813791;-608.879105686556;68.8406870484341;"T4";28.9454684709199;2;1;1;"S-6-NA";8;"S-2"
-0.298544136419331;-7.48817709804906;-609.983968916439;67.0005033823869;"T4";29.1807109024376;2;1;1;"S-6-NA";8;"S-2"
0.5146012192793;-6.8805367143884;-610.000467213154;66.5866879609767;"T4";29.2359734070487;2;1;1;"S-6-NA";8;"S-2"
0.846192632249128;-6.90780057689199;-609.991894814135;66.472069681866;"T4";29.2526317411102;2;1;1;"S-6-NA";8;"S-2"
2.35142428656151;-5.77020168015399;-609.897593689733;65.7022528142657;"T4";29.3640734162182;2;1;1;"S-6-NA";8;"S-2"
2.62838354134316;-5.53667997187799;-609.83334834718;65.5446000309462;"T4";29.3913953006268;2;1;1;"S-6-NA";8;"S-2"
4.09401979200625;-4.36076054600799;-609.451560705619;64.7403658104472;"T4";29.5366509817541;2;1;1;"S-6-NA";8;"S-2"
4.1227479022406;-4.16696159462281;-609.379824353777;64.6639555660616;"T4";29.5541732106358;2;1;1;"S-6-NA";8;"S-2"
4.18112919547411;-3.72110345971566;-609.134026747962;64.4155219465998;"T4";29.6137930592522;2;1;1;"S-6-NA";8;"S-2"
4.1855054634999;-3.025249495521;-608.692003359743;64.0221318640942;"T4";29.7195117222145;2;1;1;"S-6-NA";8;"S-2"
4.20892643862671;-3.01999572206603;-608.683938574804;64.0163027027701;"T4";29.7214385587722;2;1;1;"S-6-NA";8;"S-2"
4.00212309666073;-2.85435008218134;-608.478955632688;63.8692230098098;"T4";29.7701405128464;2;1;1;"S-6-NA";8;"S-2"
3.98769428125636;-2.84596531477958;-608.430083933051;63.834367275364;"T4";29.7823519562371;2;1;1;"S-6-NA";8;"S-2"
3.8920939155655;-2.01117120312675;-607.991592848994;63.5214219169569;"T4";29.8923130147159;2;1;1;"S-6-NA";8;"S-2"
3.79808753368575;-1.52654971645862;-607.552046999251;63.2942943155591;"T4";30.0052460166626;2;1;1;"S-6-NA";8;"S-2"
3.78229203420573;-1.61026080299006;-607.486755564565;63.2680519974918;"T4";30.0224366248585;2;1;1;"S-6-NA";8;"S-2"
3.87311301140493;-1.4540147652471;-607.401689848048;63.2318363938984;"T4";30.0449271453544;2;1;1;"S-6-NA";8;"S-2"
4.05716651496745;-1.40763241732341;-607.067329256139;63.1063132717686;"T4";30.1312557887286;2;1;1;"S-6-NA";8;"S-2"
4.1537935004037;-1.19492946777033;-606.938170383992;63.06150164899;"T4";30.1630905363709;2;1;1;"S-6-NA";8;"S-2"
3.88479454779343;-0.926725437245557;-606.784499550794;63.0172948758542;"T4";30.2000858355314;2;1;1;"S-6-NA";8;"S-2"
3.95613354773733;-0.808574209502217;-606.733185184752;63.0050537321536;"T4";30.2132948650979;2;1;1;"S-6-NA";8;"S-2"
3.55943915388073;-0.297552163091446;-605.916619646833;62.8381600147493;"T4";30.4196998127736;2;1;8;"S-7";8;"S-2"
3.48528204730686;-0.438515863291335;-605.799492322559;62.8283687282044;"T4";30.4526059306227;2;1;8;"S-7";8;"S-2"
3.2503475714843;-0.501590863291818;-605.703723873403;62.8163192057877;"T4";30.4800838930532;2;1;8;"S-7";8;"S-2"
2.75372768141088;-0.697283163661065;-605.551196046695;62.7927812417417;"T4";30.5270105134696;2;1;8;"S-7";8;"S-2"
2.21543091468608;-1.22682573573063;-605.144568224381;62.689817271742;"T4";30.67467501387;2;1;8;"S-7";8;"S-2"
1.92125295015249;-1.58126780371428;-604.98875637492;62.6035342892384;"T4";30.7450052816421;2;1;8;"S-7";8;"S-2"
2.25509147597251;-1.37411367089302;-604.959873930321;62.5797628854086;"T4";30.7600384112448;2;1;8;"S-7";8;"S-2"
2.3713502872315;-1.53248794348476;-604.895706192029;62.540663023005;"T4";30.7884930167347;2;1;8;"S-7";8;"S-2"
2.38350783206845;-1.43060860758048;-604.664135171713;62.3910099757073;"T4";30.886146670673;2;1;8;"S-7";8;"S-2"
2.28463009884618;-1.39022756909104;-604.605034216001;62.355536907476;"T4";30.9109424590133;2;1;8;"S-7";8;"S-2"
2.40307742530702;-1.3925871530583;-604.513233329527;62.2996748564118;"T4";30.9511244064197;2;1;8;"S-7";8;"S-2"
2.6316581232797;-1.32267827999015;-604.362302888126;62.2122104278893;"T4";31.0139315552078;2;1;8;"S-7";8;"S-2"
2.6021121107613;-1.36792454615058;-604.319785844997;62.1908412504194;"T4";31.0300875455141;2;1;8;"S-7";8;"S-2"
2.61559622067405;-1.07127494385941;-603.355093235657;61.6837044924186;"T4";31.4008219982497;2;1;8;"S-7";8;"S-2"
2.4512730138764;-1.26311099481796;-603.20999566052;61.6242765901185;"T4";31.4562959945761;2;1;8;"S-7";8;"S-2"
2.52912722510308;-1.40457145961707;-603.136759825877;61.586539060505;"T4";31.4861726481467;2;1;8;"S-7";8;"S-2"
2.58167764209268;-1.12706993219482;-603.014006597209;61.5183670524497;"T4";31.5347084542736;2;1;8;"S-7";8;"S-2"
2.64621694512837;-1.57668651892414;-602.106317681675;61.1221018999747;"T4";31.8862972431816;2;1;8;"S-7";8;"S-2"
2.8164917768238;-1.68529640551933;-602.014103958817;61.0671585084442;"T4";31.9211446214467;2;1;8;"S-7";8;"S-2"
2.47526967447133;-1.81071371802321;-601.697772571485;60.8778761698944;"T4";32.0334585965611;2;1;8;"S-7";8;"S-2"
2.42682392388881;-1.5489936630944;-601.289982273276;60.5795686785294;"T4";32.1982044028118;2;1;8;"S-7";8;"S-2"
2.30942881461807;-1.70610121448522;-600.951879420784;60.3637643217201;"T4";32.337523472961;2;1;8;"S-7";8;"S-2"
2.54944943120848;-1.55037956236056;-600.394308943049;59.9518565533559;"T4";32.5789556722157;2;1;8;"S-7";8;"S-2"
2.11943655985231;-1.59640469573173;-600.011008797426;59.718762809762;"T4";32.7293019159697;2;1;8;"S-7";8;"S-2"
2.09769896738382;-1.25662619789077;-599.783872899367;59.5476792203314;"T4";32.8364699729718;2;1;8;"S-7";8;"S-2"
1.89984159575308;-1.22657906110405;-599.714487302442;59.5061137906829;"T4";32.8695469768718;2;1;8;"S-7";8;"S-2"
1.74475032088189;-1.39376096419526;-599.527889677037;59.3856423046995;"T4";32.9677644418553;2;1;8;"S-7";8;"S-2"
2.00748382022974;-1.69765079216432;-599.30804497379;59.2100235001617;"T4";33.09376797406;2;1;8;"S-7";8;"S-2"
2.36867478316937;-1.63593088587516;-599.24634746846;59.1578483255761;"T4";33.1245017237961;2;1;8;"S-7";8;"S-2"
1.86572416963453;-1.74981492161238;-598.853046127972;58.8862138171443;"T4";33.2905445015058;2;1;8;"S-7";8;"S-2"
1.88432402328106;-1.63757721467094;-598.812880820632;58.8485438039353;"T4";33.3120725001208;2;1;8;"S-7";8;"S-2"
1.82153824178331;-1.62741132300745;-598.677212691616;58.7306410260221;"T4";33.3840708015487;2;1;8;"S-7";8;"S-2"
1.83483512415865;-1.61057233018377;-598.547813425372;58.6150322365696;"T4";33.455109258648;2;1;8;"S-7";8;"S-2"
1.83643231252922;-1.76816779831533;-598.514992994722;58.5862232843246;"T4";33.4729966591112;2;1;8;"S-7";8;"S-2"
1.85529416014719;-1.8093743260437;-598.4562291932;58.5296438717052;"T4";33.5049955523573;2;1;8;"S-7";8;"S-2"
2.33118644139794;-1.94428716346014;-598.319351480873;58.3961539789366;"T4";33.5787723772228;2;1;8;"S-7";8;"S-2"
3.01675552912614;-2.07029696917605;-597.93131719678;58.0725204573332;"T4";33.745225938037;2;1;1;"S-8-NA";8;"S-2"
3.28962809247295;-1.79901738667173;-597.75914090298;57.9543617083801;"T4";33.8022992713377;2;1;1;"S-8-NA";8;"S-2"
3.30879687059011;-1.71870014031286;-597.688732943159;57.915857312042;"T4";33.8237022864632;2;1;8;"S-9-NA";8;"S-2"
3.34025800675788;-1.66480950775399;-597.661663581549;57.9017965771532;"T4";33.831883314997;2;1;8;"S-9-NA";8;"S-2"
2.8969125410228;-1.39541597660299;-596.64222494069;57.3937007538845;"T4";34.1370808891952;2;1;8;"S-9-NA";8;"S-2"
3.10089682851547;-1.18585703974833;-596.537376547581;57.3431962526979;"T4";34.1732740402222;2;1;8;"S-9-NA";8;"S-2"
3.14912551731982;-1.09706414486297;-596.339940040669;57.2676918149262;"T4";34.2369448160753;2;1;8;"S-9-NA";8;"S-2"
2.65136525356279;-1.15842297278521;-596.154881242025;57.2032226879997;"T4";34.2957099550404;2;1;8;"S-9-NA";8;"S-2"
2.65881306399093;-1.14412685768209;-596.115215497231;57.1858921033356;"T4";34.3106704531237;2;1;8;"S-9-NA";8;"S-2"
2.81720972433573;-0.856395070842952;-595.779066506737;57.0412421866435;"T4";34.4370986684225;2;1;8;"S-9-NA";8;"S-2"
2.33334008808838;-0.569920513722183;-594.548415379346;56.6671402693026;"T4";34.8739320063032;2;1;8;"S-9-NA";8;"S-2"
2.58018064331489;-0.459919209018449;-594.420296349552;56.6358470756312;"T4";34.9288400029764;2;1;8;"S-9-NA";8;"S-2"
2.07973303972446;-0.610609172425;-593.982718079749;56.5578484082693;"T4";35.0984321092255;2;1;1;"S-10-NA";8;"S-2"
1.43093453273096;-1.19083821766665;-593.799179442484;56.5039615039081;"T4";35.1866831653751;2;1;1;"S-10-NA";8;"S-2"
1.20832594056698;-1.45596061813326;-593.707271816599;56.4274750463553;"T4";35.2509122574702;2;1;1;"S-10-NA";8;"S-2"
1.16802580014923;-1.42965145663694;-593.704378381439;56.4239886297334;"T4";35.2533068391494;2;1;1;"S-10-NA";8;"S-2"
1.08748673738755;-1.45758531142698;-593.68924477188;56.4054652487019;"T4";35.266263410449;2;1;1;"S-10-NA";8;"S-2"
1.30756370557785;-1.46240952414812;-593.682345242661;56.3962176394213;"T4";35.2726078825071;2;1;1;"S-10-NA";8;"S-2"
1.54956230832989;-1.24138265684476;-593.589688030889;56.2925876683552;"T4";35.343470366206;2;1;1;"S-10-NA";8;"S-2"
1.56969833366448;-1.23252302682152;-593.584580587729;56.2884960023887;"T4";35.3467664215714;2;1;1;"S-10-NA";8;"S-2"
1.82352064633454;-1.34281703324241;-593.444721630626;56.1786791150037;"T4";35.4358656797558;2;1;8;"S-11-NA";8;"S-2"
1.96314877754961;-1.31763269607148;-593.423140449717;56.1627870123393;"T4";35.4477005777881;2;1;8;"S-11-NA";8;"S-2"
2.17894356837067;-1.02974575435735;-593.287881965671;56.0720037752063;"T4";35.5165993212722;2;1;8;"S-11-NA";8;"S-2"
2.48723176536722;-1.04414161398056;-593.183838824898;56.0228340839686;"T4";35.564348672051;2;1;8;"S-11-NA";8;"S-2"
2.51242878351593;-1.05308266182532;-593.169332130612;56.0167441636821;"T4";35.5701811378822;2;1;8;"S-11-NA";8;"S-2"
2.54870878674187;-0.457959670591385;-592.497817014699;55.7352791007274;"T4";35.8374584116973;2;1;8;"S-11-NA";8;"S-2"
2.09818697009896;-0.673614916808754;-592.415720818006;55.7205278088615;"T4";35.8696693088859;2;1;1;"S-12-NA";8;"S-2"
2.54963294510323;-0.40450745902468;-591.980714055256;55.5808705483425;"T4";36.0769943799824;2;1;1;"S-12-NA";8;"S-2"
2.7043703351133;-0.419941914736534;-591.902556436012;55.5684705909193;"T4";36.1076488392428;2;1;8;"S-13";8;"S-2"
2.71868678919101;-0.370948383509661;-591.870168977687;55.5634413790966;"T4";36.119624809362;2;1;8;"S-13";8;"S-2"
2.49951901712714;-0.865293587208387;-591.2387928079;55.4772939161008;"T4";36.3518605241552;2;1;8;"S-13";8;"S-2"
2.66305119706255;-0.914776774493793;-591.107871922458;55.431971195278;"T4";36.4042389555834;2;1;8;"S-13";8;"S-2"
2.49490802628225;-1.01582355481474;-590.917436921372;55.3665554360027;"T4";36.4757490344346;2;1;8;"S-13";8;"S-2"
2.67425499150612;-0.966866026859523;-590.897321535937;55.3583652814466;"T4";36.4838116103783;2;1;8;"S-13";8;"S-2"
2.62097996984524;-0.938052321044138;-590.867061285291;55.3474248107707;"T4";36.4951270050369;2;1;8;"S-13";8;"S-2"
2.7675243766272;-1.00501019367719;-590.815213970652;55.3288685858487;"T4";36.5149086574093;2;1;8;"S-13";8;"S-2"
2.41771182978823;-1.00984192117845;-590.441319160296;55.1930908854083;"T4";36.6500094765797;2;1;8;"S-13";8;"S-2"
2.21164197582069;-1.03531763702666;-590.293066024808;55.1311677772374;"T4";36.7113290820271;2;1;8;"S-13";8;"S-2"
2.00079386463057;-1.31118217278449;-590.056527904294;55.0204391463496;"T4";36.8182804435492;2;1;8;"S-13";8;"S-2"
2.01499464757823;-1.48135024544297;-589.878512168636;54.9037799226302;"T4";36.9072529952973;2;1;8;"S-13";8;"S-2"
2.15223031544252;-1.46180324037423;-589.823952219307;54.8636694466904;"T4";36.9343299651518;2;1;8;"S-13";8;"S-2"
2.50999973151585;-1.00092076062532;-589.542554306214;54.6725428845181;"T4";37.0650770841166;2;1;8;"S-13";8;"S-2"
2.00308373095193;-1.44002859209964;-589.222543851358;54.5449312741022;"T4";37.1925713028759;2;1;8;"S-13";8;"S-2"
1.93322047514555;-1.44327315665251;-589.20413157071;54.531694578017;"T4";37.2017632704228;2;1;8;"S-13";8;"S-2"
2.09587933875232;-1.97259092287608;-588.759458983562;54.1997179531151;"T4";37.431779759936;2;1;8;"S-13";8;"S-2"
2.37462796603658;-1.67470243642226;-588.557231658103;54.0093864873755;"T4";37.5282678171061;2;1;8;"S-13";8;"S-2"
2.29856169188018;-1.68452648912451;-588.485151613271;53.9585521552513;"T4";37.5586220645346;2;1;8;"S-13";8;"S-2"
2.1187330424127;-1.50681208691439;-588.234355216153;53.7747532275067;"T4";37.6677322085015;2;1;8;"S-13";8;"S-2"
2.54006361421366;-1.54022404220985;-587.832222172337;53.4887620625794;"T4";37.8575310343876;2;1;8;"S-13";8;"S-2"
2.61058079871486;-1.03215188090252;-587.430062074679;53.2449033466937;"T4";38.0158578162082;2;1;8;"S-13";8;"S-2"
2.67645451987825;-1.12677105114771;-587.310782939578;53.1977436557517;"T4";38.0615484667942;2;1;8;"S-13";8;"S-2"
2.77267082381396;-1.11928915691363;-587.298748991206;53.1926774367831;"T4";38.0660446942784;2;1;8;"S-13";8;"S-2"
2.50597586231837;-1.03148548957297;-587.009581721356;53.0759445787396;"T4";38.1703366525471;2;1;8;"S-13";8;"S-2"
2.66110363111469;-1.16482296975851;-586.873634967275;53.0199874937983;"T4";38.2245856802911;2;1;8;"S-13";8;"S-2"
3.34198636304959;-1.01590729528731;-586.581943384113;52.8923077401125;"T4";38.3341986918822;2;1;8;"S-13";8;"S-2"
3.17788386903897;-0.764715883095863;-586.170847491241;52.7673415459806;"T4";38.4572081384249;2;1;8;"S-13";8;"S-2"
2.83525718448814;-1.05839336074923;-585.874912479053;52.6961286843689;"T4";38.5503314319067;2;1;8;"S-13";8;"S-2"
2.72774389348014;-1.07435572776287;-585.861154742647;52.690992960897;"T4";38.5551838087849;2;1;8;"S-13";8;"S-2"
2.55857226796217;-0.736079940081905;-585.400781580485;52.5096692871976;"T4";38.7239581439644;2;1;8;"S-13";8;"S-2"
2.48730168967173;-0.775296564700947;-585.244838689738;52.4648058158332;"T4";38.7849073274992;2;1;8;"S-13";8;"S-2"
2.38610474208115;-0.958551478424058;-585.212561549388;52.4547449711291;"T4";38.7978840968572;2;1;8;"S-13";8;"S-2"
2.27996419776613;-1.00047985570273;-585.125892120786;52.4199279291718;"T4";38.8342066551559;2;1;8;"S-13";8;"S-2"
2.01128097752896;-1.13510067891144;-584.981129880742;52.3564042540313;"T4";38.8976998627186;2;1;8;"S-13";8;"S-2"
2.51109885219368;-1.18802362163217;-584.815925070569;52.2631681053865;"T4";38.9798389631324;2;1;8;"S-13";8;"S-2"
2.45248193852945;-1.22582205556415;-584.792406243658;52.2520411352559;"T4";38.9892049133778;2;1;8;"S-13";8;"S-2"
2.41251594317288;-1.28572733343619;-584.340194880407;52.0260126968234;"T4";39.1735941870138;2;1;8;"S-13";8;"S-2"
2.12443289010951;-1.36580700270132;-584.294326171559;52.0015674064693;"T4";39.1926069976762;2;1;8;"S-13";8;"S-2"
2.41411528869565;-1.30122614851739;-584.198507558327;51.9399652096899;"T4";39.2377101466991;2;1;8;"S-13";8;"S-2"
2.60520813020547;-1.21414506625482;-583.904418637651;51.7814490877113;"T4";39.3595307250507;2;1;8;"S-13";8;"S-2"
2.72804758172962;-1.29139350514353;-583.851262979515;51.7566761418105;"T4";39.3799343379214;2;1;8;"S-13";8;"S-2"
2.72406862673666;-1.44163767278438;-583.806281896148;51.7353831558293;"T4";39.3964227172546;2;1;8;"S-13";8;"S-2"
2.74664270344403;-1.48829106081088;-583.739868565616;51.7002357449564;"T4";39.4208029145375;2;1;8;"S-13";8;"S-2"
2.70697224074492;-1.35774449039354;-583.675035153688;51.6651052245968;"T4";39.4444075180218;2;1;8;"S-13";8;"S-2"
3.07568071375478;-1.1016576715772;-583.480526719059;51.5675450237652;"T4";39.5162621280178;2;1;8;"S-13";8;"S-2"
3.17816268605771;-1.05136959933217;-583.160187872684;51.4528049774284;"T4";39.6204143064097;2;1;8;"S-13";8;"S-2"
3.29926400792962;-0.990651848231825;-583.128795081975;51.4424199125183;"T4";39.6302919602022;2;1;8;"S-13";8;"S-2"
3.15036179929678;-0.676482989653221;-582.996845063931;51.4028000067042;"T4";39.6702857338823;2;1;8;"S-13";8;"S-2"
3.30453784648374;-0.413612179239228;-582.712199272753;51.3416774918708;"T4";39.7606390994042;2;1;8;"S-13";8;"S-2"
3.32516416182796;-0.409766079031231;-582.699233344684;51.3400546126624;"T4";39.7645627730526;2;1;8;"S-13";8;"S-2"
3.24455909625693;-0.376156176969604;-582.656680558115;51.3348107547187;"T4";39.7773599717766;2;1;8;"S-13";8;"S-2"
3.45418885237522;-0.57401999150648;-582.567919359125;51.3245202738599;"T4";39.8047169088386;2;1;8;"S-13";8;"S-2"
2.63409735615456;-0.758877225195373;-582.129949487338;51.2517380743833;"T4";39.9315107497387;2;1;8;"S-13";8;"S-2"
2.5488634215938;-0.916349127799639;-582.066530366098;51.233467175383;"T4";39.9555869749747;2;1;8;"S-13";8;"S-2"
2.23256428304741;-1.00131194402579;-581.914120347538;51.1786738167463;"T4";40.0153822614811;2;1;8;"S-13";8;"S-2"
2.28454225628049;-0.923671668398917;-581.451694805105;50.9712745394325;"T4";40.2225097990595;2;1;8;"S-13";8;"S-2"
2.33213740266693;-1.05277584654499;-581.130296650123;50.8413288712287;"T4";40.3631936293095;2;1;8;"S-13";8;"S-2"
2.37221963730377;-1.07582290228761;-581.114128326093;50.834030149893;"T4";40.3701264644042;2;1;8;"S-13";8;"S-2"
2.38041801162547;-1.15412707586634;-581.093953756222;50.8248808013381;"T4";40.3786309761927;2;1;8;"S-13";8;"S-2"
2.37687561229042;-1.21659098703884;-581.039397845613;50.7984297942986;"T4";40.4015496023931;2;1;8;"S-13";8;"S-2"
2.36604750060551;-1.24969302819681;-581.002318082358;50.7794507170828;"T4";40.4171498143114;2;1;8;"S-13";8;"S-2"
2.64299244791449;-1.55195961022057;-579.907296075051;50.2010847426453;"T4";40.879956248682;2;1;8;"S-13";8;"S-2"
2.07733593212169;-1.3417051947471;-579.295996681593;49.8421310236713;"T4";41.1112468806095;2;1;8;"S-13";8;"S-2"
1.94186683111902;-1.32440012199535;-579.278525089308;49.8308465098054;"T4";41.1196574568748;2;1;8;"S-13";8;"S-2"
1.92431798002067;-1.25629939399282;-579.227469110694;49.796025098151;"T4";41.1459496710449;2;1;8;"S-13";8;"S-2"
1.9584966599205;-1.99941700504543;-578.776118840663;49.5013591039618;"T4";41.3805004442111;2;1;8;"S-13";8;"S-2"
2.36484731557982;-2.00812918003091;-578.640567906314;49.3629760018951;"T4";41.449712170288;2;1;8;"S-13";8;"S-2"
2.37649589977736;-2.04621244577203;-578.619443051675;49.3450376611217;"T4";41.4586450322531;2;1;8;"S-13";8;"S-2"
2.62966544037865;-1.98051491658058;-578.35801207048;49.1199401436039;"T4";41.5686519467272;2;1;8;"S-13";8;"S-2"
2.74552277429817;-1.85414998114835;-578.215762771148;49.0128060363998;"T4";41.6227460140362;2;1;8;"S-13";8;"S-2"
2.30626897271561;-1.90547372574357;-578.082127220029;48.9225571566935;"T4";41.6714200051501;2;1;8;"S-13";8;"S-2"
2.32443721961095;-1.86914268233122;-578.045115321589;48.8919773757348;"T4";41.6874683927745;2;1;8;"S-13";8;"S-2"
2.43387123853742;-1.81900891299747;-577.930439975289;48.7997638357989;"T4";41.7368030641228;2;1;8;"S-13";8;"S-2"
2.52888314401166;-1.87107366953843;-577.846950189299;48.7373658492264;"T4";41.7711063520983;2;1;8;"S-13";8;"S-2"
2.69667738800637;-1.68532872343585;-577.626704163737;48.5744099055229;"T4";41.8581985635683;2;1;8;"S-13";8;"S-2"
2.81964532977743;-1.62101586208934;-577.43495073329;48.4545707413768;"T4";41.9293058570474;2;1;8;"S-13";8;"S-2"
2.73337474725883;-1.6354652176812;-577.28507556255;48.3684074120613;"T4";41.9824597658589;2;1;8;"S-13";8;"S-2"
2.86026984779513;-1.77451637519126;-577.162604613006;48.2951291400805;"T4";42.0272655319422;2;1;8;"S-13";8;"S-2"
2.89092011324064;-1.82506736382434;-577.124180041329;48.2712904691577;"T4";42.0406994293444;2;1;8;"S-13";8;"S-2"
3.06279398697932;-1.70707938653422;-577.047719569339;48.2230201930572;"T4";42.0671479194425;2;1;8;"S-13";8;"S-2"
3.01290266319655;-1.18448053518755;-576.253097861154;47.7801297002909;"T4";42.3265913268551;2;1;8;"S-13";8;"S-2"
3.06916939713969;-1.12271087650784;-576.223761120286;47.7685963710039;"T4";42.3363283625804;2;1;8;"S-13";8;"S-2"
3.10468489534054;-1.23746362201885;-576.104460203957;47.7249557572064;"T4";42.3751991125755;2;1;8;"S-13";8;"S-2"
3.08531699781673;-1.19035826967197;-576.097614845713;47.7222273380295;"T4";42.3774039605632;2;1;8;"S-13";8;"S-2"
3.34277250641913;-1.18395335515558;-576.076916233814;47.7142415252712;"T4";42.3841127078049;2;1;8;"S-13";8;"S-2"
3.17681109267123;-1.19824763594638;-575.89648285722;47.6503350819849;"T4";42.4380898708478;2;1;8;"S-13";8;"S-2"
3.5354237488435;-1.12755458570194;-575.665927568466;47.5633729297996;"T4";42.5106643117033;2;1;8;"S-13";8;"S-2"
3.04969405813171;-1.18139448854592;-575.440231559186;47.4913915809382;"T4";42.574502772186;2;1;8;"S-13";8;"S-2"
2.74865985388919;-1.09134845075491;-575.290782063296;47.4334976389902;"T4";42.6235075225122;2;1;8;"S-13";8;"S-2"
2.756682757319;-1.13158934214052;-575.282633040737;47.430262090171;"T4";42.6264722482301;2;1;8;"S-13";8;"S-2"
3.01276837253319;-1.12291676419483;-575.135761545326;47.3699728826335;"T4";42.6797505933791;2;1;8;"S-13";8;"S-2"
2.9659704298666;-1.03369058843473;-575.097226085548;47.3556099750183;"T4";42.6925413077697;2;1;8;"S-13";8;"S-2"
2.80505366781578;-1.29040598433458;-574.973421773534;47.3124620896424;"T4";42.7342828945257;2;1;8;"S-13";8;"S-2"
2.78860013832529;-1.34222074553486;-574.888453536526;47.2733742380364;"T4";42.7645740215667;2;1;8;"S-13";8;"S-2"
2.75837410212597;-1.3934920092189;-574.78637233412;47.2242400844105;"T4";42.8011806332506;2;1;8;"S-13";8;"S-2"
3.02550189990224;-1.05377579772761;-574.581575626667;47.120779652727;"T4";42.8754260763526;2;1;8;"S-13";8;"S-2"
3.25888058911577;-0.903231797005741;-574.503166453467;47.093469906519;"T4";42.9013421642594;2;1;8;"S-13";8;"S-2"
2.8658844541544;-0.935656165656156;-574.291620167147;47.0348377084013;"T4";42.9662559530698;2;1;8;"S-13";8;"S-2"
3.16645219272656;-0.773691429994243;-574.073706028972;46.9636929325987;"T4";43.0422932608053;2;1;8;"S-13";8;"S-2"
2.96172771983254;-0.683889048940947;-573.922886983803;46.9268417832287;"T4";43.0899235536344;2;1;8;"S-13";8;"S-2"
2.32624322799168;-0.749136090705361;-573.680417212243;46.8708533747201;"T4";43.1717912317254;2;1;8;"S-13";8;"S-2"
2.11394404188271;-1.02109224073623;-573.615634419728;46.8499909269135;"T4";43.1996399071068;2;1;8;"S-13";8;"S-2"
1.85662515688711;-1.24106117842489;-573.434335168912;46.7624184772213;"T4";43.2854034123011;2;1;8;"S-13";8;"S-2"
1.84874910063276;-1.23630344742738;-573.416467490504;46.7504748267014;"T4";43.2950271526352;2;1;8;"S-13";8;"S-2"
1.61382546232581;-1.2193998155689;-573.232997093618;46.6277837140494;"T4";43.3942674426362;2;1;1;"S-14-NA";8;"S-2"
1.65343783619379;-1.21584485074306;-573.215251660611;46.6143753385832;"T4";43.4052633238025;2;1;1;"S-14-NA";8;"S-2"
2.10804331013556;-1.63410623669653;-572.795202492816;46.3054948917092;"T4";43.6593092628755;2;1;8;"S-15";8;"S-2"
2.40205447860796;-1.95629572951156;-572.411476741834;46.0080395975764;"T4";43.8413386116736;2;1;8;"S-15";8;"S-2"
2.3989512363557;-1.91944474167936;-572.325127706652;45.9377146943409;"T4";43.8772866036743;2;1;8;"S-15";8;"S-2"
2.27675250779943;-1.83072798210741;-572.205565077392;45.8420504488341;"T4";43.9271261449903;2;1;8;"S-15";8;"S-2"
2.44198727871355;-1.81855899843234;-572.140990027033;45.7901258978635;"T4";43.955488933716;2;1;8;"S-15";8;"S-2"
2.52151034808982;-1.86854847913318;-572.102407357661;45.7613932090485;"T4";43.9712886349298;2;1;8;"S-15";8;"S-2"
2.73269110588206;-1.62270446267692;-571.864516514484;45.5851057813341;"T4";44.0656332182698;2;1;8;"S-15";8;"S-2"
2.92003907559627;-1.89523489900764;-571.622426106844;45.4413496195041;"T4";44.1542236949317;2;1;8;"S-15";8;"S-2"
2.87137225254563;-1.98931089877867;-571.538129035877;45.3866370808552;"T4";44.1830921685323;2;1;8;"S-15";8;"S-2"
2.86347374263704;-1.97209085322467;-571.532344095979;45.382629225734;"T4";44.1851068637334;2;1;8;"S-15";8;"S-2"
2.64890140608757;-1.96144133594227;-571.268972943021;45.2012439963121;"T4";44.2770829657093;2;1;8;"S-15";8;"S-2"
2.51227351325174;-1.98185254632344;-571.23541779834;45.176397300372;"T4";44.2897505359724;2;1;8;"S-15";8;"S-2"
1.8782823666894;-2.05076184173311;-570.540367968625;44.6280946304694;"T4";44.566412223503;2;1;8;"S-15";8;"S-2"
2.08412925617056;-2.12746790720037;-570.337277720756;44.406354950566;"T4";44.6745377383195;2;1;8;"S-15";8;"S-2"
2.21570850281082;-2.00538754478058;-570.208146733372;44.2745387349107;"T4";44.7364969411865;2;1;8;"S-15";8;"S-2"
2.04356626153386;-2.12628202986907;-570.120517864333;44.195227831734;"T4";44.7760458569974;2;1;8;"S-15";8;"S-2"
2.52321311637103;-1.89213933975006;-569.888317628362;43.9536290157965;"T4";44.8896708665416;2;1;8;"S-15";8;"S-2"
2.5399050876547;-1.91386946811485;-569.829363289018;43.9094195814056;"T4";44.9130356544629;2;1;8;"S-15";8;"S-2"
3.0155049087435;-1.7488501169763;-569.006226945945;43.2891698237435;"T4";45.2371171908453;2;1;8;"S-15";8;"S-2"
3.24220671178298;-1.61154567999988;-568.866248178302;43.2079887639957;"T4";45.2835368691012;2;1;8;"S-15";8;"S-2"
3.18125518817445;-1.56170761100108;-568.789331126228;43.1697569811372;"T4";45.3072605421767;2;1;8;"S-15";8;"S-2"
2.88886170218169;-1.6018776270952;-568.43896508461;42.9977590490422;"T4";45.4173950711265;2;1;8;"S-15";8;"S-2"
3.03750367665495;-1.3002575949662;-568.287905221445;42.9139961555216;"T4";45.4696855158545;2;1;8;"S-15";8;"S-2"
2.93399216414997;-1.33401838297942;-568.236394566056;42.8919461012598;"T4";45.486643735785;2;1;8;"S-15";8;"S-2"
2.62635933494735;-1.61030891246145;-568.007122782561;42.7877015236434;"T4";45.5647870199755;2;1;8;"S-15";8;"S-2"
2.62589174366575;-1.53864514932661;-567.889084856663;42.7153285160534;"T4";45.6097305752337;2;1;8;"S-15";8;"S-2"
2.64999704522592;-1.48143066720358;-567.780779234001;42.6518666763355;"T4";45.6509758485481;2;1;8;"S-15";8;"S-2"
2.81227004898448;-1.46110622045371;-567.686042753308;42.5989060407552;"T4";45.686725503765;2;1;8;"S-15";8;"S-2"
2.98191974034887;-1.262677064427;-567.283070622706;42.389543114565;"T4";45.8300161990337;2;1;8;"S-15";8;"S-2"
3.07164379054136;-1.24574877957271;-567.258302692062;42.3790552742874;"T4";45.83832223434;2;1;8;"S-15";8;"S-2"
3.18971407295723;-1.23680301661753;-567.159800869445;42.3391064606623;"T4";45.8703903481364;2;1;8;"S-15";8;"S-2"
3.05431268309783;-1.37501498815235;-566.959206950213;42.2613267102689;"T4";45.9332780912519;2;1;8;"S-15";8;"S-2"
3.04939926644368;-1.26566878504942;-566.884257279715;42.2275852662893;"T4";45.9578170557506;2;1;8;"S-15";8;"S-2"
2.74493366739351;-1.28913719706638;-566.772534640251;42.1812142125186;"T4";45.9944546455517;2;1;8;"S-15";8;"S-2"
2.95844774198624;-1.72974943270036;-566.208764590739;41.9164439012902;"T4";46.1998403188772;2;1;8;"S-15";8;"S-2"
3.01390378724425;-1.5923547262022;-566.125126294254;41.8675421431674;"T4";46.2281113257632;2;1;8;"S-15";8;"S-2"
2.837118325252;-1.71092217234752;-566.079793432749;41.8435911475932;"T4";46.2431525695138;2;1;8;"S-15";8;"S-2"
2.78641705836205;-1.09959901012826;-565.665297726175;41.5936298088616;"T4";46.3892500032671;2;1;8;"S-15";8;"S-2"
2.77863726915798;-1.09802948086192;-565.59071661347;41.5641979915895;"T4";46.4160159579478;2;1;8;"S-15";8;"S-2"
2.74368692149908;-1.18494710792568;-565.523185088894;41.5375116710344;"T4";46.4403197867796;2;1;8;"S-15";8;"S-2"
2.76771252563571;-1.12669980611534;-565.473125005946;41.5158916567215;"T4";46.4585653389804;2;1;8;"S-15";8;"S-2"
2.76735175989489;-1.03871996880164;-565.392688191216;41.4831468746239;"T4";46.4876279002056;2;1;8;"S-15";8;"S-2"
2.66147788550821;-1.08065472766745;-565.350722512491;41.467395140736;"T4";46.5027924627066;2;1;8;"S-15";8;"S-2"
2.09417988589617;-1.32298855224695;-564.961239275815;41.3092510872564;"T4";46.6491334256716;2;1;8;"S-15";8;"S-2"
2.03110586477781;-1.41268152942518;-564.937299277469;41.2941271029386;"T4";46.6605651075952;2;1;8;"S-15";8;"S-2"
2.3909402776018;-1.42741234022877;-564.802295726337;41.2002289825118;"T4";46.7270331108011;2;1;8;"S-15";8;"S-2"
2.42369682075239;-1.45402360088558;-564.745215419749;41.1661515382651;"T4";46.7509066918865;2;1;8;"S-15";8;"S-2"
2.39667791788844;-1.47900711692482;-564.706907372436;41.1431697839384;"T4";46.7667123186402;2;1;8;"S-15";8;"S-2"
2.87155496091031;-1.29546950009467;-564.565037384146;41.0556207975715;"T4";46.8259067507461;2;1;8;"S-15";8;"S-2"
2.83098839102771;-0.951530760132287;-564.397020053436;40.9798216816269;"T4";46.8844176735729;2;1;8;"S-15";8;"S-2"
2.74317528599844;-0.814275317042443;-564.215151788859;40.9186934733359;"T4";46.9486596412025;2;1;8;"S-15";8;"S-2"
2.79465056714538;-0.961660236702435;-563.603944816026;40.7372647640141;"T4";47.1714696730487;2;1;8;"S-15";8;"S-2"
2.97683116882522;-0.549704490062152;-563.474143370298;40.6925991122541;"T4";47.217916068621;2;1;8;"S-15";8;"S-2"
2.89832808927639;-0.623725843944598;-563.430192809164;40.6844831596099;"T4";47.2326802788302;2;1;8;"S-15";8;"S-2"
2.77417064746323;-0.823155726387602;-563.233593567768;40.642174620348;"T4";47.3005122272298;2;1;8;"S-15";8;"S-2"
2.71447523170998;-0.753727948919855;-563.083932736073;40.5977670527249;"T4";47.3544601816684;2;1;8;"S-15";8;"S-2"
2.74557897122008;-0.837064389009252;-562.999655443706;40.5743657890204;"T4";47.38550754264;2;1;8;"S-15";8;"S-2"
2.77603552036186;-0.509541950867421;-562.72368382129;40.4902283375309;"T4";47.4860224523582;2;1;8;"S-15";8;"S-2"
2.75387139867442;-0.395820611196279;-562.701899435723;40.4862298086075;"T4";47.4938697530888;2;1;8;"S-15";8;"S-2"
2.36352374389161;-0.625847011724679;-562.591557668926;40.4703701190103;"T4";47.5339376251213;2;1;8;"S-15";8;"S-2"
2.30674634885903;-0.607076106881887;-562.574675679953;40.4658998688685;"T4";47.5410803453997;2;1;8;"S-15";8;"S-2"
2.27489639494884;-0.692995679844405;-562.495983235291;40.4451900483154;"T4";47.575194388628;2;1;8;"S-15";8;"S-2"
2.39080423335701;-0.599542221132712;-562.401083898658;40.4162811140657;"T4";47.6169102825224;2;1;8;"S-15";8;"S-2"
1.77125202407435;-1.37965353326323;-562.051559351856;40.3286308078607;"T4";47.7631056681275;2;1;8;"S-15";8;"S-2"
1.69826982455403;-1.55918790794605;-561.948762710395;40.2485610336716;"T4";47.8211418143474;2;1;8;"S-15";8;"S-2"
1.64768320737082;-1.99002613339284;-561.734755536516;40.0520802431033;"T4";47.9471566388384;2;1;8;"S-15";8;"S-2"
1.82392590983395;-2.03214502247378;-561.712480281996;40.0251768077678;"T4";47.9606757755391;2;1;8;"S-15";8;"S-2"
1.81525230249303;-2.02398602752555;-561.636798925817;39.9408556791394;"T4";48.0021694325842;2;1;8;"S-15";8;"S-2"
2.3057861848724;-1.70979725117711;-561.540895796041;39.8339247613839;"T4";48.0550012784079;2;1;8;"S-15";8;"S-2"
2.32112807146264;-1.58848963959192;-561.344843316232;39.6885470185284;"T4";48.1400275835767;2;1;8;"S-15";8;"S-2"
2.13405823789882;-1.86996258550059;-560.67861993084;39.2326096842813;"T4";48.4270532731898;2;1;8;"S-15";8;"S-2"
1.80023578417126;-1.8169628824404;-560.45427056791;39.0360241800482;"T4";48.5321813146584;2;1;8;"S-15";8;"S-2"
1.81944795827849;-2.22278284804291;-560.101660289594;38.6801375826926;"T4";48.7280502566136;2;1;8;"S-15";8;"S-2"
2.01165339085772;-2.3876373873768;-560.004349964762;38.5612555228952;"T4";48.7815336906351;2;1;8;"S-15";8;"S-2"
2.27922189180965;-2.47415057424954;-559.871651069766;38.4037548100998;"T4";48.8474987796508;2;1;8;"S-15";8;"S-2"
2.30572573537948;-2.45879260445637;-559.819458666769;38.3470986923652;"T4";48.870397999417;2;1;8;"S-15";8;"S-2"
2.34230921771036;-2.3696992563756;-559.724993464612;38.2463623658901;"T4";48.91136783408;2;1;8;"S-15";8;"S-2"
3.13288170296722;-2.04122753462382;-559.277971008322;37.7941126055918;"T4";49.102214735467;2;1;1;"S-16-NA";8;"S-2"
3.07338966555808;-1.94299037974913;-559.177773649561;37.7288290657101;"T4";49.1341972257942;2;1;8;"S-17-NA";8;"S-2"
3.14898254298769;-1.12361856236501;-558.681885964643;37.4153299308533;"T4";49.2955460096709;2;1;8;"S-17-NA";8;"S-2"
2.73713120746999;-0.894145542619502;-558.494801031085;37.348574367361;"T4";49.3549572420307;2;1;8;"S-17-NA";8;"S-2"
2.28778265540762;-1.06141856335995;-558.283708933516;37.2796163803967;"T4";49.4320789002813;2;1;8;"S-17-NA";8;"S-2"
2.27643295807601;-0.980454334372154;-558.106456469107;37.1973799600445;"T4";49.5095567428507;2;1;8;"S-17-NA";8;"S-2"
1.94327698283226;-1.38438938071765;-557.647167649544;36.9995653429827;"T4";49.7113148565404;2;1;8;"S-17-NA";8;"S-2"
1.90473133503261;-1.63180210999307;-557.14718340121;36.6433768582557;"T4";49.9686040915549;2;1;8;"S-17-NA";8;"S-2"
1.8431633465934;-1.63758709971401;-557.087382630603;36.5921449486098;"T4";50;2;1;8;"S-17-NA";8;"S-2"
