"Vx";"Vy";"X";"Y";"Traj";"Time";"TrueMovMode";"TrueTrajClust";"firstEstMovMode";"firstSegment";"finalEstMovMode";"finalSegment"
0;0;0;0;"T40";0;1;2;1;"S-1-NA";2;"S-1"
-8.91559528824247;6.80616160433195;0;0;"T40";0.237726676277816;1;2;1;"S-1-NA";2;"S-1"
-13.5753228391756;8.3482760786197;-1.63642472299319;1.24924592895147;"T40";0.421272998210043;1;2;1;"S-1-NA";2;"S-1"
-15.8187101631006;8.02571015975124;-2.83466627583462;1.98611616109997;"T40";0.509539153426886;1;2;1;"S-1-NA";2;"S-1"
-17.4938546867764;7.76962355308653;-4.47615962637456;2.81893689836356;"T40";0.613308255560696;1;2;4;"S-2-NA";2;"S-1"
-19.8609196607299;7.14952632170242;-7.56723792429542;4.19179126225139;"T40";0.790003349538893;1;2;4;"S-2-NA";2;"S-1"
-20.2391938267313;7.05291736086384;-7.85518692080061;4.29544703272874;"T40";0.804501620586962;1;2;4;"S-2-NA";2;"S-1"
-20.7641447953875;6.56443962906333;-8.87813422285767;4.65192184332115;"T40";0.855044508352876;1;2;4;"S-2-NA";2;"S-1"
-21.4961769420421;5.21578008339308;-12.6041588135675;5.82987854335118;"T40";1.03448963491246;1;2;4;"S-2-NA";2;"S-1"
-22.1764642030697;3.82498249007377;-18.9465580194384;7.36878285866739;"T40";1.32953741122037;1;2;4;"S-2-NA";2;"S-1"
-22.3309826306961;3.76849542076945;-20.1707760628498;7.57993521087296;"T40";1.38474089326337;1;2;4;"S-2-NA";2;"S-1"
-22.4184928307097;3.74132257164833;-20.2105738684367;7.58665134381665;"T40";1.38652307214215;1;2;4;"S-2-NA";2;"S-1"
-22.7044181618978;3.47966636608175;-20.992450466343;7.71713525217213;"T40";1.42139948438853;1;2;4;"S-2-NA";2;"S-1"
-22.8068272323219;3.19795101294358;-21.6805888239703;7.82259895008203;"T40";1.45170805044472;1;2;4;"S-2-NA";2;"S-1"
-22.3752413750129;2.68590714459846;-25.7878158565355;8.3985103083514;"T40";1.63179566152394;1;2;2;"S-3";2;"S-1"
-22.3379374957177;2.85853286778118;-26.2518686116674;8.45421485202936;"T40";1.65253522573039;1;2;2;"S-3";2;"S-1"
-22.188482227849;2.54296071596523;-27.505379450415;8.61462366028961;"T40";1.70865100808442;1;2;2;"S-3";2;"S-1"
-22.3248181239304;2.45603158739296;-27.9676480967605;8.66760299415336;"T40";1.72948472900316;1;2;2;"S-3";2;"S-1"
-22.0690234936529;2.48506228547819;-30.4647344028598;8.94231622183481;"T40";1.84133721049875;1;2;2;"S-3";2;"S-1"
-22.2881216763033;2.43619429419867;-30.9233003452826;8.99395262202476;"T40";1.86211592517793;1;2;2;"S-3";2;"S-1"
-22.3454260608925;2.26247107120909;-31.6314774625466;9.07135964076851;"T40";1.89388967119157;1;2;2;"S-3";2;"S-1"
-22.189168569365;2.24970354971452;-31.9889378059974;9.10755244747346;"T40";1.90988669637591;1;2;2;"S-3";2;"S-1"
-22.2978041891262;2.12148319916756;-32.4812597930963;9.15746772566501;"T40";1.93207418778911;1;2;2;"S-3";2;"S-1"
-21.7960437618573;2.09309131953376;-36.4712210979427;9.53708518941905;"T40";2.11101383902133;1;2;2;"S-3";2;"S-1"
-21.0111256744211;2.01874242913064;-40.3761249846665;9.9120761977973;"T40";2.29017038363963;1;2;2;"S-3";2;"S-1"
-21.2198648664992;2.82583645123983;-47.6126979511593;10.607363880872;"T40";2.6345866266638;1;2;2;"S-3";2;"S-1"
-21.151867678546;2.61633599393701;-49.8499673346535;10.9052996789977;"T40";2.74001940852031;1;2;2;"S-3";2;"S-1"
-20.8649008376159;2.79165643792415;-50.9585569804075;11.0424243545474;"T40";2.79243036638945;1;2;2;"S-3";2;"S-1"
-20.8726297525592;2.87843624852664;-51.2726220370814;11.0844452461977;"T40";2.80748268123716;1;2;2;"S-3";2;"S-1"
-20.8583911210238;2.8019348902354;-51.5326415825411;11.1203031948055;"T40";2.81994012184441;1;2;2;"S-3";2;"S-1"
-21.3506271451121;2.6955137300877;-52.9700450537661;11.3133914782691;"T40";2.88885260233656;1;2;2;"S-3";2;"S-1"
-21.3960881723006;2.66289293159993;-54.0711480308818;11.452405577147;"T40";2.94042499735951;1;2;2;"S-3";2;"S-1"
-21.396321837576;2.89500191116062;-55.7211638970866;11.657761600723;"T40";3.0175426392816;1;2;2;"S-3";2;"S-1"
-21.7344103034868;2.80333013788203;-58.1066096602705;11.9805212832428;"T40";3.12903122976422;1;2;2;"S-3";2;"S-1"
-21.9032007514722;2.78997007238562;-58.3062193465611;12.006267178419;"T40";3.13821526942775;1;2;2;"S-3";2;"S-1"
-21.7792794673517;2.77837917834153;-59.2028957858244;12.1204833817285;"T40";3.17915341584012;1;2;2;"S-3";2;"S-1"
-21.7865852420352;2.64076518670751;-60.375179119962;12.2700313780966;"T40";3.23297904105857;1;2;2;"S-3";2;"S-1"
-21.9254353368226;2.70432918964681;-61.692490805799;12.4297035250327;"T40";3.29344338970259;1;2;2;"S-3";2;"S-1"
-21.8241671680103;2.71424224531596;-63.3197691892842;12.6304154545582;"T40";3.36766213877127;1;2;2;"S-3";2;"S-1"
-21.5077117496808;2.72664867051424;-65.1656812124599;12.8599890440505;"T40";3.45224323682487;1;2;2;"S-3";2;"S-1"
-21.46311701214;2.96974393032061;-66.4822741696209;13.0269006373447;"T40";3.51345816161484;1;2;2;"S-3";2;"S-1"
-21.6500841122328;2.96778136343886;-67.3277550132097;13.1438855842203;"T40";3.55285042896867;1;2;2;"S-3";2;"S-1"
-21.6030326777194;2.5931391292142;-70.0212335025338;13.5131061018867;"T40";3.67726003751159;1;2;2;"S-3";2;"S-1"
-21.5492464459795;2.1524793222138;-73.8098530878936;13.9678764037729;"T40";3.85263446951285;1;2;2;"S-3";2;"S-1"
-21.4879003686085;2.19818859640282;-73.9859539174741;13.9854665035124;"T40";3.86080648750067;1;2;2;"S-3";2;"S-1"
-21.6231734153882;2.15216411658424;-74.5088735842626;14.038960610831;"T40";3.8851420278661;1;2;2;"S-3";2;"S-1"
-21.1783992923071;2.60370978644954;-76.1758300572098;14.2048735337895;"T40";3.96223323186859;1;2;2;"S-3";2;"S-1"
-21.1979286446667;2.54799492703882;-77.0039374160115;14.3066825139954;"T40";4.00133474031463;1;2;2;"S-3";2;"S-1"
-21.0484951865732;2.54889047394007;-80.464561400252;14.7226501542323;"T40";4.16458767140284;1;2;2;"S-3";2;"S-1"
-21.3690505930425;2.40325865210632;-81.40590995533;14.8366437838684;"T40";4.2093105148524;1;2;2;"S-3";2;"S-1"
-21.4920341546083;2.34380408241555;-84.7737171277715;15.2154023857331;"T40";4.36691261129454;1;2;2;"S-3";2;"S-1"
-21.3667178691622;2.90097182447621;-88.9220155476966;15.6677931972196;"T40";4.55992823699489;1;2;2;"S-3";2;"S-1"
-21.3076498769914;2.51624379326981;-90.5238786441377;15.8852790899008;"T40";4.63489824905992;1;2;2;"S-3";2;"S-1"
-21.2627074408232;2.69226064260275;-91.2228912189847;15.9678262531511;"T40";4.66770395869389;1;2;2;"S-3";2;"S-1"
-21.3035585515451;2.6494390602272;-91.5579296819427;16.0102484550316;"T40";4.68346105189994;1;2;2;"S-3";2;"S-1"
-21.040221679631;3.28099575901795;-94.3698417628558;16.3599548049389;"T40";4.81545365182683;1;2;2;"S-3";2;"S-1"
-21.011985408735;3.45807925725982;-95.4289849494209;16.5251167674042;"T40";4.86579262651503;1;2;2;"S-3";2;"S-1"
-20.9560158298069;3.42472900013047;-95.8628378081269;16.5965187573737;"T40";4.88644050201401;1;2;2;"S-3";2;"S-1"
-20.9203821297311;3.4538160014739;-95.9138974441011;16.6048631591663;"T40";4.88887701649219;1;2;2;"S-3";2;"S-1"
-21.0036229837593;3.44994580348302;-96.0363193867945;16.6250742079887;"T40";4.89472881890833;1;2;2;"S-3";2;"S-1"
-21.5698334530527;3.26588754815139;-100.157589733118;17.3020126270086;"T40";5.09094593580812;1;2;2;"S-3";2;"S-1"
-21.6339657928177;3.13157921767102;-101.401591765688;17.490366920837;"T40";5.14861916890368;1;2;2;"S-3";2;"S-1"
-21.0412157274425;3.21917345493315;-102.841101121833;17.6987400701023;"T40";5.21515848813578;1;2;2;"S-3";2;"S-1"
-21.0050000328271;3.14860121826802;-103.124520617357;17.7421014674863;"T40";5.22862821817398;1;2;2;"S-3";2;"S-1"
-20.8719226539099;3.27689300786694;-103.876213130663;17.8547784472273;"T40";5.26441457914189;1;2;2;"S-3";2;"S-1"
-21.2221486010348;3.41693905619547;-106.791013173658;18.3124022147451;"T40";5.40406630607322;1;2;2;"S-3";2;"S-1"
-21.0378100054212;3.42106196413691;-112.515110244653;19.2340285406668;"T40";5.6737890932709;1;2;2;"S-3";2;"S-1"
-21.0666311426491;3.36715093594809;-112.756056721327;19.2732100346782;"T40";5.68524211412296;1;2;2;"S-3";2;"S-1"
-21.4921758735719;2.81899998816187;-115.5923296346;19.7265411311342;"T40";5.81987554905936;1;2;2;"S-3";2;"S-1"
-21.3284118646655;2.95832955844462;-116.575705499648;19.8555246537071;"T40";5.86563061224297;1;2;2;"S-3";2;"S-1"
-21.4096993673344;2.78424392404489;-117.465888184002;19.9789962822677;"T40";5.90736755402759;1;2;2;"S-3";2;"S-1"
-21.4952877261075;2.5250793588226;-118.839252843754;20.1575967447873;"T40";5.97151439869776;1;2;2;"S-3";2;"S-1"
-21.2420015761447;2.54369673410802;-120.081203722183;20.3034903270343;"T40";6.02929221931845;1;2;2;"S-3";2;"S-1"
-21.0884774700761;2.51015523713118;-121.1167144248;20.4274911271915;"T40";6.07804048340768;1;2;2;"S-3";2;"S-1"
-21.0628882711393;2.59096782909616;-121.409188547803;20.4623042355641;"T40";6.09190938994288;1;2;2;"S-3";2;"S-1"
-21.800077604955;2.45826556627422;-124.52428471153;20.8454954599043;"T40";6.23980440432206;1;2;2;"S-3";2;"S-1"
-21.3549358279488;2.36340072057715;-128.427361750424;21.2856223283082;"T40";6.41884399810806;1;2;2;"S-3";2;"S-1"
-21.2172080859428;2.30279457259518;-129.769751939192;21.4341877918146;"T40";6.48170488420874;1;2;2;"S-3";2;"S-1"
-21.1480202948621;2.36611343845951;-130.023180205049;21.4616934482042;"T40";6.49364935234189;1;2;2;"S-3";2;"S-1"
-21.2008241355479;2.44002888302696;-130.287656554089;21.491283974168;"T40";6.50615531485528;1;2;2;"S-3";2;"S-1"
-21.2897506649854;2.42013822131277;-130.926027114737;21.5647548258715;"T40";6.53626596322283;1;2;2;"S-3";2;"S-1"
-21.6850023043784;2.15163740739529;-132.847945116579;21.783231185115;"T40";6.62654029438272;1;2;2;"S-3";2;"S-1"
-21.9990515493445;2.1089109813991;-134.087590713414;21.9062317640692;"T40";6.68370632920414;1;2;2;"S-3";2;"S-1"
-22.0492229489823;2.12980351203117;-134.152506080728;21.9124547928522;"T40";6.68665715493262;1;2;2;"S-3";2;"S-1"
-22.0298392138906;1.60900040604943;-136.597430580912;22.1486177088511;"T40";6.79754199227318;1;2;2;"S-3";2;"S-1"
-22.0504124277338;1.48426396496424;-137.318560931323;22.2012871366831;"T40";6.83027624618262;1;2;2;"S-3";2;"S-1"
-22.1229883400363;1.68786538753616;-138.588479779313;22.2867682944927;"T40";6.88786786049604;1;2;2;"S-3";2;"S-1"
-21.9676496453071;1.55840017359;-138.854538941008;22.3070671819286;"T40";6.8998942268081;1;2;2;"S-3";2;"S-1"
-21.8166333048072;1.61037830540621;-139.826954202754;22.3760509893534;"T40";6.94416001206264;1;2;2;"S-3";2;"S-1"
-21.5470115728871;1.81985932448061;-141.494955698134;22.4991732595963;"T40";7.02061550691724;1;2;2;"S-3";2;"S-1"
-21.3558049921673;1.81623303465119;-143.277209135401;22.649702279615;"T40";7.10333015304059;1;2;2;"S-3";2;"S-1"
-20.64847588083;2.3925430721425;-149.80585671747;23.2049398562129;"T40";7.40903848782182;1;2;2;"S-3";2;"S-1"
-20.7395617612489;2.41523051940893;-149.957236918804;23.2224803107264;"T40";7.41636978928;1;2;2;"S-3";2;"S-1"
-21.0811828464357;2.53743282049734;-152.844699161092;23.5587404020195;"T40";7.55559463286772;1;2;2;"S-3";2;"S-1"
-21.1000928183222;2.87971543380682;-154.896064311677;23.8056526031914;"T40";7.65290251001716;1;2;2;"S-3";2;"S-1"
-20.7026533019139;3.29330965694982;-157.39633823427;24.1468869980174;"T40";7.77139838319272;1;2;2;"S-3";2;"S-1"
-20.5132669303343;3.32206990302963;-157.651826345974;24.1875292023399;"T40";7.78373922221363;1;2;2;"S-3";2;"S-1"
-21.4087500792819;3.40727227334358;-160.989592647075;24.7280717209885;"T40";7.94645178830251;1;2;2;"S-3";2;"S-1"
-21.5002168357151;3.37214975287037;-161.397970530535;24.7930663906542;"T40";7.96552706742659;1;2;2;"S-3";2;"S-1"
-21.4910451766672;3.40897008990129;-161.828012682289;24.8605153167205;"T40";7.9855288262479;1;2;2;"S-3";2;"S-1"
-21.4111459423039;2.88849447372247;-165.257557769194;25.4045194136417;"T40";8.14510901691392;1;2;2;"S-3";2;"S-1"
-21.3593256547168;3.15145685214965;-170.582714822496;26.1229156527601;"T40";8.39381859404966;1;2;2;"S-3";2;"S-1"
-21.3231179288027;3.43279258037782;-174.408036306953;26.6873218422975;"T40";8.57291233260185;1;2;2;"S-3";2;"S-1"
-21.9047844879978;3.14704558426898;-176.071202026629;26.9550736298881;"T40";8.65091057494283;1;2;2;"S-3";2;"S-1"
-22.0238064603908;3.10445067767311;-176.265713913927;26.9830190212864;"T40";8.65979045629501;1;2;2;"S-3";2;"S-1"
-22.0151646781535;3.14191488614629;-177.895837206146;27.2127993441529;"T40";8.73380687553436;1;2;2;"S-3";2;"S-1"
-22.1026768025112;3.15643927271475;-178.266636911948;27.265718372126;"T40";8.75064979773015;1;2;2;"S-3";2;"S-1"
-21.8981445428623;3.14294517538159;-178.837067858836;27.3471804800516;"T40";8.77645802684128;1;2;2;"S-3";2;"S-1"
-21.5146806655085;2.7742516927802;-182.279490040856;27.8412563213828;"T40";8.93365957308561;1;2;2;"S-3";2;"S-1"
-21.8739517708459;2.48534179263521;-184.209772083202;28.0901602352627;"T40";9.02337887091562;1;2;2;"S-3";2;"S-1"
-21.8456768542914;2.48897671959128;-185.647873642456;28.253558872359;"T40";9.08912380691618;1;2;2;"S-3";2;"S-1"
-21.7272975992332;2.34957709471479;-186.044041269448;28.2986960410179;"T40";9.10725863650441;1;2;2;"S-3";2;"S-1"
-21.7919473381815;2.29291342874415;-187.196479314943;28.4233200087436;"T40";9.16029965737835;1;2;2;"S-3";2;"S-1"
-21.7538768972833;2.19429771644209;-188.735507612092;28.5852540752585;"T40";9.23092337325215;1;2;2;"S-3";2;"S-1"
-21.0073795292424;2.55188010601303;-196.566009700028;29.3751111168923;"T40";9.59088229574263;1;2;2;"S-3";2;"S-1"
-21.0069863610651;2.61213429770947;-196.72721603106;29.3946937225453;"T40";9.59855609107763;1;2;2;"S-3";2;"S-1"
-21.1741158962865;2.97823898244002;-199.186138701574;29.7004508707943;"T40";9.71560870530084;1;2;2;"S-3";2;"S-1"
-21.3096286502106;2.66694351677621;-204.993033592522;30.517217946967;"T40";9.98985368059948;1;2;2;"S-3";2;"S-1"
-21.1983037623226;2.68466034249605;-205.871718633307;30.6271871731453;"T40";10.0310878595337;1;2;2;"S-3";2;"S-1"
-21.2304259529721;2.77075538219991;-207.556035157107;30.8404975316699;"T40";10.1105431094766;1;2;2;"S-3";2;"S-1"
-21.3372099152571;2.72999867172303;-209.352092202363;31.0748986094395;"T40";10.1951413671486;1;2;2;"S-3";2;"S-1"
-21.5062155748884;2.73936248756344;-209.583928839098;31.104561049508;"T40";10.2060067350976;1;2;2;"S-3";2;"S-1"
-21.5707508229243;2.81955082429226;-209.941459251344;31.1501016233975;"T40";10.2226312505081;1;2;2;"S-3";2;"S-1"
-21.3099212809108;2.90676753188858;-211.261524169968;31.322649633431;"T40";10.283828235697;1;2;2;"S-3";2;"S-1"
-21.0471621489848;3.00943379245037;-211.916907726795;31.412046849817;"T40";10.3145830915309;1;2;2;"S-3";2;"S-1"
-21.5343223737685;2.77131826567615;-218.49553453159;32.3526934640317;"T40";10.6271490687504;1;2;2;"S-3";2;"S-1"
-21.3601610578695;2.81000850174394;-218.829127290196;32.3956245435045;"T40";10.642640281003;1;2;2;"S-3";2;"S-1"
-21.2743194774196;2.86430136755155;-219.267455057856;32.4532881889395;"T40";10.6631610891782;1;2;2;"S-3";2;"S-1"
-21.0963418133929;2.86969113573956;-220.39052453273;32.6044944090093;"T40";10.7159510022029;1;2;2;"S-3";2;"S-1"
-21.1314572184934;2.67145340814272;-222.067083966819;32.8325532729158;"T40";10.7954225735739;1;2;2;"S-3";2;"S-1"
-21.2820248425038;2.79411594909972;-222.549689780351;32.8935646329947;"T40";10.8182608382776;1;2;2;"S-3";2;"S-1"
-21.4471460791028;2.5933578965776;-223.697190859696;33.0442199907972;"T40";10.8721796306781;1;2;2;"S-3";2;"S-1"
-21.4938582949236;2.61052993864387;-225.490826347704;33.2611038008505;"T40";10.9558101277798;1;2;2;"S-3";2;"S-1"
-21.7659009885717;2.87876631272517;-227.08477097018;33.4546958540045;"T40";11.029968271032;1;2;2;"S-3";2;"S-1"
-21.7364649485592;2.86573244083638;-227.192171179467;33.468900646383;"T40";11.0349026042968;1;2;2;"S-3";2;"S-1"
-21.4187829718403;2.80850738652825;-230.532181328742;33.9092471084296;"T40";11.1885619116947;1;2;2;"S-3";2;"S-1"
-21.2245327569573;2.79904949339514;-231.223872155984;33.9999440822054;"T40";11.2208555685356;1;2;2;"S-3";2;"S-1"
-21.2092420396758;2.44779526133035;-236.168728560151;34.6520619861181;"T40";11.4538339083083;1;2;2;"S-3";2;"S-1"
-20.9043240564521;2.6312599634719;-237.388344323601;34.7928199481816;"T40";11.5113378851674;1;2;2;"S-3";2;"S-1"
-21.283881409873;2.89526690474836;-239.946658100612;35.1148389045119;"T40";11.6337199229747;1;2;2;"S-3";2;"S-1"
-21.2294955295569;2.59481292271582;-241.616886121942;35.3420416322671;"T40";11.7121937684715;1;2;2;"S-3";2;"S-1"
-20.6498999967291;2.90635832292054;-243.088373964287;35.5218968560343;"T40";11.7815071367659;1;2;2;"S-3";2;"S-1"
-20.6549535727071;3.11213590299676;-244.566603623741;35.7299494410165;"T40";11.8530924548395;1;2;2;"S-3";2;"S-1"
-20.6759186249997;3.19609378891305;-245.104432653354;35.8109855482555;"T40";11.8791311979294;1;2;2;"S-3";2;"S-1"
-20.48329447358;3.15204167588295;-246.820921494694;36.076321247435;"T40";11.9621499441564;1;2;2;"S-3";2;"S-1"
-20.6347480210746;3.07732809894352;-247.701056968685;36.2117596017496;"T40";12.0051183970645;1;2;2;"S-3";2;"S-1"
-20.7657027729223;3.46759747030807;-250.146706647039;36.5764874127063;"T40";12.1236393344589;1;2;2;"S-3";2;"S-1"
-21.5109757104909;3.30221441585607;-253.084445493521;37.0670509107918;"T40";12.2651100507937;1;2;2;"S-3";2;"S-1"
-21.630425129699;3.11542142263363;-253.665218213054;37.156207073329;"T40";12.2921089525335;1;2;2;"S-3";2;"S-1"
-21.3869029978021;2.74171721129709;-262.478175220955;38.4255337229224;"T40";12.6995423226617;1;2;2;"S-3";2;"S-1"
-21.4587208369983;2.86130556223571;-266.669264565973;38.9628149642738;"T40";12.8955075517297;1;2;2;"S-3";2;"S-1"
-21.5215814349729;2.8526402500798;-266.971886544841;39.0031665750696;"T40";12.9096100688912;1;2;2;"S-3";2;"S-1"
-21.7834782075686;2.80268451363288;-268.384584429905;39.1904167016605;"T40";12.9752510576509;1;2;2;"S-3";2;"S-1"
-21.815419788978;2.77934060063143;-269.084465018885;39.280464051741;"T40";13.007380021736;1;2;2;"S-3";2;"S-1"
-21.785986582684;2.73646240995875;-269.640256307326;39.3512732916449;"T40";13.032857014332;1;2;2;"S-3";2;"S-1"
-21.7875704451323;2.3971472754881;-274.662148581871;39.9820558079196;"T40";13.2633672212251;1;2;2;"S-3";2;"S-1"
-21.2429302340906;2.58025350699066;-277.72791212337;40.3193621973265;"T40";13.4040788048878;1;2;2;"S-3";2;"S-1"
-21.5637991112736;2.5685632889812;-278.719646243791;40.4398222945928;"T40";13.4507641778328;1;2;2;"S-3";2;"S-1"
-21.6166799287077;2.58126853195727;-279.094189693253;40.4844358874691;"T40";13.4681332623586;1;2;2;"S-3";2;"S-1"
-21.6733325564042;2.60070290753309;-279.254069536287;40.5035272932297;"T40";13.4755293955095;1;2;2;"S-3";2;"S-1"
-21.3983112514159;2.64535522298932;-280.231575816349;40.6208236719971;"T40";13.5206311941147;1;2;2;"S-3";2;"S-1"
-21.684626521259;2.41247840269722;-281.931663665475;40.8309961579652;"T40";13.6000808211975;1;2;2;"S-3";2;"S-1"
-21.6395465763804;2.2609739453876;-283.128598024055;40.9641586215515;"T40";13.6552781914361;1;2;2;"S-3";2;"S-1"
-21.6125252062514;2.42387756266855;-283.561965363328;41.0094383255148;"T40";13.6753048282117;1;2;2;"S-3";2;"S-1"
-21.7089484640037;2.33384244284634;-283.893218958378;41.0465889198545;"T40";13.690631755162;1;2;2;"S-3";2;"S-1"
-21.578614555253;2.38250847240098;-288.539734304293;41.5461172477058;"T40";13.9046686235815;1;2;2;"S-3";2;"S-1"
-21.5730999395788;2.33233917319755;-288.598027403414;41.5525534256255;"T40";13.9073700527661;1;2;2;"S-3";2;"S-1"
-21.4742886733899;1.97597521797213;-290.29454337555;41.7359693774752;"T40";13.9860103954561;1;2;2;"S-3";2;"S-1"
-21.8006920872803;1.91942490614545;-291.04873888611;41.80536732872;"T40";14.0211312565953;1;2;2;"S-3";2;"S-1"
-21.5526143724351;1.70463837509061;-294.574070373;42.1157523858212;"T40";14.1828385763802;1;2;2;"S-3";2;"S-1"
-21.1120551033585;2.13733642127644;-300.712104724654;42.6012215137259;"T40";14.4676316063851;1;2;2;"S-3";2;"S-1"
-21.4247054123907;2.12643519024299;-303.485572282508;42.8820010586641;"T40";14.5990005112253;1;2;2;"S-3";2;"S-1"
-21.5200378980367;1.88047382376115;-305.060813419928;43.0383461809542;"T40";14.6725250291638;1;2;2;"S-3";2;"S-1"
-21.5332790954694;2.08540606287579;-308.610696715293;43.3485437115518;"T40";14.8374821408652;1;2;2;"S-3";2;"S-1"
-21.1859657264617;2.41924636093199;-313.04501096104;43.7779880972294;"T40";15.0434105657041;1;2;2;"S-3";2;"S-1"
-21.5258256781424;2.84408861622884;-318.550614034327;44.4066783524557;"T40";15.3032808564603;1;2;2;"S-3";2;"S-1"
-21.3700482971337;2.86126426798645;-319.559326166436;44.5399539226885;"T40";15.3501414111815;1;2;2;"S-3";2;"S-1"
-21.7079741617921;2.7622800238857;-320.345675795473;44.6452393232838;"T40";15.3869382222183;1;2;2;"S-3";2;"S-1"
-21.6941085539331;2.75922232587607;-320.59056230939;44.6764004588403;"T40";15.3982191695832;1;2;2;"S-3";2;"S-1"
-21.6504804136206;2.71330811236864;-320.972990179194;44.7250405545501;"T40";15.4158473596908;1;2;2;"S-3";2;"S-1"
-21.9573436414804;2.81742501983224;-323.371889488615;45.0256783617792;"T40";15.5266485642642;1;2;2;"S-3";2;"S-1"
-21.9929747589134;2.63582801835587;-324.55582134652;45.177592878066;"T40";15.580568194855;1;2;2;"S-3";2;"S-1"
-22.1450422448963;2.64753354066659;-324.765425209066;45.2027136150155;"T40";15.5900986865163;1;2;2;"S-3";2;"S-1"
-21.5896294481293;2.62426745004238;-328.496244352161;45.6487488361847;"T40";15.7585706678219;1;2;2;"S-3";2;"S-1"
-21.1605815529562;2.14880475870893;-334.075098604946;46.3268709715964;"T40";16.0169750219211;1;2;2;"S-3";2;"S-1"
-21.2764149799156;2.22091163705677;-335.74798316509;46.4967482641752;"T40";16.096031665802;1;2;2;"S-3";2;"S-1"
-21.2976659062739;2.21979499324619;-336.269860692811;46.5512237890946;"T40";16.1205601179972;1;2;2;"S-3";2;"S-1"
-20.8432774083595;2.6621600235561;-341.551742138894;47.101739232455;"T40";16.3685629493557;1;2;2;"S-3";2;"S-1"
-20.6747241593958;2.45555805960782;-343.368981120647;47.3338419327976;"T40";16.4557488053106;1;2;2;"S-3";2;"S-1"
-20.7266204075598;2.38398097182706;-343.472432788616;47.3461289928379;"T40";16.4607525803149;1;2;2;"S-3";2;"S-1"
-20.858921402483;2.47252201711144;-344.542305890021;47.4691860598303;"T40";16.5123708895408;1;2;2;"S-3";2;"S-1"
-20.9268636050405;2.30901914458811;-345.622312330247;47.597205129012;"T40";16.5641476050951;1;2;2;"S-3";2;"S-1"
-20.5919236733544;2.43852383800079;-346.971688962811;47.7460920590678;"T40";16.6286282008514;1;2;2;"S-3";2;"S-1"
-20.6668492936545;2.46449177718977;-349.282160904533;48.0197013146329;"T40";16.7408310226165;1;2;2;"S-3";2;"S-1"
-20.8132729432;2.86428106797699;-351.181304114893;48.2461713855729;"T40";16.8327242368832;1;2;2;"S-3";2;"S-1"
-21.3216826808126;3.21282218913789;-355.993109474353;48.908362432195;"T40";17.0639135059901;1;2;2;"S-3";2;"S-1"
-21.2835110822513;3.26921291953006;-356.095242601371;48.9237521920766;"T40";17.0687036123127;1;2;2;"S-3";2;"S-1"
-21.5927863453941;3.23537363370975;-357.916985526599;49.203577521845;"T40";17.1542977099307;1;2;2;"S-3";2;"S-1"
-21.5807829084321;2.78104332397926;-360.178193297601;49.5423875246679;"T40";17.2590182279237;1;2;2;"S-3";2;"S-1"
-21.7967810220173;2.44515772863042;-363.439025183091;49.9626000250317;"T40";17.4101170967333;1;2;2;"S-3";2;"S-1"
-21.7150205530594;2.51570394017276;-363.508475737168;49.9703909717264;"T40";17.4133033724502;1;2;2;"S-3";2;"S-1"
-21.5540418945466;2.59990836023909;-364.011170156584;50.0286285556393;"T40";17.4364529899321;1;2;2;"S-3";2;"S-1"
-21.3076188047765;2.22625884285682;-369.429225580113;50.6821694395621;"T40";17.6878237281926;1;2;2;"S-3";2;"S-1"
-21.2424711044671;2.191053882763;-370.611391194983;50.8056842573341;"T40";17.743304616306;1;2;2;"S-3";2;"S-1"
-21.269465566648;2.18011963462158;-370.76757697299;50.8217940335296;"T40";17.7506571402773;1;2;2;"S-3";2;"S-1"
-21.0372041721856;2.10160642640597;-373.736187305066;51.1260765107841;"T40";17.8902285988443;1;2;2;"S-3";2;"S-1"
-21.0482196748549;2.04853901235553;-374.766353730648;51.2289896337709;"T40";17.9391973884776;1;2;2;"S-3";2;"S-1"
-21.1459265541413;2.26536199813988;-376.801566918866;51.4270687910075;"T40";18.0358902784064;1;2;2;"S-3";2;"S-1"
-21.0537050965204;2.2492658512561;-377.552091293252;51.5074724277107;"T40";18.0713829002343;1;2;2;"S-3";2;"S-1"
-21.0515985053256;2.05261010530554;-382.048603809117;51.9878559044106;"T40";18.2849563541822;1;2;2;"S-3";2;"S-1"
-20.7414124110006;2.7090566083466;-386.399650674054;52.412099353732;"T40";18.4916412224993;1;2;2;"S-3";2;"S-1"
-20.70237192419;2.7627375941581;-386.443160403803;52.4177822030273;"T40";18.4937389451079;1;2;2;"S-3";2;"S-1"
-21.3160256645266;2.50843119708414;-390.334104191091;52.9370297905628;"T40";18.6816857079975;1;2;2;"S-3";2;"S-1"
-21.2080317104166;2.58353092568687;-391.925221636588;53.124269602586;"T40";18.7563298968598;1;2;2;"S-3";2;"S-1"
-20.8916877480623;3.16864326412908;-394.316576767356;53.4155809330761;"T40";18.8690869486891;1;2;2;"S-3";2;"S-1"
-21.0203259170336;2.96660183305128;-397.323814380348;53.8716888033907;"T40";19.0130311646499;1;2;2;"S-3";2;"S-1"
-20.854120025129;3.02842266168811;-397.521679064711;53.8996134767588;"T40";19.0224441816099;1;2;2;"S-3";2;"S-1"
-20.9753743390659;2.99589162723288;-397.886075419524;53.9525308943926;"T40";19.0399177721702;1;2;2;"S-3";2;"S-1"
-21.5006307552602;2.31526797715312;-402.363790558008;54.5920784455194;"T40";19.253392633982;1;2;2;"S-3";2;"S-1"
-21.4780623550933;2.19751090412859;-403.698100327486;54.7357618897885;"T40";19.3154517328367;1;2;2;"S-3";2;"S-1"
-21.0125221434723;2.31831019101028;-405.110465956264;54.8802669581947;"T40";19.3812102545053;1;2;2;"S-3";2;"S-1"
-20.5547956341959;2.43166445868943;-408.715831743109;55.2780467291757;"T40";19.5527920266613;1;2;2;"S-3";2;"S-1"
-20.4078784650261;2.46826898446023;-409.535684315187;55.3750365702019;"T40";19.5926782209426;1;2;2;"S-3";2;"S-1"
-20.3566591480369;2.53425189517161;-409.646192274279;55.3884021617517;"T40";19.5980931865051;1;2;2;"S-3";2;"S-1"
-20.4721456118612;2.63836555656215;-409.900048856256;55.4200054085959;"T40";19.6105636307038;1;2;2;"S-3";2;"S-1"
-20.621659833981;2.93952779145626;-411.768063191674;55.6607473794265;"T40";19.7018102626316;1;2;2;"S-3";2;"S-1"
-20.5520624311315;3.01763159538239;-411.816976028664;55.667719691299;"T40";19.7041821782477;1;2;2;"S-3";2;"S-1"
-21.114409431494;3.09934596187784;-419.03711504843;56.7278429612681;"T40";20.0554918847047;1;2;2;"S-3";2;"S-1"
-20.799171219083;2.96759801211217;-427.958148533214;58.0373453272495;"T40";20.4780011437833;1;2;2;"S-3";2;"S-1"
-20.6942761074201;2.47822617259693;-429.501814000008;58.2575934574453;"T40";20.5522187869065;1;2;2;"S-3";2;"S-1"
-21.1901313165711;2.87788792175931;-434.780236475252;58.889706639867;"T40";20.8072855719365;1;2;2;"S-3";2;"S-1"
-21.6342218316147;2.85533540829328;-435.636982949608;59.0060636502942;"T40";20.847716962453;1;2;2;"S-3";2;"S-1"
-21.752543736364;2.84746856752462;-436.286847180814;59.0918342578247;"T40";20.8777556777932;1;2;2;"S-3";2;"S-1"
-21.7084654612825;2.7216480157229;-436.596238068031;59.13233438678;"T40";20.8919788827188;1;2;2;"S-3";2;"S-1"
-21.6859944595069;2.26400257253937;-439.033192095222;59.4378617905636;"T40";21.0042371181771;1;2;2;"S-3";2;"S-1"
-21.6247576148815;2.14891981374986;-439.780313617489;59.5158607521317;"T40";21.0386889171787;1;2;2;"S-3";2;"S-1"
-21.7326016243585;1.97949905705529;-440.7880012617;59.6159978257249;"T40";21.0852877120487;1;2;2;"S-3";2;"S-1"
-21.6774553305331;2.00027468882059;-440.882869723638;59.6246388542679;"T40";21.0896529722959;1;2;2;"S-3";2;"S-1"
-21.878496090908;1.95439666052793;-441.46405606366;59.6782674886121;"T40";21.1164636071771;1;2;2;"S-3";2;"S-1"
-21.4779161387128;1.79364466401343;-444.094656810728;59.91325792369;"T40";21.2367004249245;1;2;2;"S-3";2;"S-1"
-21.355440108124;2.22244356405891;-445.995766655586;60.072021721207;"T40";21.3252150570042;1;2;2;"S-3";2;"S-1"
-21.3226668619454;2.67484965151669;-448.679610771136;60.3513272307792;"T40";21.4508900186047;1;2;2;"S-3";2;"S-1"
-21.3011533002676;2.73512403745593;-449.091758719455;60.4030296657079;"T40";21.470219118055;1;2;2;"S-3";2;"S-1"
-21.1226069587672;2.90439589151082;-450.049577454362;60.5260161072606;"T40";21.5151846990921;1;2;2;"S-3";2;"S-1"
-20.9903854298984;3.05760641580435;-450.801869870382;60.6294576477186;"T40";21.5508002089337;1;2;2;"S-3";2;"S-1"
-21.1654159373836;2.95763018459854;-452.454072341916;60.8701290205261;"T40";21.6295125545003;1;2;2;"S-3";2;"S-1"
-21.4528989211373;2.78531863379553;-454.849316146228;61.2048375561894;"T40";21.742680366151;1;2;2;"S-3";2;"S-1"
-21.2351614231781;2.62805943491751;-455.837452935635;61.3331314442271;"T40";21.7887411243282;1;2;2;"S-3";2;"S-1"
-21.2717567073654;2.55457824915084;-458.586574158366;61.6733621504201;"T40";21.9182019354776;1;2;2;"S-3";2;"S-1"
-21.916632332457;2.1903207412874;-460.501533939356;61.9033344405235;"T40";22.0082255196758;1;2;2;"S-3";2;"S-1"
-21.986969210851;2.22442451160697;-462.882738297873;62.1413090169359;"T40";22.1168737974949;1;2;2;"S-3";2;"S-1"
-21.988671573163;2.22987698850919;-464.453077769324;62.3001804638526;"T40";22.1882951678708;1;2;2;"S-3";2;"S-1"
-21.9127860328402;2.37709669438936;-466.1914762159;62.476471909199;"T40";22.2673539887182;1;2;2;"S-3";2;"S-1"
-21.7304008072043;2.35116676540796;-466.824738105692;62.5451680915398;"T40";22.2962531843223;1;2;2;"S-3";2;"S-1"
-21.4368185214094;2.7233557223207;-469.300977873424;62.8130901007438;"T40";22.4102059728466;1;2;2;"S-3";2;"S-1"
-21.1515888237552;3.01179600702435;-469.824411070487;62.879587598544;"T40";22.4346234579571;1;2;2;"S-3";2;"S-1"
-21.3023965460027;3.01119858233094;-470.06056506383;62.9132138031815;"T40";22.4457882926799;1;2;2;"S-3";2;"S-1"
-21.8235242148957;2.76766543924592;-471.737005511823;63.1501869103836;"T40";22.5244855624624;1;2;2;"S-3";2;"S-1"
-21.9694538384928;2.80725710143541;-472.028416309581;63.1871437091865;"T40";22.537838621065;1;2;2;"S-3";2;"S-1"
-22.1524510951975;2.63059128092931;-474.154396852449;63.4588015310129;"T40";22.6346084615216;1;2;2;"S-3";2;"S-1"
-22.3103559375092;2.32327047018375;-478.92780828871;64.0256414915461;"T40";22.8500885190442;1;2;2;"S-3";2;"S-1"
-21.9767353709878;2.23346950100148;-480.491671998245;64.1884931459944;"T40";22.9201843845658;1;2;2;"S-3";2;"S-1"
-21.3979587985702;2.59617167854494;-484.300020559083;64.5755310848069;"T40";23.0934743885882;1;2;2;"S-3";2;"S-1"
-21.440736412664;2.51481351689254;-486.022792058497;64.7845515160306;"T40";23.1739854090847;1;2;2;"S-3";2;"S-1"
-21.5501884618334;2.66815484642651;-491.821366560848;65.4646743092294;"T40";23.4444320201874;1;2;2;"S-3";2;"S-1"
-21.0931640221585;2.39157320818009;-496.344129518358;66.0246430503701;"T40";23.6543031758629;1;2;2;"S-3";2;"S-1"
-21.1367067971904;2.35143748977533;-497.124385102262;66.1131095482381;"T40";23.6912940978073;1;2;2;"S-3";2;"S-1"
-21.0837408729975;2.35338803203212;-497.229906300773;66.1248486760278;"T40";23.6962864175439;1;2;2;"S-3";2;"S-1"
-21.268091324205;2.27648297034822;-498.427800309295;66.258558791338;"T40";23.7531024264172;1;2;2;"S-3";2;"S-1"
-21.3564058689278;2.17547460316938;-501.229472512001;66.5584427330014;"T40";23.8848336739466;1;2;2;"S-3";2;"S-1"
-21.4163493513025;2.21828501736382;-501.319229768756;66.5675858741141;"T40";23.8890364998952;1;2;2;"S-3";2;"S-1"
-21.2821501635332;2.26189205820504;-501.600892809111;66.5967602629007;"T40";23.9021882764064;1;2;2;"S-3";2;"S-1"
-20.9178894275485;2.45950658580134;-503.125734554669;66.7588222447867;"T40";23.9738371339627;1;2;2;"S-3";2;"S-1"
-21.0492814807322;2.39184527687794;-503.928029388432;66.85315534824;"T40";24.0121916169301;1;2;2;"S-3";2;"S-1"
-21.1989587205262;2.26134158487809;-505.709141257985;67.0555443949484;"T40";24.0968078956939;1;2;2;"S-3";2;"S-1"
-20.7334693063887;2.87281988424;-508.823111851027;67.3877187856327;"T40";24.2437005159445;1;2;2;"S-3";2;"S-1"
-20.9654361872207;2.91207569287904;-509.318610059364;67.4563747874085;"T40";24.2675989866257;1;2;2;"S-3";2;"S-1"
-21.3683991754704;2.89711793149752;-514.079629127422;68.1176750235503;"T40";24.4946879451163;1;2;2;"S-3";2;"S-1"
-21.3365059925389;2.8580394429491;-515.453610740886;68.3039588315804;"T40";24.558987643104;1;2;2;"S-3";2;"S-1"
-21.5143146844963;2.78017964558688;-515.61287568209;68.3252924784295;"T40";24.5664520771243;1;2;2;"S-3";2;"S-1"
-20.833383543718;2.92631053358803;-517.186499490602;68.5286434541123;"T40";24.6395951835439;1;2;2;"S-3";2;"S-1"
-20.683484846096;2.66831029820215;-518.306540792196;68.6859673305738;"T40";24.693357036449;1;2;2;"S-3";2;"S-1"
-20.9348885001076;2.64804992336203;-519.610388484691;68.8541725557116;"T40";24.7563951415941;1;2;2;"S-3";2;"S-1"
-20.8592758582377;2.89592957882406;-527.931871888764;69.9067553526202;"T40";25.1538887037896;1;2;2;"S-3";2;"S-1"
-20.8657101330248;3.42320571257493;-534.570376780167;70.8283905428749;"T40";25.4721406381577;1;2;2;"S-3";2;"S-1"
-21.0780447004507;3.30197195017506;-535.022510041023;70.9025670339476;"T40";25.4938093596138;1;2;2;"S-3";2;"S-1"
-21.3458754554414;3.17262719043836;-536.068880977872;71.0664858192076;"T40";25.5434520542622;1;2;2;"S-3";2;"S-1"
-21.5201088648896;3.14805326230187;-537.146741587142;71.22668772255;"T40";25.5939470836893;1;2;2;"S-3";2;"S-1"
-21.716396589482;3.02320261910436;-538.032657810997;71.3562833243262;"T40";25.635113986209;1;2;2;"S-3";2;"S-1"
-22.0321956699174;2.55948332766417;-543.007596784265;72.0488590226883;"T40";25.8642007480375;1;2;2;"S-3";2;"S-1"
-22.2113649697365;2.19567636458045;-544.080176095765;72.1734607149803;"T40";25.9128831094131;1;2;2;"S-3";2;"S-1"
-22.109688193649;2.0752980293324;-544.33755864684;72.1989039412215;"T40";25.924470985774;1;2;2;"S-3";2;"S-1"
-22.1765950673355;2.18466515902964;-544.749421003133;72.2375628824461;"T40";25.9430991252884;1;2;2;"S-3";2;"S-1"
-22.5645956704064;1.97406653039068;-548.195677984022;72.5770612379127;"T40";26.0984997614287;1;2;2;"S-3";2;"S-1"
-22.774412961118;1.82232778169476;-549.341144387672;72.6772725123429;"T40";26.1492636404;1;2;2;"S-3";2;"S-1"
-21.8194023041199;1.56733911666398;-553.619453838875;73.0196076664883;"T40";26.3371196109802;1;2;2;"S-3";2;"S-1"
-21.4608742668381;1.93509519882541;-555.760585991678;73.1734102377164;"T40";26.4352493453771;1;2;2;"S-3";2;"S-1"
-21.1121653813033;1.98914063741777;-556.652650124382;73.2538463373262;"T40";26.4768163440749;1;2;2;"S-3";2;"S-1"
-21.0672208953982;1.9947797352466;-556.732494287441;73.2613690744084;"T40";26.4805982471444;1;2;2;"S-3";2;"S-1"
-20.8192884187686;2.03206100522788;-557.301527935488;73.3152488336531;"T40";26.5076086274348;1;2;2;"S-3";2;"S-1"
-20.8096740049943;2.10923735550831;-559.716024637416;73.5509151300485;"T40";26.6235826537013;1;2;2;"S-3";2;"S-1"
-20.6437172091511;2.07917233976573;-560.338863649717;73.6140451584621;"T40";26.6535129165277;1;2;2;"S-3";2;"S-1"
-20.5950500446842;2.04595071903359;-560.44891568753;73.6251292646159;"T40";26.6588439350016;1;2;2;"S-3";2;"S-1"
-20.639251172264;2.11681501380106;-560.972988897782;73.6771916756814;"T40";26.6842904966325;1;2;2;"S-3";2;"S-1"
-20.669235306319;2.06803796630691;-561.189551073292;73.6994028528562;"T40";26.6947832307778;1;2;2;"S-3";2;"S-1"
-20.3475140908693;2.29458071127266;-562.017234646151;73.7822158368584;"T40";26.7348274588585;1;2;2;"S-3";2;"S-1"
-20.7753495803932;2.1515665982382;-564.470281640551;74.0588449273733;"T40";26.8553850357421;1;2;2;"S-3";2;"S-1"
-20.7560418760461;2.19776958697099;-564.553563129468;74.0674698445672;"T40";26.8593937042169;1;2;2;"S-3";2;"S-1"
-20.7192756369232;2.32571925686324;-564.621976917553;74.0747138915623;"T40";26.8626897945069;1;2;2;"S-3";2;"S-1"
-20.781033440844;2.85961991323803;-567.980883381578;74.4517479917055;"T40";27.024804847315;1;2;2;"S-3";2;"S-1"
-20.9440032147272;2.8305956774592;-570.221657831745;74.7600946991497;"T40";27.1326327114366;1;2;2;"S-3";2;"S-1"
-21.1846323388419;2.89750685299394;-570.642107143305;74.816918697489;"T40";27.1527076372877;1;2;2;"S-3";2;"S-1"
-21.0984881249407;2.88501469092681;-571.16821903919;74.8888771246822;"T40";27.1775422384962;1;2;2;"S-3";2;"S-1"
-21.4833927151742;2.85119268636741;-573.105290159131;75.1537529112933;"T40";27.2693531354889;1;2;2;"S-3";2;"S-1"
-21.4528716876266;2.80056920211898;-574.553912855083;75.3460085056849;"T40";27.3367830202915;1;2;2;"S-3";2;"S-1"
-21.6580427721682;2.66410077696403;-576.098445965441;75.547639873434;"T40";27.408779587131;1;2;2;"S-3";2;"S-1"
-21.7680813691546;2.4289189914989;-579.241870828193;75.9343045738079;"T40";27.5539185036905;1;2;2;"S-3";2;"S-1"
-21.6183529535732;2.47010864017318;-579.724083116434;75.9881106288745;"T40";27.5760707678273;1;2;2;"S-3";2;"S-1"
-21.5884048874979;2.27697416634824;-584.045254570277;76.4818468060352;"T40";27.7759551652707;1;2;2;"S-3";2;"S-1"
-21.7649849049931;2.2843981627517;-584.802639384434;76.5617297647256;"T40";27.8110381099395;1;2;2;"S-3";2;"S-1"
-21.5052082190892;2.47085551609932;-586.842142191179;76.7757908580363;"T40";27.9047437943518;1;2;2;"S-3";2;"S-1"
-21.5323956893498;2.38362195711265;-587.499656797024;76.8513364456083;"T40";27.9353184625506;1;2;2;"S-3";2;"S-1"
-21.5894727259387;2.24161072079048;-587.89180406341;76.894746888555;"T40";27.9535304289311;1;2;2;"S-3";2;"S-1"
-21.5952907950371;2.20827671747673;-591.135693788739;77.2315563177462;"T40";28.1037837383337;1;2;2;"S-3";2;"S-1"
-18.0404923016134;-0.285313110651982;-593.139492084341;77.4364593757644;"T40";28.1965724076144;3;2;1;"S-4-NA";3;"S-2"
-17.1059077510708;-0.725965543461557;-593.62120167879;77.428841065769;"T40";28.2232739846222;3;2;1;"S-4-NA";3;"S-2"
-13.3288860739785;-2.61814297084158;-596.012483407367;77.3273563527144;"T40";28.3630667254329;3;2;1;"S-4-NA";3;"S-2"
-13.2340801112716;-2.73744385100662;-596.149444263102;77.3004536468369;"T40";28.3733422169462;3;2;1;"S-4-NA";3;"S-2"
-11.8422587937205;-3.05049112124927;-596.746646458532;77.1769235288429;"T40";28.4184682997875;3;2;1;"S-4-NA";3;"S-2"
-9.9193783969577;-3.10817043546169;-597.618757016417;76.9522733535751;"T40";28.4921122365631;3;2;1;"S-4-NA";3;"S-2"
-7.24676579531674;-2.59905556471569;-599.234559615671;76.4459724879801;"T40";28.6550057702698;3;2;7;"S-5-NA";3;"S-2"
-6.45269801081008;-2.08762714546693;-599.65005057051;76.2969564843221;"T40";28.7123404443264;3;2;7;"S-5-NA";3;"S-2"
-5.3482967904813;-1.3588651586294;-600.256060806893;76.1008953300911;"T40";28.8062562351115;3;2;7;"S-5-NA";3;"S-2"
-5.31125852944812;-1.31554324803638;-600.27124572707;76.097037231004;"T40";28.8090954418294;3;2;7;"S-5-NA";3;"S-2"
-3.78769024172533;0.641811537095126;-601.921327444821;75.6883292288497;"T40";29.1197716607712;3;2;7;"S-5-NA";3;"S-2"
-3.9219420813696;1.50043428916103;-602.917451176235;75.8571190882085;"T40";29.3827614164911;3;2;3;"S-6";3;"S-2"
-3.86551892080561;1.3568534599496;-603.227087117383;75.9755778450222;"T40";29.4617110630497;3;2;3;"S-6";3;"S-2"
-3.62977032395469;1.56827080406508;-603.457201815925;76.0563514568707;"T40";29.521241155453;3;2;3;"S-6";3;"S-2"
-3.42823352720694;2.17309425343257;-603.807989040563;76.2079118350049;"T40";29.6178828692064;3;2;3;"S-6";3;"S-2"
-3.01223066173718;2.31220743524232;-603.919505896377;76.2786003212491;"T40";29.6504118246958;3;2;3;"S-6";3;"S-2"
-3.94048324462605;2.05357273683257;-604.920710892392;77.0471316510022;"T40";29.9827917478979;3;2;3;"S-6";3;"S-2"
-4.07217753394978;2.32918674847112;-605.561545002081;77.3811007037282;"T40";30.1454200525768;3;2;3;"S-6";3;"S-2"
-4.12565192130619;2.27997517238602;-605.793250397053;77.5136305679147;"T40";30.2023196825758;3;2;3;"S-6";3;"S-2"
-3.86558860087612;2.03300281877005;-606.814524835737;78.0780214590528;"T40";30.4498622426763;3;2;3;"S-6";3;"S-2"
-3.75899741985002;2.2063017223869;-607.197392836485;78.2793806322877;"T40";30.548907443881;3;2;3;"S-6";3;"S-2"
-4.33611624168245;2.17886694257061;-607.53268855099;78.4761787222555;"T40";30.6381056201644;3;2;3;"S-6";3;"S-2"
-4.4852569901091;2.07657367022347;-608.637107634984;79.0311412967657;"T40";30.8928079903126;3;2;3;"S-6";3;"S-2"
-4.19292282710221;1.89384130124949;-609.046093973523;79.2204928242172;"T40";30.9839925845154;3;2;3;"S-6";3;"S-2"
-4.19792576901808;1.91602333061215;-609.07056564874;79.2315460849494;"T40";30.9898290084675;3;2;3;"S-6";3;"S-2"
-3.78556746302097;2.24094276404192;-609.227651223468;79.3032433093984;"T40";31.027248816099;3;2;3;"S-6";3;"S-2"
-4.00633189936258;2.34766202513384;-609.374994695779;79.3904662399972;"T40";31.0661712428555;3;2;3;"S-6";3;"S-2"
-4.32332193142968;2.05228613648691;-609.872255256147;79.6818549126028;"T40";31.1902899062261;3;2;3;"S-6";3;"S-2"
-4.51745011449987;2.07375623039411;-610.005538095613;79.7451244372889;"T40";31.2211187090725;3;2;3;"S-6";3;"S-2"
-4.46150821834819;2.0277288443383;-610.262151620864;79.8629240550611;"T40";31.2779236584902;3;2;3;"S-6";3;"S-2"
-4.45525191053653;2.00468264686916;-610.406392656616;79.9284807445074;"T40";31.3102537649684;3;2;3;"S-6";3;"S-2"
-4.26812997891897;2.02475960037225;-610.662442653357;80.0436928572015;"T40";31.3677252619527;3;2;3;"S-6";3;"S-2"
-4.05289384845623;2.05068954622149;-610.813580423289;80.1153911541511;"T40";31.4031360321678;3;2;3;"S-6";3;"S-2"
-3.98439585634289;2.27562723902589;-611.29632202067;80.3596494999876;"T40";31.5222463803366;3;2;3;"S-6";3;"S-2"
-4.39015005357406;1.85461878611891;-613.075367667577;81.3757244281674;"T40";31.9687496172264;3;2;3;"S-6";3;"S-2"
-4.33325738900745;2.12119217658312;-613.31431053318;81.4766658360801;"T40";32.023176655639;3;2;3;"S-6";3;"S-2"
-4.96956593143945;1.51565591248939;-614.585528989177;82.0989456596673;"T40";32.31653990224;3;2;3;"S-6";3;"S-2"
-4.30121840572975;1.47284861507589;-615.602372749713;82.4090703826304;"T40";32.5211541028693;3;2;3;"S-6";3;"S-2"
-4.22739722913872;1.46081150717711;-615.612394564764;82.412502111742;"T40";32.523484097328;3;2;3;"S-6";3;"S-2"
-3.87828141253808;1.5669006667495;-615.742451209368;82.4574442434425;"T40";32.554249279201;3;2;3;"S-6";3;"S-2"
-3.37061220084697;1.94668537407415;-616.28893474887;82.6782341581826;"T40";32.6951579656452;3;2;3;"S-6";3;"S-2"
-3.3977090515094;1.98243880760883;-616.432064706901;82.7608983685067;"T40";32.7376220491715;3;2;3;"S-6";3;"S-2"
-3.3802597017319;2.78642613864396;-617.812845441257;83.5665333628771;"T40";33.1440078560263;3;2;3;"S-6";3;"S-2"
-3.44534849330926;2.78351925359777;-617.877603485857;83.6199149146172;"T40";33.1631655688398;3;2;3;"S-6";3;"S-2"
-3.39222302417935;2.73687243071916;-618.062000262167;83.7688902586664;"T40";33.2166860694997;3;2;3;"S-6";3;"S-2"
-3.56869596981862;2.45682365081708;-618.324884068027;83.9809869974748;"T40";33.2941820961423;3;2;3;"S-6";3;"S-2"
-3.39044185093549;2.72663929755021;-618.680514890496;84.2258165438948;"T40";33.3938349736854;3;2;3;"S-6";3;"S-2"
-3.94627370813301;2.71044347696392;-618.951506208827;84.4437514356712;"T40";33.4737629978918;3;2;3;"S-6";3;"S-2"
-4.03564647579327;2.84577893367901;-619.144251677997;84.5761359934244;"T40";33.5226053954102;3;2;3;"S-6";3;"S-2"
-3.93350807226675;2.96929755714111;-619.461572043625;84.7998978162572;"T40";33.6012347717769;3;2;3;"S-6";3;"S-2"
-3.85891662824644;3.15805445892096;-619.644986785545;84.9383525836356;"T40";33.6478635668755;3;2;3;"S-6";3;"S-2"
-5.13764996080492;2.33472418270573;-620.473234075189;85.6161723704127;"T40";33.8624956435524;3;2;3;"S-6";3;"S-2"
-4.92802024875567;2.36662441185778;-620.620472468947;85.6830825416294;"T40";33.8911543483846;3;2;3;"S-6";3;"S-2"
-4.21939525694239;2.14624265687122;-621.552590960416;86.1307216066702;"T40";34.0803009923548;3;2;3;"S-6";3;"S-2"
-4.30381892503836;2.23804870174394;-621.655964524469;86.1833037278639;"T40";34.1048006084748;3;2;3;"S-6";3;"S-2"
-3.86775835674905;2.35927603759067;-622.14071656;86.4353818665317;"T40";34.2174336081371;3;2;3;"S-6";3;"S-2"
-3.8745493919158;2.47835593756944;-622.277342179452;86.5187214964578;"T40";34.2527578468435;3;2;3;"S-6";3;"S-2"
-3.95126728663233;2.50415476213496;-622.591294932033;86.7195414086001;"T40";34.3337873346172;3;2;3;"S-6";3;"S-2"
-4.33090226927774;2.44617103233725;-622.70778129455;86.7933657941098;"T40";34.363268094603;3;2;3;"S-6";3;"S-2"
-4.25289735377549;2.37062041789413;-622.745516899737;86.8146795385807;"T40";34.3719811993651;3;2;3;"S-6";3;"S-2"
-4.03827245220673;2.37747746863051;-623.087195938066;87.0051358880409;"T40";34.4523214967921;3;2;3;"S-6";3;"S-2"
-3.90173879258739;2.38691316834898;-623.241447367448;87.095949299518;"T40";34.4905188772827;3;2;3;"S-6";3;"S-2"
-3.84184053535428;2.41459594725209;-623.263626627561;87.1095176009457;"T40";34.4962033326738;3;2;3;"S-6";3;"S-2"
-3.84516529472122;2.40437462005125;-623.273676896315;87.1158341926879;"T40";34.4988193362951;3;2;3;"S-6";3;"S-2"
-4.49219970934991;1.80897785853489;-623.522205340225;87.2712385607965;"T40";34.5634533441626;3;2;3;"S-6";3;"S-2"
-4.52431500744931;1.88974994398315;-623.615081936497;87.3086393259232;"T40";34.5841284259222;3;2;3;"S-6";3;"S-2"
-4.24475762945594;1.82519397789596;-625.483263410478;88.088955424602;"T40";34.9970487179235;3;2;3;"S-6";3;"S-2"
-4.15183834366977;1.32815737364601;-626.027398389259;88.3229268248867;"T40";35.1252385997213;3;2;3;"S-6";3;"S-2"
-4.19435894860073;1.19054374241938;-626.210428622139;88.3814775037131;"T40";35.1693227421492;3;2;3;"S-6";3;"S-2"
-4.18828850520693;1.29281167785561;-626.248485614849;88.3922797538499;"T40";35.1783961174078;3;2;3;"S-6";3;"S-2"
-4.34631627576298;1.64381658136295;-626.525722633927;88.4778553428651;"T40";35.2445895085111;3;2;3;"S-6";3;"S-2"
-4.46990326977158;1.59903658643087;-627.074671518037;88.6854728333482;"T40";35.3708916110918;3;2;3;"S-6";3;"S-2"
-4.80980639496924;1.51523114910314;-627.168453196393;88.7190217326818;"T40";35.3918723063543;3;2;3;"S-6";3;"S-2"
-4.63201421402441;1.40838561417107;-627.335886687561;88.7717682302302;"T40";35.426683165133;3;2;3;"S-6";3;"S-2"
-4.70303643397144;1.42731012269565;-627.54344839357;88.8348783389839;"T40";35.4714934132062;3;2;3;"S-6";3;"S-2"
-4.49874593256417;1.64839199673986;-627.907002557692;88.9452122787449;"T40";35.5487954220735;3;2;3;"S-6";3;"S-2"
-4.76373677586231;1.56848578675042;-628.072777841749;89.0059542400812;"T40";35.5856446432881;3;2;3;"S-6";3;"S-2"
-4.63865033767045;1.50890805087259;-628.48735636599;89.1424564343372;"T40";35.6726726517081;3;2;3;"S-6";3;"S-2"
-4.44472146634158;1.42035445309584;-630.239499397317;89.7124116009899;"T40";36.0503995558247;3;2;3;"S-6";3;"S-2"
-4.00539799542924;1.34839855431896;-630.773601323615;89.8830891237926;"T40";36.1705649993382;3;2;3;"S-6";3;"S-2"
-3.97405166792387;1.38664368188034;-630.973093811402;89.9502473393897;"T40";36.2203709082678;3;2;3;"S-6";3;"S-2"
-3.54698833354952;1.71135901315956;-631.921418109903;90.2811408472686;"T40";36.4589999895543;3;2;3;"S-6";3;"S-2"
-4.0759509870123;1.67160749509937;-632.437890961848;90.5303298456839;"T40";36.6046088282019;3;2;3;"S-6";3;"S-2"
-4.11421268351961;1.70705746292164;-632.474009761712;90.545142697153;"T40";36.6134702693671;3;2;3;"S-6";3;"S-2"
-3.87179364536703;2.02057628965443;-632.712140768206;90.6439473392701;"T40";36.671350360848;3;2;3;"S-6";3;"S-2"
-4.16512092704851;1.91363845610674;-633.108389817929;90.8507381726676;"T40";36.773692863062;3;2;3;"S-6";3;"S-2"
-4.23144681371701;1.82395431046417;-633.325351697789;90.9504199355938;"T40";36.8257830385119;3;2;3;"S-6";3;"S-2"
-4.22500875681171;1.81506816026385;-633.34432645765;90.9585989572293;"T40";36.8302672635764;3;2;3;"S-6";3;"S-2"
-4.35289274033647;2.44489563327299;-633.840964033438;91.1719549767996;"T40";36.9478143751621;3;2;3;"S-6";3;"S-2"
-4.36169059802162;2.44181901955043;-633.923340900811;91.2182237124055;"T40";36.9667390012182;3;2;3;"S-6";3;"S-2"
-4.33132546899779;2.37661673396549;-634.055722518936;91.2923353316763;"T40";36.9970899890177;3;2;3;"S-6";3;"S-2"
-4.09277545400369;2.34753032768834;-635.59330005939;92.1360106773798;"T40";37.3520800611004;3;2;3;"S-6";3;"S-2"
-4.34433593199611;2.31681063097529;-635.756143305501;92.2294141546049;"T40";37.3918680357747;3;2;3;"S-6";3;"S-2"
-4.62519114883756;2.17467893353979;-635.993519426013;92.3560055435192;"T40";37.4465084052645;3;2;3;"S-6";3;"S-2"
-4.34286198068273;2.22049478926577;-636.413345892788;92.5534001470413;"T40";37.5372779439203;3;2;3;"S-6";3;"S-2"
-4.44992758827205;2.43497627012049;-637.27997686903;92.9965064616145;"T40";37.7368309069425;3;2;3;"S-6";3;"S-2"
-4.71700777001946;2.35171434797122;-637.720993745698;93.2378285074474;"T40";37.8359374357387;3;2;3;"S-6";3;"S-2"
-4.71532792298306;2.27648595295343;-637.77810726038;93.266303057096;"T40";37.8480454324745;3;2;3;"S-6";3;"S-2"
-4.65034531192945;2.30912058639142;-638.188296979336;93.4643361840602;"T40";37.9350361414254;3;2;3;"S-6";3;"S-2"
-4.28497954826866;2.3018438199067;-638.680303145296;93.7086409593496;"T40";38.0408360622823;3;2;3;"S-6";3;"S-2"
-4.10604183292589;2.42452899155671;-638.872783547716;93.812039311611;"T40";38.0857558571734;3;2;3;"S-6";3;"S-2"
-4.16283067034687;2.37333496607948;-638.882794861379;93.8179507760351;"T40";38.0881940480322;3;2;3;"S-6";3;"S-2"
-4.11159375275368;2.39148883752221;-638.899158642039;93.8272801809264;"T40";38.0921249743551;3;2;3;"S-6";3;"S-2"
-4.20967528643269;2.07754916692328;-639.356436445503;94.0932536278164;"T40";38.2033416535705;3;2;3;"S-6";3;"S-2"
-3.95200990413244;2.18584572882389;-640.357726510167;94.5874079742085;"T40";38.4411961189471;3;2;3;"S-6";3;"S-2"
-3.50671716233223;2.52996738863526;-641.139169451695;95.0196219001586;"T40";38.6389291612431;3;2;3;"S-6";3;"S-2"
-4.16356448962818;2.4633621307874;-641.82544163451;95.5147420258706;"T40";38.8346313382499;3;2;3;"S-6";3;"S-2"
-4.4288192407884;2.53157327413626;-642.057587908457;95.6520907667076;"T40";38.890387956053;3;2;3;"S-6";3;"S-2"
-4.51808354679357;2.51524910721417;-642.271838542845;95.7745593413983;"T40";38.9387644245289;3;2;3;"S-6";3;"S-2"
-4.3044239429269;2.53468777091439;-642.299713226698;95.7900773753057;"T40";38.9449340058491;3;2;3;"S-6";3;"S-2"
-4.41486566510504;2.57591444555571;-642.393163132396;95.8451059543461;"T40";38.9666442060843;3;2;3;"S-6";3;"S-2"
-4.49576516787142;2.64385057441287;-642.448558040373;95.8774268797132;"T40";38.9791915658861;3;2;3;"S-6";3;"S-2"
-4.40056490358629;2.70660511771114;-642.576591708097;95.9527203777756;"T40";39.0076702926308;3;2;3;"S-6";3;"S-2"
-4.53571363840555;2.64229950348993;-642.705160236781;96.0317975520334;"T40";39.0368866617791;3;2;3;"S-6";3;"S-2"
-4.46276747329237;2.66585946064756;-642.980504281852;96.192200410675;"T40";39.0975924441591;3;2;3;"S-6";3;"S-2"
-4.12619888648555;2.78026602052526;-643.814238043774;96.6902360018597;"T40";39.284412341658;3;2;3;"S-6";3;"S-2"
-4.22955038778998;2.76107630780681;-643.999875608085;96.8153200868459;"T40";39.3294023117051;3;2;3;"S-6";3;"S-2"
-3.92592757181116;2.58883673101799;-644.903246697991;97.4050462479756;"T40";39.5429879194126;3;2;3;"S-6";3;"S-2"
-3.87033152074977;2.77771607699954;-644.985810543276;97.4594905318851;"T40";39.5640183240175;3;2;3;"S-6";3;"S-2"
-4.28448932891698;2.48400393405699;-645.259084387371;97.6556176972445;"T40";39.6346256718971;3;2;3;"S-6";3;"S-2"
-4.5058945089898;2.45908329185106;-645.598455635306;97.8523738215479;"T40";39.7138349362649;3;2;3;"S-6";3;"S-2"
-4.2940955054835;2.32012686276987;-645.965366390006;98.0526146626688;"T40";39.7952639963478;3;2;3;"S-6";3;"S-2"
-4.39157360122532;2.33911987305326;-646.605572614854;98.3985221204992;"T40";39.9443538859487;3;2;3;"S-6";3;"S-2"
-4.69311563859027;2.00548890778086;-647.581178906275;98.9181673027871;"T40";40.1665080338717;3;2;3;"S-6";3;"S-2"
-4.80686062475406;1.96621429635664;-647.637712039525;98.9423253633137;"T40";40.1785540045239;3;2;3;"S-6";3;"S-2"
-4.68710411400968;1.88372815584615;-647.759060900927;98.9919623061671;"T40";40.2037989348173;3;2;3;"S-6";3;"S-2"
-4.50612519993328;1.98989123952631;-647.87656574973;99.0391870288857;"T40";40.2288687531836;3;2;3;"S-6";3;"S-2"
-4.33316369774697;2.00258745868813;-647.951669265077;99.0723525137793;"T40";40.2455357369035;3;2;3;"S-6";3;"S-2"
-4.29540869073674;2.03022833898013;-648.039344917123;99.1128721371922;"T40";40.2657693717629;3;2;3;"S-6";3;"S-2"
-4.10793457086605;2.11453567483004;-648.182123889041;99.1803567319933;"T40";40.2990092756227;3;2;3;"S-6";3;"S-2"
-3.90031872639907;2.29911900833848;-648.637653496335;99.4148379752914;"T40";40.4098994564265;3;2;3;"S-6";3;"S-2"
-3.9030652821448;2.15362665446245;-649.166595002607;99.7266328712158;"T40";40.5455144005828;3;2;3;"S-6";3;"S-2"
-3.84290229674258;2.06106119026314;-649.237031327342;99.7654981054423;"T40";40.5635608127341;3;2;3;"S-6";3;"S-2"
-3.88275947155479;2.0892415717008;-649.259651430922;99.7776299302999;"T40";40.5694470158778;3;2;3;"S-6";3;"S-2"
-3.87488470394643;2.05312685362051;-649.415586137094;99.8615355322282;"T40";40.6096078106202;3;2;3;"S-6";3;"S-2"
-3.74842184811508;2.15119282718072;-649.512455383557;99.9128621822834;"T40";40.63460706966;3;2;3;"S-6";3;"S-2"
-3.91610377901316;2.26406915681476;-649.728706279374;100.036967044223;"T40";40.6922982539982;3;2;3;"S-6";3;"S-2"
-3.79348939249827;2.25694668547047;-649.816554456228;100.087755878974;"T40";40.7147307996638;3;2;3;"S-6";3;"S-2"
-3.99332390178363;2.09173580252249;-650.112221182491;100.263663590529;"T40";40.7926713698544;3;2;3;"S-6";3;"S-2"
-4.02306330293055;2.06640380905706;-650.193924932721;100.306460684819;"T40";40.8131314557977;3;2;3;"S-6";3;"S-2"
-4.2063742421324;2.42084023314941;-650.372045145281;100.397950243394;"T40";40.8574062283151;3;2;3;"S-6";3;"S-2"
-3.97532209565994;2.41763370530017;-650.512102069629;100.478555395926;"T40";40.8907025819644;3;2;3;"S-6";3;"S-2"
-4.14666989321352;2.34974926519617;-650.60094772409;100.53258780981;"T40";40.9130518790334;3;2;3;"S-6";3;"S-2"
-3.76876637761449;2.5151866232558;-651.075056467674;100.801245962146;"T40";41.0273866960779;3;2;3;"S-6";3;"S-2"
-4.29821670953116;2.26279851315951;-651.290746671896;100.945192564846;"T40";41.0846176790074;3;2;3;"S-6";3;"S-2"
-4.82059502068921;1.90525630234261;-653.045348885535;101.868903849901;"T40";41.4928340003826;3;2;3;"S-6";3;"S-2"
-4.66964014533259;1.90534698534561;-653.122653467487;101.899457140799;"T40";41.508870315738;3;2;3;"S-6";3;"S-2"
-4.96984861188701;1.72618487012732;-653.425867905319;102.023177319882;"T40";41.5738034644164;3;2;3;"S-6";3;"S-2"
-5.02283671496536;1.78179257129526;-653.474677744543;102.040130513543;"T40";41.5836246567778;3;2;3;"S-6";3;"S-2"
-4.9235472032413;1.39074120595824;-655.99771549353;102.935148642412;"T40";42.0859379693866;3;2;3;"S-6";3;"S-2"
-4.85849260752227;1.46206357944399;-656.306397945023;103.022341348631;"T40";42.148633103352;3;2;3;"S-6";3;"S-2"
-4.86210673993868;1.6079228679965;-656.585964864947;103.106471272181;"T40";42.206175008323;3;2;3;"S-6";3;"S-2"
-4.71089225314854;1.63598378155742;-656.704577569561;103.14569708321;"T40";42.2305703395978;3;2;3;"S-6";3;"S-2"
-4.86013628546944;1.78644285821723;-657.440441598425;103.401245618808;"T40";42.3867751494981;3;2;3;"S-6";3;"S-2"
-4.93045973054762;1.77376621246777;-657.554319023183;103.443103603898;"T40";42.4102060613222;3;2;3;"S-6";3;"S-2"
-4.85716310146947;1.72652170046534;-657.585281799885;103.45424267209;"T40";42.4164859578013;3;2;3;"S-6";3;"S-2"
-4.71592295531022;1.66748309843985;-657.637323221304;103.472741256866;"T40";42.4272003234364;3;2;3;"S-6";3;"S-2"
-5.13297707509076;1.50612478934936;-658.002032147156;103.601697131563;"T40";42.5045359646901;3;2;3;"S-6";3;"S-2"
-5.18680442122183;1.46368259121278;-658.654868981297;103.793253361976;"T40";42.6317207980901;3;2;3;"S-6";3;"S-2"
-5.21067076457942;1.52647807948411;-658.72849197373;103.814029293279;"T40";42.6459150854498;3;2;3;"S-6";3;"S-2"
-5.00831961073052;1.80112553091195;-659.140151019206;103.93462576493;"T40";42.7249181666411;3;2;3;"S-6";3;"S-2"
-4.76413181778176;1.91928269065035;-659.924960853003;104.216864347614;"T40";42.8816193947569;3;2;3;"S-6";3;"S-2"
-4.52661471549231;1.87714503300933;-660.330587448878;104.380275465129;"T40";42.9667611606419;3;2;3;"S-6";3;"S-2"
-4.13225759208421;1.78713663086358;-660.971794050884;104.646177880894;"T40";43.108413729351;3;2;3;"S-6";3;"S-2"
-4.09866166341212;2.10868098433488;-661.528316886626;104.886865283241;"T40";43.2430914021097;3;2;3;"S-6";3;"S-2"
-4.35016129768454;2.0200153077095;-662.27845512328;105.272796683575;"T40";43.4261116897687;3;2;3;"S-6";3;"S-2"
-3.72608850437812;2.103977107158;-662.866703453853;105.545952217629;"T40";43.5613361769356;3;2;3;"S-6";3;"S-2"
-3.67089545463542;2.69229878836083;-663.333473767972;105.80951924081;"T40";43.6866070376709;3;2;3;"S-6";3;"S-2"
-3.56814336532842;2.93449340652082;-663.870109394199;106.203097174079;"T40";43.8327936106361;3;2;3;"S-6";3;"S-2"
-3.28096563843959;3.05056703824271;-664.206420557938;106.479684404884;"T40";43.9270474365912;3;2;3;"S-6";3;"S-2"
-3.20100356360963;3.07030191848025;-664.223928328765;106.495962730988;"T40";43.9323836006224;3;2;3;"S-6";3;"S-2"
-3.19907236984377;3.02420379923067;-664.611247566705;106.867467159421;"T40";44.0533829154447;3;2;3;"S-6";3;"S-2"
-3.34312529418068;3.20923538914215;-665.241647788575;107.463408271597;"T40";44.2504401085898;3;2;3;"S-6";3;"S-2"
-3.30368651211727;3.22747460244357;-665.248172420131;107.469671596076;"T40";44.2523917648941;3;2;3;"S-6";3;"S-2"
-3.2894353702038;3.28824221513824;-665.271891454589;107.492843462119;"T40";44.2595713306218;3;2;3;"S-6";3;"S-2"
-3.3892175083573;3.39654730667009;-665.378210223457;107.599123666685;"T40";44.2918926128186;3;2;3;"S-6";3;"S-2"
-3.45017149574007;3.30004672293083;-665.41053307002;107.631516417273;"T40";44.3014295771718;3;2;3;"S-6";3;"S-2"
-4.01083661861517;3.15299673065358;-665.651258589714;107.861767424613;"T40";44.3712016218342;3;2;3;"S-6";3;"S-2"
-4.43976676770809;3.08484154225237;-665.865868138173;108.030476167701;"T40";44.4247090490535;3;2;3;"S-6";3;"S-2"
-4.82842123237551;2.65538906275715;-666.226615683226;108.281131004199;"T40";44.5059627643786;3;2;3;"S-6";3;"S-2"
-5.10574309913434;2.45219445031959;-666.878411645464;108.639586032453;"T40";44.640954292845;3;2;3;"S-6";3;"S-2"
-5.06531229595087;2.51987960740556;-667.039300957735;108.716858208316;"T40";44.6724657318555;3;2;3;"S-6";3;"S-2"
-5.21775863987574;2.5099887887983;-667.05847587587;108.726397301339;"T40";44.676251267083;3;2;3;"S-6";3;"S-2"
-5.00427791826291;2.55176790981256;-667.207599763643;108.798132947291;"T40";44.7048313333653;3;2;3;"S-6";3;"S-2"
-4.68232471444209;2.21447307004632;-668.199971477094;109.304160457024;"T40";44.9031360098161;3;2;3;"S-6";3;"S-2"
-3.64712611003047;2.48631383015754;-669.57269732187;109.953381645473;"T40";45.1963078696281;3;2;3;"S-6";3;"S-2"
-3.75315853932537;2.49089859832805;-669.698377183158;110.039059948845;"T40";45.2307678409852;3;2;3;"S-6";3;"S-2"
-4.00624835464163;2.58654762478503;-669.849323989926;110.13924041963;"T40";45.2709864475764;3;2;3;"S-6";3;"S-2"
-4.31095535645798;2.45974141475914;-670.526526246516;110.576461413744;"T40";45.4400229617022;3;2;3;"S-6";3;"S-2"
-4.31804497912012;2.22756945892012;-670.762378452705;110.711033774475;"T40";45.4947329242714;3;2;3;"S-6";3;"S-2"
-4.7290601368563;2.24908552593825;-671.007206479958;110.837334319938;"T40";45.5514317378402;3;2;3;"S-6";3;"S-2"
-4.75294509735517;2.20448411211394;-671.346116687325;110.99851603891;"T40";45.6230971845798;3;2;3;"S-6";3;"S-2"
-4.75094990417835;2.27366518370459;-671.365551898939;111.007530368834;"T40";45.627186272759;3;2;3;"S-6";3;"S-2"
-4.43950843150275;2.17049868882397;-671.640169015803;111.13895406095;"T40";45.6849888432771;3;2;3;"S-6";3;"S-2"
-4.37108755391335;2.22548093986977;-671.735790657012;111.185703977088;"T40";45.7065276335925;3;2;3;"S-6";3;"S-2"
-4.47055055990716;1.84350346020884;-671.94423251555;111.291829369802;"T40";45.754214131739;3;2;3;"S-6";3;"S-2"
-4.23147037492454;2.47392049099052;-672.626358165214;111.573114857708;"T40";45.9067961550318;3;2;3;"S-6";3;"S-2"
-4.50046191225634;2.41941634166614;-672.800404201914;111.674870516715;"T40";45.9479274926707;3;2;3;"S-6";3;"S-2"
-4.46770887154891;2.51254657601072;-672.840338115699;111.696338704977;"T40";45.9568007849157;3;2;3;"S-6";3;"S-2"
-4.43380778367978;2.4829806209957;-672.894926600278;111.727038133691;"T40";45.9690192365088;3;2;3;"S-6";3;"S-2"
-4.24199068551991;2.55365362953314;-673.185317568158;111.889660236619;"T40";46.0345139494166;3;2;3;"S-6";3;"S-2"
-3.79146794835335;2.71583628297483;-673.492941223172;112.074847881146;"T40";46.107032650616;3;2;3;"S-6";3;"S-2"
-3.71225749136812;2.73202460768561;-673.666304744817;112.199028527967;"T40";46.152757294476;3;2;3;"S-6";3;"S-2"
-3.50444087028457;2.89773616483186;-673.875410498018;112.352919270913;"T40";46.2090857559815;3;2;3;"S-6";3;"S-2"
-3.34408491216846;2.81716955737137;-674.096531303927;112.53575863953;"T40";46.2721830699593;3;2;3;"S-6";3;"S-2"
-3.64558445396297;3.12172724744241;-674.304542755349;112.710994479505;"T40";46.3343858718872;3;2;3;"S-6";3;"S-2"
-3.5640666447258;2.8710775359121;-674.585158004817;112.951286339802;"T40";46.4113598805852;3;2;3;"S-6";3;"S-2"
-3.7823116091232;2.73481360032644;-675.238247694575;113.477390737983;"T40";46.594602719415;3;2;3;"S-6";3;"S-2"
-3.71677463856817;2.86365817980018;-675.689386368936;113.80358812989;"T40";46.7138786334544;3;2;3;"S-6";3;"S-2"
-3.62701040836561;2.93228251179836;-675.706932188411;113.817106632987;"T40";46.7185993446037;3;2;3;"S-6";3;"S-2"
-3.83290596935841;2.91712603242104;-675.756612011157;113.857270641088;"T40";46.7322965268977;3;2;3;"S-6";3;"S-2"
-3.8106680474883;2.96636185890091;-675.765843807268;113.864296723381;"T40";46.7347050900571;3;2;3;"S-6";3;"S-2"
-4.50753497033384;2.51020857763197;-676.185454699686;114.190937021443;"T40";46.8448198749684;3;2;3;"S-6";3;"S-2"
-4.72448466584621;2.49584941171718;-676.321188840663;114.266526230889;"T40";46.8749325955287;3;2;3;"S-6";3;"S-2"
-4.52592676683111;2.52319677479279;-676.997327254565;114.623716439332;"T40";47.0180462813005;3;2;3;"S-6";3;"S-2"
-4.57149915778545;2.46993195533277;-677.06270431667;114.660164044595;"T40";47.0324912923388;3;2;3;"S-6";3;"S-2"
-4.40381982413864;2.27557285899326;-677.328568606782;114.80380766855;"T40";47.0906482078135;3;2;3;"S-6";3;"S-2"
-4.56747446123871;2.147935822738;-677.390692315227;114.835908669609;"T40";47.1047549857758;3;2;3;"S-6";3;"S-2"
-4.6465505623236;2.10165018124929;-677.659592059164;114.962363540375;"T40";47.1636277274229;3;2;3;"S-6";3;"S-2"
-4.70342193513841;2.03353110977113;-677.680060026826;114.971621269818;"T40";47.1680327085778;3;2;3;"S-6";3;"S-2"
-4.76373771913453;1.9834767032857;-677.784486699523;115.016770289095;"T40";47.1902349847369;3;2;3;"S-6";3;"S-2"
-4.70887928361255;2.04152202006248;-677.985563658747;115.100492670071;"T40";47.232444898691;3;2;3;"S-6";3;"S-2"
-4.39759130001243;2.04199548264732;-678.07252356191;115.138193903523;"T40";47.2509121173061;3;2;3;"S-6";3;"S-2"
-4.34224959480452;2.10930772882035;-678.258694626648;115.224641335142;"T40";47.2932468983345;3;2;3;"S-6";3;"S-2"
-4.22792609098416;2.11981100346332;-678.429580434221;115.307651476956;"T40";47.3326011095196;3;2;3;"S-6";3;"S-2"
-4.09594353467988;2.25352513269427;-678.568628384388;115.377367779567;"T40";47.3654890898615;3;2;3;"S-6";3;"S-2"
-4.13534525230976;2.20541618386806;-678.683778154622;115.44072141202;"T40";47.393602214288;3;2;3;"S-6";3;"S-2"
-4.38563447454432;2.14185176467279;-681.1861691921;116.775268676082;"T40";47.9987248545513;3;2;3;"S-6";3;"S-2"
-4.39877582075842;2.2061139676225;-681.200796594247;116.782412392067;"T40";48.0020601535216;3;2;3;"S-6";3;"S-2"
-4.51947737373882;2.36470662546299;-681.792822047075;117.07933036968;"T40";48.1366488384083;3;2;3;"S-6";3;"S-2"
-4.41527021501534;2.3922239208985;-681.904345393665;117.137682248618;"T40";48.1613249983639;3;2;3;"S-6";3;"S-2"
-4.6782600310076;2.21050489173838;-682.517373528397;117.469825129274;"T40";48.3001677202992;3;2;3;"S-6";3;"S-2"
-4.7881616818964;2.17633540556554;-683.921719948318;118.13338692583;"T40";48.6003533471376;3;2;3;"S-6";3;"S-2"
-4.58219543907614;2.24220465580662;-684.277871365774;118.295266367471;"T40";48.6747350078076;3;2;3;"S-6";3;"S-2"
-4.01428527033943;2.58980868347431;-685.462293516271;118.874839389965;"T40";48.9332185592502;3;2;3;"S-6";3;"S-2"
-4.94652331193638;2.4787609843605;-686.956272186858;119.838676953428;"T40";49.3053841055371;3;2;3;"S-6";3;"S-2"
-4.63946192081173;2.44776875910022;-687.199741802986;119.960682440369;"T40";49.3546044570394;3;2;3;"S-6";3;"S-2"
-5.13268479139274;2.08696528131254;-688.556116754896;120.676302546661;"T40";49.6469605481252;3;2;3;"S-6";3;"S-2"
-5.10381410593448;2.19582304459651;-689.287445476946;120.973663034238;"T40";49.7894451837055;3;2;3;"S-6";3;"S-2"
-4.54688472950342;2.2635676511193;-689.656399918425;121.132398961564;"T40";49.8617351287976;3;2;3;"S-6";3;"S-2"
-4.48503780132543;2.21059517155029;-689.721609676113;121.164862220877;"T40";49.8760767630301;3;2;3;"S-6";3;"S-2"
-4.42764289970107;2.23414392902633;-689.900282881568;121.252927058401;"T40";49.9159143771976;3;2;3;"S-6";3;"S-2"
-4.59157285874728;2.12897725637836;-689.952550031887;121.279300535039;"T40";49.92771911202;3;2;3;"S-6";3;"S-2"
-4.62157051386803;2.36882721244964;-690.117999292188;121.356014489733;"T40";49.9637523549609;3;2;3;"S-6";3;"S-2"
-4.75152594102373;2.32289226223251;-690.285520339697;121.441878897689;"T40";50;3;2;3;"S-6";3;"S-2"
