"Vx";"Vy";"X";"Y";"Traj";"Time";"TrueMovMode";"TrueTrajClust";"firstEstMovMode";"firstSegment";"finalEstMovMode";"finalSegment"
0;0;0;0;"T5";0;1;1;1;"S-1-NA";2;"S-1"
-2.86129872762046;2.84797478287942;0;0;"T5";0.0745543162338436;1;1;1;"S-1-NA";2;"S-1"
-3.76836525845991;3.63598976580167;-0.0629894562393165;0.0626961390731992;"T5";0.0965686049312353;1;1;1;"S-1-NA";2;"S-1"
-8.72083810862259;6.72713120688772;-0.595833385886611;0.576822276558851;"T5";0.237967830616981;1;1;1;"S-1-NA";2;"S-1"
-9.57094245954839;6.99827339608723;-0.807033896036921;0.739739363775271;"T5";0.262185744941235;1;1;1;"S-1-NA";2;"S-1"
-10.1549094903228;7.32960458264003;-0.998962837069677;0.880077810866103;"T5";0.282239040825516;1;1;1;"S-1-NA";2;"S-1"
-11.7938857286367;7.97706968397583;-1.59252169817684;1.30849637555972;"T5";0.340689474251121;1;1;1;"S-1-NA";2;"S-1"
-12.2084056955649;8.06694191310787;-1.78913180117734;1.44147820430515;"T5";0.357359985355288;1;1;1;"S-1-NA";2;"S-1"
-13.6406152267031;8.54326008560197;-2.46787301951082;1.88996968786695;"T5";0.412956206128001;1;1;1;"S-1-NA";2;"S-1"
-16.633804639356;8.62289723157892;-3.8361556076017;2.74693939387971;"T5";0.513265654444695;1;1;1;"S-1-NA";2;"S-1"
-17.598104502223;8.44442008268473;-4.44947944376759;3.06488399666909;"T5";0.550137786194682;1;1;4;"S-2-NA";2;"S-1"
-18.0888896097538;8.32448569020987;-5.52021793982126;3.57867601661289;"T5";0.610981753561646;1;1;4;"S-2-NA";2;"S-1"
-20.3751189173239;7.38898693914453;-8.54664488196134;4.97143413034067;"T5";0.778290361631662;1;1;4;"S-2-NA";2;"S-1"
-21.0383785751214;6.87403687265397;-9.91994309779544;5.46945736257422;"T5";0.845691107679158;1;1;4;"S-2-NA";2;"S-1"
-22.2868870928954;5.76900261653718;-12.6079683744294;6.3477372547356;"T5";0.973458809312433;1;1;4;"S-2-NA";2;"S-1"
-23.0576505141364;4.64273777572282;-14.5323695902191;6.84587212672933;"T5";1.05980560183525;1;1;4;"S-2-NA";2;"S-1"
-23.2939450877948;4.4441892247979;-15.1365324135802;6.96752240332564;"T5";1.08600787352771;1;1;4;"S-2-NA";2;"S-1"
-23.1471430656625;3.37895747386802;-17.1242291030647;7.34674971652997;"T5";1.17133891908452;1;1;4;"S-2-NA";2;"S-1"
-22.7158471150914;2.81377864251606;-20.9344543647211;7.90295611696878;"T5";1.33594779763371;1;1;2;"S-3-NA";2;"S-1"
-23.1238679526646;1.95461155786804;-25.2587322753232;8.43859807509205;"T5";1.52631172677502;1;1;4;"S-4-NA";2;"S-1"
-23.2356324099126;1.64366242031628;-25.9364304373087;8.49588246466192;"T5";1.55561902793124;1;1;4;"S-4-NA";2;"S-1"
-23.2419424208537;1.26421224591694;-27.5651186602258;8.61109403193042;"T5";1.62571344990283;1;1;4;"S-4-NA";2;"S-1"
-22.9813018324915;0.411234854174138;-31.4856169471908;8.82434393397089;"T5";1.79439549101517;1;1;4;"S-4-NA";2;"S-1"
-21.8510445141949;1.03428391460351;-37.7147376789881;8.93580983674895;"T5";2.06544718239456;1;1;2;"S-5";2;"S-1"
-21.2090364148561;1.55444481484398;-41.6098732283205;9.12017978946484;"T5";2.2437057341449;1;1;2;"S-5";2;"S-1"
-21.0635386129303;1.71231952563556;-42.1565107992458;9.16024374716207;"T5";2.26947953924537;1;1;2;"S-5";2;"S-1"
-20.8862837734677;1.79373123563079;-42.4076200071862;9.1806571832767;"T5";2.28140105027705;1;1;2;"S-5";2;"S-1"
-20.6493937912858;2.04553533976304;-43.1109321867172;9.24105821193777;"T5";2.31507444987074;1;1;2;"S-5";2;"S-1"
-20.5875989660017;2.68814001244038;-49.2890586174727;9.85306532824196;"T5";2.6142661110498;1;1;2;"S-5";2;"S-1"
-20.9767581624658;2.44870124520762;-50.5588217538803;10.0188593627448;"T5";2.67594222677872;1;1;2;"S-5";2;"S-1"
-21.4689917795379;2.88874116691766;-54.0510263211677;10.4265184302806;"T5";2.84242193447426;1;1;2;"S-5";2;"S-1"
-21.3935099003194;2.98312373712468;-55.4130102857862;10.6097789758934;"T5";2.90586152113974;1;1;2;"S-5";2;"S-1"
-21.2273835329099;2.96237947362954;-57.3277666653252;10.8767737436164;"T5";2.99536326201633;1;1;2;"S-5";2;"S-1"
-21.5203784333398;2.77959240076988;-58.4120768390003;11.0280942394543;"T5";3.04644398856908;1;1;2;"S-5";2;"S-1"
-21.980301567525;2.84813548539318;-59.6404924422674;11.1867575588009;"T5";3.10352549422532;1;1;2;"S-5";2;"S-1"
-21.9140979167546;2.86295490572918;-60.1284864881691;11.2499902289499;"T5";3.12572692055255;1;1;2;"S-5";2;"S-1"
-21.9128689011015;2.87368521782846;-60.2396415577782;11.2645120200381;"T5";3.13079922925681;1;1;2;"S-5";2;"S-1"
-22.0203034954766;2.6708776991196;-60.5475883318871;11.3048966039385;"T5";3.1448524678126;1;1;2;"S-5";2;"S-1"
-22.0809963034656;2.69993510783787;-60.7071936810498;11.3242553910608;"T5";3.15210056724027;1;1;2;"S-5";2;"S-1"
-21.9797297662754;2.07625832139586;-70.465675887357;12.5174655318498;"T5";3.5940408706665;1;1;2;"S-5";2;"S-1"
-22.1714223480171;1.57009065735207;-75.3331530211523;12.9772591694747;"T5";3.8154938723892;1;1;2;"S-5";2;"S-1"
-21.0438526134431;2.62097118478349;-83.2529672154521;13.5381084501049;"T5";4.17270208708942;1;1;2;"S-5";2;"S-1"
-21.5469295957786;2.33658421631411;-86.6034143894622;13.9554001723255;"T5";4.33191471965984;1;1;2;"S-5";2;"S-1"
-21.6758507821526;1.96164354082874;-87.9567813224013;14.1021614916277;"T5";4.39472491852939;1;1;2;"S-5";2;"S-1"
-21.6838781854177;1.90354518293475;-88.9147529683009;14.1888569994701;"T5";4.43892026087269;1;1;2;"S-5";2;"S-1"
-21.3521932906223;1.5774123128638;-91.1561492208521;14.3856206504696;"T5";4.54228720627725;1;1;2;"S-5";2;"S-1"
-21.1308264274861;1.57338786098536;-92.7810925860259;14.5056647900596;"T5";4.61838914779946;1;1;2;"S-5";2;"S-1"
-21.2618424121081;1.51879168306694;-94.0028626577935;14.5966370104993;"T5";4.67620847048238;1;1;2;"S-5";2;"S-1"
-20.6455164541172;2.18436289938457;-101.750372925913;15.1500629051901;"T5";5.04059412050992;1;1;2;"S-5";2;"S-1"
-21.0403002522493;2.25993974874497;-103.902433964938;15.3777579740592;"T5";5.14483278384432;1;1;2;"S-5";2;"S-1"
-20.9618876209582;2.22574225845141;-104.091252624762;15.3980389961703;"T5";5.15380692668259;1;1;2;"S-5";2;"S-1"
-21.204400754724;2.25878051537312;-104.543641423343;15.4460738337031;"T5";5.17538841813803;1;1;2;"S-5";2;"S-1"
-21.0318461311709;2.54972360176455;-106.241045152595;15.6268883030533;"T5";5.25543801486492;1;1;2;"S-5";2;"S-1"
-20.9628041716112;2.67302164285581;-108.076958606596;15.8494589625793;"T5";5.34273008815944;1;1;2;"S-5";2;"S-1"
-20.9205126515836;2.64285151111197;-109.861319251538;16.0769874260207;"T5";5.42785041034222;1;1;2;"S-5";2;"S-1"
-21.6623505528561;2.57260989669564;-119.643335926569;17.3127323612372;"T5";5.89543057139963;1;1;2;"S-5";2;"S-1"
-21.6483927439906;2.56772988444076;-119.820160055133;17.3337319061393;"T5";5.9035933110863;1;1;2;"S-5";2;"S-1"
-21.7237379825247;2.25849345999591;-122.165502534896;17.6119144966786;"T5";6.01193126058206;1;1;2;"S-5";2;"S-1"
-21.5465563787499;2.187710858653;-123.277526389045;17.7275252909155;"T5";6.06312060263008;1;1;2;"S-5";2;"S-1"
-21.5620006471843;2.22347527916986;-123.352392337951;17.7351267399121;"T5";6.06659521581605;1;1;2;"S-5";2;"S-1"
-21.4742927373769;2.14955376940427;-123.952056223076;17.7969641290396;"T5";6.09440635889769;1;1;2;"S-5";2;"S-1"
-21.4466545684808;2.14157776794207;-124.14705753552;17.8164835521623;"T5";6.10348704503849;1;1;2;"S-5";2;"S-1"
-21.561417272887;1.93725334610833;-125.987613708252;18.0002741833578;"T5";6.18930724449456;1;1;2;"S-5";2;"S-1"
-21.6208441040782;1.77743399937914;-128.199431105574;18.1990018736442;"T5";6.29188943421468;1;1;2;"S-5";2;"S-1"
-21.9115264432317;2.24813044975969;-133.819574973593;18.6610298474056;"T5";6.55183043563738;1;1;2;"S-5";2;"S-1"
-21.0363699609252;2.10212506819189;-136.951479106909;18.9823643316132;"T5";6.69476452749223;1;1;2;"S-5";2;"S-1"
-21.7022894278157;1.99233794787579;-140.308413159168;19.3178164669686;"T5";6.85434215702116;1;1;2;"S-5";2;"S-1"
-21.7801280536728;2.03844542992633;-140.978192597488;19.3793043111941;"T5";6.88520431285724;1;1;2;"S-5";2;"S-1"
-21.7884998350499;1.98008234075037;-141.607419963575;19.4381949497442;"T5";6.91409428836778;1;1;2;"S-5";2;"S-1"
-21.229700745004;2.94477933184357;-158.617216204536;20.9840011048935;"T5";7.69477200228721;1;1;2;"S-5";2;"S-1"
-21.5127266118157;2.69018710525055;-159.541754221679;21.1122441016784;"T5";7.73832127451897;1;1;2;"S-5";2;"S-1"
-21.4198527475279;2.6340695401604;-162.533134156681;21.4863190329159;"T5";7.87737291539088;1;1;2;"S-5";2;"S-1"
-21.4640885340021;2.17386769052356;-164.804565002873;21.7656443333771;"T5";7.98341616755351;1;1;2;"S-5";2;"S-1"
-21.5219835498909;2.07769402952752;-167.17868318491;22.0060933420195;"T5";8.09402501909062;1;1;2;"S-5";2;"S-1"
-21.5965085598442;2.09803145224871;-168.497276256941;22.133387972962;"T5";8.15529228420928;1;1;2;"S-5";2;"S-1"
-21.1405472070671;2.29196637598179;-173.19814939954;22.5900627025312;"T5";8.37296048412099;1;1;2;"S-5";2;"S-1"
-20.5572581307451;2.51823568521089;-175.590241203393;22.8494029139738;"T5";8.48611232358962;1;1;2;"S-5";2;"S-1"
-21.0481402136193;2.56310846713462;-176.050893139225;22.9058321389169;"T5";8.50852056173608;1;1;2;"S-5";2;"S-1"
-20.9644551786658;2.84000513545717;-177.563497521825;23.0900274673933;"T5";8.58038460137323;1;1;2;"S-5";2;"S-1"
-21.2438749724187;2.67781787847932;-179.042511071263;23.2903859331879;"T5";8.65093322936445;1;1;2;"S-5";2;"S-1"
-21.3275312936509;2.62704158219964;-180.477143377218;23.4712231882988;"T5";8.71846480295062;1;1;2;"S-5";2;"S-1"
-21.6476445837876;2.59607079352252;-181.99258203179;23.6578889728201;"T5";8.78952031489462;1;1;2;"S-5";2;"S-1"
-21.9642250487525;2.5035971191497;-185.193122198359;24.0417103542995;"T5";8.93736735451967;1;1;2;"S-5";2;"S-1"
-21.8571932156008;2.43790915097125;-190.06642328423;24.5971946717409;"T5";9.15924183791503;1;1;2;"S-5";2;"S-1"
-21.8409979342465;2.49740032909545;-190.372789675629;24.6313661878077;"T5";9.1732585686259;1;1;2;"S-5";2;"S-1"
-22.3000041631698;2.30673314508691;-191.049124591429;24.7087014380734;"T5";9.20422486960888;1;1;2;"S-5";2;"S-1"
-22.3327932545434;2.13725579378611;-193.280483373388;24.9395152631859;"T5";9.304285782855;1;1;2;"S-5";2;"S-1"
-22.2706017167258;2.11494345582565;-194.007204499111;25.0090627182989;"T5";9.33682632166892;1;1;2;"S-5";2;"S-1"
-22.2761040068393;2.0035749948373;-196.845412334197;25.2785951343261;"T5";9.46426822338253;1;1;2;"S-5";2;"S-1"
-22.2983703026388;1.86566493862914;-198.402732619825;25.4186648692438;"T5";9.53417812706903;1;1;2;"S-5";2;"S-1"
-21.8531551928117;2.13665114609441;-201.305322161951;25.6615193678676;"T5";9.66434860602021;1;1;2;"S-5";2;"S-1"
-21.4985275327536;1.98592000561724;-203.284653819938;25.8550447978674;"T5";9.75492278812453;1;1;2;"S-5";2;"S-1"
-21.269930812421;2.0561008046453;-205.648464203292;26.0734010700649;"T5";9.86487498739734;1;1;2;"S-5";2;"S-1"
-20.5038978542632;2.41936597064147;-207.526459626417;26.2549412891968;"T5";9.95316843036562;1;1;2;"S-5";2;"S-1"
-20.5218539311215;2.7572448118601;-208.75232683709;26.3995880015003;"T5";10.0129554630257;1;1;2;"S-5";2;"S-1"
-20.4084770492192;3.04488360769113;-210.275580330414;26.6042470350221;"T5";10.0871813832782;1;1;2;"S-5";2;"S-1"
-20.789749568615;3.09811399380559;-214.094387088898;27.1740015577042;"T5";10.2743000374176;1;1;2;"S-5";2;"S-1"
-20.8832788078189;3.1873457128451;-216.313189159454;27.5046501651627;"T5";10.381025809329;1;1;2;"S-5";2;"S-1"
-21.3494021424809;3.17891079534993;-218.307911444645;27.8090980242623;"T5";10.476543486584;1;1;2;"S-5";2;"S-1"
-21.8038305854392;3.27248335455267;-220.409225823073;28.1219822407584;"T5";10.5749684618786;1;1;2;"S-5";2;"S-1"
-21.8369281549899;3.12224930164755;-221.235707964492;28.2460269144696;"T5";10.6128738261759;1;1;2;"S-5";2;"S-1"
-22.0490648494363;3.18012776295669;-222.090471326946;28.3682411880412;"T5";10.6520168483257;1;1;2;"S-5";2;"S-1"
-21.9824450298885;3.1366105031061;-222.254291735836;28.3918689397852;"T5";10.6594466604292;1;1;2;"S-5";2;"S-1"
-21.9945674208224;2.935320274562;-224.950627280981;28.7766011376505;"T5";10.7821052428335;1;1;2;"S-5";2;"S-1"
-21.9320889176575;2.6318632568858;-226.879602914931;29.0340356749675;"T5";10.8698076102883;1;1;2;"S-5";2;"S-1"
-22.0407355582404;2.63507342369606;-228.527707264795;29.2318091427939;"T5";10.9449534094892;1;1;2;"S-5";2;"S-1"
-22.0261168195398;2.52675415133097;-229.326749540984;29.3273383986498;"T5";10.9812063863501;1;1;2;"S-5";2;"S-1"
-21.8785403455043;2.17177870838434;-230.808402828408;29.4973081498094;"T5";11.0484744072892;1;1;2;"S-5";2;"S-1"
-21.492235644374;2.30271262518889;-232.909244661688;29.7058487330088;"T5";11.1444973503239;1;1;2;"S-5";2;"S-1"
-21.154453594506;2.29149363400867;-234.593051046941;29.8862544518857;"T5";11.2228422192857;1;1;2;"S-5";2;"S-1"
-20.9512593736908;2.2802379434928;-236.635674393256;30.1075155860411;"T5";11.319399822969;1;1;2;"S-5";2;"S-1"
-21.0664473980714;2.73193351599865;-239.011802616632;30.3661223665171;"T5";11.4328120136634;1;1;2;"S-5";2;"S-1"
-20.9370823250127;2.78807395741925;-243.333097778078;30.9265154342708;"T5";11.6379389190115;1;1;2;"S-5";2;"S-1"
-20.4457422135482;2.96504992933011;-244.857572717217;31.1295212213509;"T5";11.7107511148788;1;1;2;"S-5";2;"S-1"
-20.5209014614656;3.4760199795624;-251.122743992537;32.0380989317174;"T5";12.0171802584082;1;1;2;"S-5";2;"S-1"
-20.6773127290248;3.38012046588303;-252.95423453795;32.3483337301345;"T5";12.1064302627929;1;1;2;"S-5";2;"S-1"
-20.9656463275458;3.53042770810461;-255.095213500187;32.6983195770441;"T5";12.209972681012;1;1;2;"S-5";2;"S-1"
-21.081489060377;3.20573340975222;-256.280220135337;32.8978641173679;"T5";12.2664940310642;1;1;2;"S-5";2;"S-1"
-20.777308594012;3.38823580392883;-257.445397017813;33.075045456396;"T5";12.3217641725205;1;1;2;"S-5";2;"S-1"
-20.5562628195754;3.55761945595743;-258.588903165217;33.261521411793;"T5";12.3768004705198;1;1;2;"S-5";2;"S-1"
-20.5556751559494;3.69415595713114;-259.947365881568;33.4966270548907;"T5";12.4428855720907;1;1;2;"S-5";2;"S-1"
-20.9037089471459;3.85804340223674;-262.308174912324;33.9208990225323;"T5";12.5577350729145;1;1;2;"S-5";2;"S-1"
-21.0968679653184;3.74243734862169;-262.508762006315;33.957919903205;"T5";12.5673308386467;1;1;2;"S-5";2;"S-1"
-21.4583403210693;3.6396035399648;-264.486436027141;34.3087454916811;"T5";12.6610733801499;1;1;2;"S-5";2;"S-1"
-21.337023408956;3.66861630149838;-264.766619635211;34.3562681442495;"T5";12.6741304760799;1;1;2;"S-5";2;"S-1"
-21.2582609067763;3.20796986668034;-268.532599161149;35.0037780435997;"T5";12.8506302367896;1;1;2;"S-5";2;"S-1"
-21.2000800127227;3.14450482736705;-268.778300992373;35.0408555860295;"T5";12.8621881827712;1;1;2;"S-5";2;"S-1"
-22.2526377860816;2.63855965121085;-272.110829631979;35.5351533617119;"T5";13.0193823366426;1;1;2;"S-5";2;"S-1"
-21.8659483196585;2.47239849358742;-276.158385744317;36.0150838017206;"T5";13.2012734073214;1;1;2;"S-5";2;"S-1"
-21.6576551305463;2.52516936690132;-276.826485409259;36.0906263110608;"T5";13.2318277494051;1;1;2;"S-5";2;"S-1"
-21.6951732796178;2.13268757041635;-280.447552655191;36.5128238218162;"T5";13.3990234695375;1;1;2;"S-5";2;"S-1"
-21.624778606767;1.85746343358852;-282.061985127501;36.6715264061467;"T5";13.4734378312714;1;1;2;"S-5";2;"S-1"
-21.8392258323815;1.61694739658753;-287.095473383504;37.1038785956852;"T5";13.7062026769854;1;1;2;"S-5";2;"S-1"
-21.4710240460418;1.82678196703911;-295.605677111146;37.7339628242863;"T5";14.0958778327331;1;1;2;"S-5";2;"S-1"
-21.6776912291017;1.86688415422504;-295.851306996658;37.7548613265867;"T5";14.1073178965598;1;1;2;"S-5";2;"S-1"
-21.481877753918;1.77494896759698;-296.152198670354;37.7807741367575;"T5";14.1211981419474;1;1;2;"S-5";2;"S-1"
-20.8424624273653;2.27017218875761;-297.786678665948;37.9158237173376;"T5";14.1972846002318;1;1;2;"S-5";2;"S-1"
-20.9104876818876;2.77511304834888;-301.846958110435;38.3580715326128;"T5";14.3920926493593;1;1;2;"S-5";2;"S-1"
-20.7666525115572;2.64246389906374;-306.808164640409;39.0164927605792;"T5";14.6293518948369;1;1;2;"S-5";2;"S-1"
-20.8092748181338;3.08143729251831;-311.120387309237;39.5652038598168;"T5";14.8370032082312;1;1;2;"S-5";2;"S-1"
-20.9056602087101;3.14091326137611;-313.178754460301;39.8700068554242;"T5";14.9359190603718;1;1;2;"S-5";2;"S-1"
-21.3384640397042;3.07610164898875;-314.957473899796;40.137245651999;"T5";15.0210022111423;1;1;2;"S-5";2;"S-1"
-21.5950581681035;3.04779095523683;-315.696319992704;40.2437559275517;"T5";15.0556272943504;1;1;2;"S-5";2;"S-1"
-21.8856721188897;2.80733436629998;-318.110771718995;40.5845164884154;"T5";15.1674330467358;1;1;2;"S-5";2;"S-1"
-21.7166312410266;2.72282787726319;-321.342524100107;40.9990621086541;"T5";15.3150982572697;1;1;2;"S-5";2;"S-1"
-21.5319940334216;2.80038322501525;-322.271710487885;41.1155633547146;"T5";15.3578851139173;1;1;2;"S-5";2;"S-1"
-21.4282715399754;2.72561341543677;-322.993664193343;41.2094583763677;"T5";15.3914144611917;1;1;2;"S-5";2;"S-1"
-21.4349810981861;2.85142006110665;-324.504998222388;41.4016956409127;"T5";15.4619443695992;1;1;2;"S-5";2;"S-1"
-21.6410215221195;2.80711320829197;-325.042863636065;41.4732459830244;"T5";15.4870372498408;1;1;2;"S-5";2;"S-1"
-21.6090327587062;2.64488770040777;-326.574243862247;41.6718852965817;"T5";15.5578000936657;1;1;2;"S-5";2;"S-1"
-21.012852976352;2.79767132836282;-329.48039135102;42.0275899611289;"T5";15.6922877184115;1;1;2;"S-5";2;"S-1"
-21.9744395687331;2.18422236453547;-341.643416765838;43.6469867897024;"T5";16.271125129424;1;1;2;"S-5";2;"S-1"
-21.8849410628188;1.97453851385291;-342.077545206575;43.690138427148;"T5";16.2908811937086;1;1;2;"S-5";2;"S-1"
-21.8282046285989;2.01226845230641;-342.976365051397;43.771233203484;"T5";16.3319514365867;1;1;2;"S-5";2;"S-1"
-21.8597780005818;2.05108360046154;-343.19268522287;43.7911750293949;"T5";16.3418615586124;1;1;2;"S-5";2;"S-1"
-21.4719618677263;2.11100899307765;-344.108960190683;43.8771482977394;"T5";16.3837775820866;1;1;2;"S-5";2;"S-1"
-21.5955882785698;2.2110745085083;-346.27407108108;44.0900104753455;"T5";16.4846119121648;1;1;2;"S-5";2;"S-1"
-21.9273559646103;2.13648066287082;-347.879870413005;44.2544209985875;"T5";16.5589696611278;1;1;2;"S-5";2;"S-1"
-21.5145494569401;2.28202389444835;-351.25669260712;44.583439934173;"T5";16.7129700887017;1;1;2;"S-5";2;"S-1"
-21.6455615147854;2.04525628254371;-354.130055700573;44.8882143032486;"T5";16.8465245049447;1;1;2;"S-5";2;"S-1"
-21.0722537374957;2.15318766743884;-356.782972047362;45.1388843457711;"T5";16.969086183235;1;1;2;"S-5";2;"S-1"
-20.9202853109175;2.18386393378939;-358.098808164762;45.2733380276435;"T5";17.0315301977098;1;1;2;"S-5";2;"S-1"
-21.029377079842;1.98013761984358;-360.879418251535;45.5636052965734;"T5";17.1644447371364;1;1;2;"S-5";2;"S-1"
-20.9297949723436;1.88500324737773;-362.529258889745;45.7189551912499;"T5";17.242898826953;1;1;2;"S-5";2;"S-1"
-21.0729027968146;1.80093544276542;-362.750056994346;45.7388409638883;"T5";17.2534482902847;1;1;2;"S-5";2;"S-1"
-21.1538194128466;2.47020694377592;-367.055733736093;46.1068133274525;"T5";17.4577711964957;1;1;2;"S-5";2;"S-1"
-21.4461440524358;2.43676842299911;-367.492456555095;46.1578110087198;"T5";17.4784163013101;1;1;2;"S-5";2;"S-1"
-21.5710437185084;2.10171624049072;-370.604484276688;46.5114079474019;"T5";17.6235252642073;1;1;2;"S-5";2;"S-1"
-21.3536465023965;1.91288785682534;-373.367545830343;46.7806193688136;"T5";17.7516164956614;1;1;2;"S-5";2;"S-1"
-21.3737965798995;2.18570390504801;-376.986036037066;47.1047685007056;"T5";17.9210718721151;1;1;2;"S-5";2;"S-1"
-21.0280520907028;2.26934245316661;-378.274052473989;47.2364822346427;"T5";17.9813333437778;1;1;2;"S-5";2;"S-1"
-20.7611879464455;2.90894566474823;-382.237302297435;47.6641952267;"T5";18.1698077591136;1;1;2;"S-5";2;"S-1"
-20.6703294313405;3.00139889988435;-383.08729428136;47.7832915184482;"T5";18.2107491535135;1;1;2;"S-5";2;"S-1"
-20.3176818188098;3.54599351776624;-384.667834781936;48.0127911273154;"T5";18.2872133678757;1;1;2;"S-5";2;"S-1"
-20.5932799374663;3.41647434362515;-385.211889677199;48.107743649415;"T5";18.3139907778241;1;1;2;"S-5";2;"S-1"
-20.5618229585269;3.15029185652443;-386.651370186453;48.3465569051444;"T5";18.3838912751526;1;1;2;"S-5";2;"S-1"
-20.9622536437505;3.48256753228985;-391.402360136185;49.0744595322246;"T5";18.6149500659667;1;1;2;"S-5";2;"S-1"
-21.3222080496802;3.23125712075248;-395.786669856475;49.8028475644884;"T5";18.8241026597098;1;1;2;"S-5";2;"S-1"
-21.4262704155406;3.24022214643033;-395.915114922206;49.8223126701802;"T5";18.8301266636699;1;1;2;"S-5";2;"S-1"
-21.6279974634849;2.49028512518749;-404.68111363587;51.1479649006771;"T5";19.2392505356111;1;1;2;"S-5";2;"S-1"
-21.6392609624064;2.61752614096702;-405.424836136517;51.2335983988202;"T5";19.2736375611275;1;1;2;"S-5";2;"S-1"
-22.017412336512;2.14458859243914;-414.908922333475;52.3808114938909;"T5";19.7119189891964;1;1;2;"S-5";2;"S-1"
-21.2917267210894;2.24414323776375;-423.543981393649;53.2219025754608;"T5";20.1041112653911;1;1;2;"S-5";2;"S-1"
-20.1861404949177;2.94172867094836;-431.917121283086;54.1044296484349;"T5";20.4973691725172;1;1;2;"S-5";2;"S-1"
-20.2120795524197;3.2911237888205;-435.478456160527;54.6234234064768;"T5";20.6737939268351;1;1;2;"S-5";2;"S-1"
-20.3041663408962;3.13692264203614;-436.008390568129;54.7097123868288;"T5";20.7000126247294;1;1;2;"S-5";2;"S-1"
-20.6098707748604;3.09403051322629;-437.508632877772;54.9414945733341;"T5";20.7739010220394;1;1;2;"S-5";2;"S-1"
-20.7836560099518;3.14649954385763;-439.075785554536;55.1767613663072;"T5";20.8499399595894;1;1;2;"S-5";2;"S-1"
-20.7847072465798;3.10904294356235;-440.792383440827;55.4366422295978;"T5";20.9325336036272;1;1;2;"S-5";2;"S-1"
-20.686989270149;3.24219491788247;-442.498001361034;55.6917740097247;"T5";21.0145947989076;1;1;2;"S-5";2;"S-1"
-20.519384017437;3.55272272351718;-443.217176171602;55.8044876040251;"T5";21.0493593942374;1;1;2;"S-5";2;"S-1"
-20.6660779254753;3.73824262262823;-446.288570578797;56.3362683189848;"T5";21.1990419775248;1;1;2;"S-5";2;"S-1"
-21.0063575386554;3.77257615815095;-448.351206173685;56.7093740589111;"T5";21.2988497689366;1;1;2;"S-5";2;"S-1"
-21.4686309881836;3.46358860344619;-449.847557149315;56.9781068939349;"T5";21.3700830121525;1;1;2;"S-5";2;"S-1"
-21.2583515466964;3.4268741281418;-455.912584307726;57.9565930841828;"T5";21.6525894822553;1;1;2;"S-5";2;"S-1"
-21.2873454487804;3.5751558953867;-457.780353831939;58.2576799791754;"T5";21.7404499882832;1;1;2;"S-5";2;"S-1"
-21.44590067593;3.23543499986408;-459.020012379937;58.4658775008817;"T5";21.798684517853;1;1;2;"S-5";2;"S-1"
-21.6833171456302;2.93789462088835;-459.996080673316;58.6131320072965;"T5";21.844197565224;1;1;2;"S-5";2;"S-1"
-21.6215544577493;2.99718810800148;-460.09680612799;58.6267794012578;"T5";21.8488428625278;1;1;2;"S-5";2;"S-1"
-21.5555722777812;2.8722571796885;-460.438329361605;58.6741214818838;"T5";21.8646383611485;1;1;2;"S-5";2;"S-1"
-21.2482457205404;2.97651211316574;-461.08716204642;58.7605777500524;"T5";21.8947388231754;1;1;2;"S-5";2;"S-1"
-21.2529071208208;3.00067217918926;-461.644730154104;58.8386834086683;"T5";21.920979488641;1;1;2;"S-5";2;"S-1"
-21.2683082980377;2.89579074825228;-463.296455581788;59.0718885184604;"T5";21.9986971118487;1;1;2;"S-5";2;"S-1"
-21.2511184490047;2.91877289202152;-463.417533343239;59.0883738851626;"T5";22.0043899840675;1;1;2;"S-5";2;"S-1"
-21.1478312990929;3.33186602398563;-466.186294615247;59.4686543567344;"T5";22.1346777747385;1;1;2;"S-5";2;"S-1"
-21.1195241706897;3.42569201099991;-467.127637545743;59.6169640572745;"T5";22.1791902789846;1;1;2;"S-5";2;"S-1"
-21.8027148309325;3.01904416157522;-468.722115984173;59.8755964016442;"T5";22.2546881181188;1;1;2;"S-5";2;"S-1"
-21.7193520638138;2.78394424517555;-475.984360659134;60.8812068293312;"T5";22.5877771270461;1;1;2;"S-5";2;"S-1"
-21.6705709420135;2.71070805362757;-477.317959763714;61.052144965131;"T5";22.6491785491817;1;1;2;"S-5";2;"S-1"
-21.6772320062337;2.42904689769933;-480.070208822122;61.3964157140733;"T5";22.7761825430207;1;1;2;"S-5";2;"S-1"
-21.5655260145443;2.39079179266943;-481.389207521581;61.544216397208;"T5";22.8370297350921;1;1;2;"S-5";2;"S-1"
-21.6679903788998;2.38107181925959;-481.644766222919;61.5725480801586;"T5";22.848880069796;1;1;2;"S-5";2;"S-1"
-21.4755917228061;2.37949385948606;-482.502075240449;61.6667568326243;"T5";22.8884457610548;1;1;2;"S-5";2;"S-1"
-21.6042065574964;2.20649469300895;-482.979119516902;61.7196133006171;"T5";22.9106590850279;1;1;2;"S-5";2;"S-1"
-21.1279377961363;1.92429489662475;-489.507828662836;62.3864076142321;"T5";23.2128552859649;1;1;2;"S-5";2;"S-1"
-20.9710866880195;1.89673250836992;-490.320036803011;62.4603820832133;"T5";23.2512976625003;1;1;2;"S-5";2;"S-1"
-20.8835526974711;1.9847207518819;-490.921718706785;62.5148012768185;"T5";23.2799886842258;1;1;2;"S-5";2;"S-1"
-21.0274779513347;1.79517782081922;-491.353889981014;62.5558737566189;"T5";23.3006830210797;1;1;2;"S-5";2;"S-1"
-20.8538981005598;1.59066305173362;-493.829251539206;62.7672026748115;"T5";23.4184033470228;1;1;2;"S-5";2;"S-1"
-20.7889555326821;2.12718478603668;-495.986325023245;62.9317367621266;"T5";23.5218407702632;1;1;2;"S-5";2;"S-1"
-21.3160672557204;2.23452470723394;-498.317321715533;63.1702509430021;"T5";23.6339674564078;1;1;2;"S-5";2;"S-1"
-21.5543095865624;2.11131018346093;-500.240177639151;63.3718204453982;"T5";23.7241743365303;1;1;2;"S-5";2;"S-1"
-21.2642612810825;2.20645901534477;-502.726381545993;63.615351680096;"T5";23.8395203603432;1;1;2;"S-5";2;"S-1"
-21.5875559650906;2.34428010644146;-516.842967914819;65.0801413028185;"T5";24.5033847750165;1;1;2;"S-5";2;"S-1"
-21.4796924756573;2.50657327075773;-521.01934613562;65.5336711232313;"T5";24.6968470746651;1;1;2;"S-5";2;"S-1"
-21.5680527259246;2.42757216343595;-521.0993464716;65.5430067645142;"T5";24.7005715384148;1;1;2;"S-5";2;"S-1"
-21.2056573226852;2.39342421004688;-524.262949685913;65.8990831890674;"T5";24.8472515959293;1;1;2;"S-5";2;"S-1"
-20.8475702670388;2.85828921336611;-531.034708966151;66.6633930314505;"T5";25.1665889867581;1;1;2;"S-5";2;"S-1"
-21.0032488233939;2.83184566092551;-532.211216211152;66.8246971030886;"T5";25.2230227692053;1;1;2;"S-5";2;"S-1"
-21.2623183283113;2.87333923476848;-532.660874741543;66.8853240836521;"T5";25.2444317680784;1;1;2;"S-5";2;"S-1"
-21.6291794706076;2.79292785256055;-535.828731819345;67.3134207705343;"T5";25.393421028275;1;1;2;"S-5";2;"S-1"
-21.3876569971618;2.61842645688554;-538.631977664383;67.6753976734871;"T5";25.5230258451775;1;1;2;"S-5";2;"S-1"
-21.4372666462954;2.53948785775931;-538.882894139027;67.7061166220734;"T5";25.5347576807253;1;1;2;"S-5";2;"S-1"
-21.5924438829091;2.29309081430889;-540.139101325932;67.8549286395106;"T5";25.5933569045737;1;1;2;"S-5";2;"S-1"
-21.658505021026;2.26509408618017;-543.305919510899;68.1912408110237;"T5";25.7400201633573;1;1;2;"S-5";2;"S-1"
-21.6099036274021;2.32228814478105;-543.381500452705;68.1991452321343;"T5";25.7435098290443;1;1;2;"S-5";2;"S-1"
-21.7509986226064;2.18530073440047;-544.055092567056;68.2715321806625;"T5";25.7746803574264;1;1;2;"S-5";2;"S-1"
-21.7417289045036;2.23070315318404;-544.271875710098;68.2933121628102;"T5";25.7846469408832;1;1;2;"S-5";2;"S-1"
-21.5718369281934;2.10123530632299;-545.243105371616;68.392960405042;"T5";25.8293181657791;1;1;2;"S-5";2;"S-1"
-21.4661796743216;2.05245782574108;-545.329618890415;68.4013873767821;"T5";25.833328650333;1;1;2;"S-5";2;"S-1"
-21.4832496860592;2.04969417865365;-546.204125722366;68.4850020869044;"T5";25.8740674704313;1;1;2;"S-5";2;"S-1"
-21.5578944929948;1.72649118286881;-549.19003605565;68.7698846404077;"T5";26.0130553040653;1;1;2;"S-5";2;"S-1"
-22.0366005339372;1.88671381744864;-550.729441308864;68.893169852579;"T5";26.0844632633962;1;1;2;"S-5";2;"S-1"
-22.3395780992694;1.70080355882512;-553.684602470352;69.1461827157736;"T5";26.2185656698421;1;1;2;"S-5";2;"S-1"
-22.3806640985682;1.56487026933904;-553.883708662039;69.1613414854648;"T5";26.227478380315;1;1;2;"S-5";2;"S-1"
-22.3869665423424;1.36144781345398;-556.733996523025;69.3606354256745;"T5";26.3548333081417;1;1;2;"S-5";2;"S-1"
-22.015602581237;1.12343937984099;-559.855241657021;69.5504517795292;"T5";26.4942557318136;1;1;2;"S-5";2;"S-1"
-21.9108025230603;1.29556876739827;-560.147674903069;69.5653744246565;"T5";26.5075387316756;1;1;2;"S-5";2;"S-1"
-22.113884545104;1.1892907072587;-560.701025083473;69.5980935918532;"T5";26.5327934059314;1;1;2;"S-5";2;"S-1"
-22.0033588377432;1.22081441989251;-561.731686690578;69.6535228525586;"T5";26.5794003964402;1;1;2;"S-5";2;"S-1"
-21.624048770695;1.26920708927557;-566.271038261584;69.9053801210652;"T5";26.7857030616142;1;1;2;"S-5";2;"S-1"
-21.3824403909362;1.30484112781541;-568.980329164936;70.0643998891905;"T5";26.9109937013127;1;1;2;"S-5";2;"S-1"
-21.2387632814782;1.41269379239032;-571.120285656318;70.1949885025872;"T5";27.0110737881623;1;1;2;"S-5";2;"S-1"
-21.304198520591;1.50070892112059;-572.060356822998;70.2575172234912;"T5";27.055335836485;1;1;2;"S-5";2;"S-1"
-21.2040807607997;1.76651196431487;-573.639399335141;70.3687480300625;"T5";27.1294546779245;1;1;2;"S-5";2;"S-1"
-21.073027224837;1.94824958547827;-575.23066070774;70.5013160147235;"T5";27.204499731306;1;1;2;"S-5";2;"S-1"
-21.4222235844828;2.05741704616937;-578.49190381186;70.8028254019585;"T5";27.3592588491738;1;1;2;"S-5";2;"S-1"
-21.3273476540946;2.08058702167557;-582.159898730996;71.1551042044895;"T5";27.5304826674983;1;1;2;"S-5";2;"S-1"
-21.3832425741123;2.14644289389945;-583.098485950741;71.2466679760275;"T5";27.5744912913069;1;1;2;"S-5";2;"S-1"
-20.8739527136173;2.29891342859077;-586.164437869714;71.5544272266047;"T5";27.7178723481484;1;1;2;"S-5";2;"S-1"
-21.2887369038045;2.51939745513673;-589.585385948205;71.9311868937387;"T5";27.8817583224736;1;1;2;"S-5";2;"S-1"
-21.3127551747413;2.69447311484632;-594.349996441863;72.4950506685921;"T5";28.1055673025548;1;1;2;"S-5";2;"S-1"
-21.2820495244731;2.75578980395834;-596.582936413646;72.7773509470735;"T5";28.2103374251164;1;1;2;"S-5";2;"S-1"
-21.2308279491948;2.76974931805629;-597.193234428426;72.8563777834961;"T5";28.2390140811913;1;1;2;"S-5";2;"S-1"
-21.0384352812762;2.78165993217567;-597.520063639887;72.8990155453266;"T5";28.2544081681408;1;1;2;"S-5";2;"S-1"
-20.8947081477672;2.98266990138021;-600.501645308724;73.2932343240442;"T5";28.3961288630962;1;1;2;"S-5";2;"S-1"
-20.8542646721325;3.08783296188003;-601.49334270878;73.4347967696886;"T5";28.4435905166902;1;1;2;"S-5";2;"S-1"
-21.104126231761;3.12901975238613;-603.348866372003;73.7095389971864;"T5";28.5325662582181;1;1;2;"S-5";2;"S-1"
-21.7251651371469;2.95113774041928;-604.662292774609;73.9042751882007;"T5";28.594801784493;1;1;2;"S-5";2;"S-1"
-21.8418290419501;2.78313276569542;-606.893562626862;74.2073699922436;"T5";28.6975061753765;1;1;2;"S-5";2;"S-1"
-21.8985008314754;2.63787620143364;-607.751141152737;74.3166444898113;"T5";28.7367693032138;1;1;2;"S-5";2;"S-1"
-12.4414643401022;-5.7942300273488;-612.809567657265;74.925978571431;"T5";28.9677634951659;2;1;1;"S-6-NA";8;"S-2"
-6.24834771064437;-8.83960020225544;-615.323114546155;73.7553712811128;"T5";29.1697933222167;2;1;1;"S-6-NA";8;"S-2"
-4.4029702656716;-8.95181709855873;-615.734468302849;73.1734249939883;"T5";29.23562732758;2;1;6;"S-7-NA";8;"S-2"
-2.92813948161186;-8.76038079657295;-615.996677225101;72.6403198009077;"T5";29.2951800627634;2;1;6;"S-7-NA";8;"S-2"
0.619426718517318;-7.64914200544905;-616.610236574238;70.8046785777049;"T5";29.5047190389596;2;1;6;"S-7-NA";8;"S-2"
1.45517240721592;-6.89088597366765;-616.561129701396;70.1982703738324;"T5";29.5839969767258;2;1;6;"S-7-NA";8;"S-2"
1.78169954941304;-6.65678173310773;-616.509988438144;69.9560938373107;"T5";29.6191414468922;2;1;6;"S-7-NA";8;"S-2"
3.84947621549656;-4.34260088858243;-616.088516754243;68.381392307338;"T5";29.8556974274106;2;1;6;"S-7-NA";8;"S-2"
3.91370203785954;-3.99788383283275;-615.928432131586;68.2008005629857;"T5";29.8972835065797;2;1;6;"S-7-NA";8;"S-2"
4.23414610566907;-3.62572578522447;-615.751823820546;68.0203934945322;"T5";29.9424091470428;2;1;6;"S-7-NA";8;"S-2"
3.93739994146096;-2.84541474447483;-614.945008579696;67.3295125590004;"T5";30.1329588401131;2;1;6;"S-7-NA";8;"S-2"
3.99084823498502;-2.62862708523575;-614.844691666039;67.2570171992491;"T5";30.1584367989562;2;1;6;"S-7-NA";8;"S-2"
3.84229633851555;-2.46119148953307;-614.661250813971;67.1361913587531;"T5";30.2044021780603;2;1;6;"S-7-NA";8;"S-2"
4.2025232110335;-1.28638736242876;-614.223473367275;66.8557720388487;"T5";30.3183385869488;2;1;8;"S-8";8;"S-2"
3.73789857009943;-1.00604589913967;-613.668029423907;66.6857513076341;"T5";30.4505077423528;2;1;8;"S-8";8;"S-2"
2.46387406899547;-0.395862268347032;-612.581018093846;66.3931849711171;"T5";30.7413158821873;2;1;8;"S-8";8;"S-2"
2.57430495831942;-0.749478245288001;-612.322014253206;66.3515717047751;"T5";30.8464364497922;2;1;8;"S-8";8;"S-2"
2.57177099189031;-0.888876779132811;-612.222247398733;66.3225257726734;"T5";30.885191319976;2;1;8;"S-8";8;"S-2"
2.26463846045599;-0.77203384094625;-612.083288194842;66.2744975423312;"T5";30.9392238152213;2;1;8;"S-8";8;"S-2"
2.03994384979658;-1.25576895801066;-611.871734920836;66.2023772946415;"T5";31.0326397302561;2;1;8;"S-8";8;"S-2"
2.28411494529759;-1.49455052830691;-611.76117553426;66.1343180460047;"T5";31.0868369997479;2;1;8;"S-8";8;"S-2"
2.30426151408237;-1.49569604955387;-611.753114328678;66.129043408191;"T5";31.0903662466444;2;1;8;"S-8";8;"S-2"
2.37093435754804;-1.4330833908476;-611.745516297086;66.1241115262118;"T5";31.0936636291444;2;1;8;"S-8";8;"S-2"
2.87485475258564;-1.1400879089242;-610.922658742366;65.6267449538526;"T5";31.4407240832224;2;1;8;"S-8";8;"S-2"
2.77332549978913;-1.35335994797316;-610.594647231889;65.4966646578841;"T5";31.5548208076507;2;1;8;"S-8";8;"S-2"
2.76119290948768;-1.35140434627362;-610.48858954981;65.4449093846168;"T5";31.5930628683418;2;1;8;"S-8";8;"S-2"
2.801733165165;-1.35842559265766;-610.397555540839;65.400354817292;"T5";31.6260319552384;2;1;8;"S-8";8;"S-2"
2.648653105059;-1.42341139021717;-610.284356341882;65.3454699728527;"T5";31.6664352314547;2;1;8;"S-8";8;"S-2"
2.38781453403919;-0.895438744829735;-609.439761160655;64.8915764830688;"T5";31.985312467441;2;1;8;"S-8";8;"S-2"
2.54220318254231;-1.02997180832928;-609.335051471509;64.8523099859087;"T5";32.0291641517542;2;1;8;"S-8";8;"S-2"
2.22554111676428;-1.03771466240281;-609.139636329545;64.7731376803567;"T5";32.1060325717553;2;1;8;"S-8";8;"S-2"
2.37169635379244;-0.96303305780279;-609.073833883874;64.742455630863;"T5";32.1355995140038;2;1;8;"S-8";8;"S-2"
1.88280334376613;-1.11490596509673;-608.435348705431;64.4831971752961;"T5";32.4048098525964;2;1;8;"S-8";8;"S-2"
2.52145714528202;-1.21229459202044;-608.119838458794;64.2963671183015;"T5";32.5723845744506;2;1;8;"S-8";8;"S-2"
2.71155698143243;-1.25820503523262;-608.077592311457;64.2760555393218;"T5";32.5891392305493;2;1;8;"S-8";8;"S-2"
2.53202961581514;-1.25573540094275;-607.965383946252;64.2239890951857;"T5";32.6305207563564;2;1;8;"S-8";8;"S-2"
2.63609458555627;-1.41418552858426;-607.551011137808;64.0184849409289;"T5";32.7941731899045;2;1;8;"S-8";8;"S-2"
2.6819885746634;-1.39970292617357;-607.478130055428;63.9793864303617;"T5";32.8218205599114;2;1;8;"S-8";8;"S-2"
2.55973000293147;-1.29571065253509;-607.307520719101;63.8903471296183;"T5";32.8854335588403;2;1;8;"S-8";8;"S-2"
2.60191306221761;-1.26413488252076;-607.290960570235;63.881964541897;"T5";32.8919030493125;2;1;8;"S-8";8;"S-2"
2.62635062697576;-1.15045302553373;-607.235620214408;63.8550775274046;"T5";32.9131721518934;2;1;8;"S-8";8;"S-2"
2.7994897770855;-0.904744616593805;-607.074226253962;63.7843801238703;"T5";32.9746239469387;2;1;8;"S-8";8;"S-2"
2.80206136309447;-1.04743007539132;-606.721098597002;63.6702556326073;"T5";33.1007639528252;2;1;8;"S-8";8;"S-2"
3.0097573143498;-0.974584775388689;-606.699218669618;63.6620767631896;"T5";33.1085724639706;2;1;8;"S-8";8;"S-2"
2.29392446805065;-1.34227242479096;-606.344827243397;63.5473218336555;"T5";33.2263199728914;2;1;8;"S-8";8;"S-2"
2.52323432936974;-1.21295407701117;-605.95548611918;63.319501841257;"T5";33.3960470627062;2;1;8;"S-8";8;"S-2"
2.61527000045773;-1.27129271344931;-605.653557683311;63.1743606139879;"T5";33.5157063556835;2;1;8;"S-8";8;"S-2"
2.67264616089447;-1.03250732758727;-605.480181590075;63.090081834367;"T5";33.5820001200773;2;1;8;"S-8";8;"S-2"
2.54636951255475;-1.08715066667441;-605.454358435584;63.0801057303008;"T5";33.5916621377692;2;1;8;"S-8";8;"S-2"
2.14073663840606;-1.36476878010477;-604.972398813363;62.8743371951277;"T5";33.7809353834018;2;1;8;"S-8";8;"S-2"
2.29071070973135;-1.3553369737486;-604.897813336151;62.8267872401628;"T5";33.8157764170319;2;1;8;"S-8";8;"S-2"
2.19029475618862;-1.41898081176666;-604.736208491832;62.7311710544474;"T5";33.8863243232481;2;1;8;"S-8";8;"S-2"
2.20578158481578;-1.42560398348743;-604.601978659624;62.6442103585261;"T5";33.9476082357578;2;1;8;"S-8";8;"S-2"
2.34025578266176;-1.43941577918588;-604.487446854204;62.5701880712943;"T5";33.9995316928253;2;1;8;"S-8";8;"S-2"
2.23782968720089;-1.4793013488;-604.437736037366;62.5396125527194;"T5";34.0207733097486;2;1;8;"S-8";8;"S-2"
2.21896289927545;-1.52328400999285;-604.380211965805;62.5015866756227;"T5";34.0464786044322;2;1;8;"S-8";8;"S-2"
2.24570453021124;-1.81964122008382;-604.299936793951;62.4464790008958;"T5";34.0826554922387;2;1;8;"S-8";8;"S-2"
1.95250151750644;-1.55524226113174;-604.018725204662;62.2186199069892;"T5";34.2078774818219;2;1;8;"S-8";8;"S-2"
2.10070744141553;-1.49293812851991;-603.991276415649;62.1967558949475;"T5";34.2219357495196;2;1;8;"S-8";8;"S-2"
2.57862661710587;-1.38390410626099;-603.608241924799;61.9245396002587;"T5";34.4042717013508;2;1;8;"S-8";8;"S-2"
2.64344765264521;-1.32926126182636;-603.588249191095;61.9138098474184;"T5";34.4120249501429;2;1;8;"S-8";8;"S-2"
2.75398345843016;-1.25854033090709;-603.572521265594;61.9059010386034;"T5";34.4179747276939;2;1;8;"S-8";8;"S-2"
2.7511924074704;-1.18843950175063;-603.556228844703;61.8984555803831;"T5";34.4238906749524;2;1;8;"S-8";8;"S-2"
1.93476210933656;-1.22334386549812;-602.74333885195;61.5473094463133;"T5";34.7193589201197;2;1;8;"S-8";8;"S-2"
1.90833464181825;-1.33136521829077;-602.694528216202;61.516446638154;"T5";34.744587156456;2;1;8;"S-8";8;"S-2"
1.7678562698152;-1.38757647922457;-602.597951907527;61.4490693891837;"T5";34.7951947944239;2;1;8;"S-8";8;"S-2"
1.88841146474302;-1.36270388825564;-602.567425839506;61.4251097185295;"T5";34.8124620737508;2;1;8;"S-8";8;"S-2"
1.66704437189615;-1.55798355092915;-602.452879072063;61.3424511834085;"T5";34.8731198115274;2;1;8;"S-8";8;"S-2"
1.7241070626484;-1.4810854059;-602.375080352227;61.2697421854765;"T5";34.9197884672321;2;1;8;"S-8";8;"S-2"
1.58908178117825;-1.22916941168237;-602.325889758052;61.2274852556616;"T5";34.948319522664;2;1;8;"S-8";8;"S-2"
1.95504940321315;-0.919429040135141;-602.224712132135;61.1492234289908;"T5";35.0119900191203;2;1;8;"S-8";8;"S-2"
1.76261666679534;-1.24242638716884;-601.757073863613;60.9293004932067;"T5";35.2511851349846;2;1;8;"S-8";8;"S-2"
1.9761171566523;-1.49436058831;-601.025549915056;60.4136667347985;"T5";35.6662067119032;2;1;8;"S-8";8;"S-2"
2.17030505224861;-1.74541568059596;-600.802465500823;60.244967953264;"T5";35.7790969894268;2;1;8;"S-8";8;"S-2"
2.05618312718702;-1.88872784428303;-600.760914883704;60.211551868008;"T5";35.7982420478947;2;1;8;"S-8";8;"S-2"
1.90263237844894;-2.00203388923728;-600.566259882803;60.0327495447277;"T5";35.8929101726972;2;1;8;"S-8";8;"S-2"
2.04064383124664;-2.28034683676296;-600.255254045615;59.7054954556807;"T5";36.0563709866256;2;1;8;"S-8";8;"S-2"
2.2863786769925;-1.86517572745776;-600.008310862002;59.4295452388963;"T5";36.1773833748884;2;1;8;"S-8";8;"S-2"
2.60307906288846;-1.70011229386749;-599.950679254232;59.3825306839459;"T5";36.2025898764841;2;1;8;"S-8";8;"S-2"
2.8902229632497;-1.54817043724074;-599.267335614564;58.9362280958692;"T5";36.4651034702547;2;1;8;"S-8";8;"S-2"
2.95751535327209;-1.31282420893465;-599.096512110094;58.8447251554493;"T5";36.5242073894478;2;1;8;"S-8";8;"S-2"
2.98310335862369;-1.2075332550406;-599.059215939302;58.8281695978045;"T5";36.5368180326186;2;1;8;"S-8";8;"S-2"
2.18783644010875;-1.22903556899997;-597.868937106337;58.3463554932341;"T5";36.9358249357902;2;1;8;"S-8";8;"S-2"
2.16517847387836;-1.22941014085173;-597.863994621384;58.3435790106344;"T5";36.9380840100348;2;1;8;"S-8";8;"S-2"
2.23860137008246;-1.18242360252307;-597.847095211701;58.3339833556393;"T5";36.9458890985698;2;1;8;"S-8";8;"S-2"
2.24080042185745;-1.23277158393443;-597.219744005007;58.0026180291548;"T5";37.2261315817013;2;1;8;"S-8";8;"S-2"
2.32275011006447;-1.15038523659687;-597.146371005986;57.9622520298718;"T5";37.258875684347;2;1;8;"S-8";8;"S-2"
2.30237514535813;-1.16336314289507;-596.951792909904;57.8658836051638;"T5";37.3426462523639;2;1;8;"S-8";8;"S-2"
2.34542002379984;-0.995867019682365;-596.904821633406;57.8421495703507;"T5";37.3630474787205;2;1;8;"S-8";8;"S-2"
1.97324662621191;-1.12155970572571;-596.516287670379;57.6771777717481;"T5";37.5287039321847;2;1;8;"S-8";8;"S-2"
1.95093348496206;-1.17143634596364;-596.505139500112;57.6708413420294;"T5";37.5343535910361;2;1;8;"S-8";8;"S-2"
1.964525971663;-1.40336673987208;-596.345580724505;57.5750344113963;"T5";37.6161394524388;2;1;8;"S-8";8;"S-2"
2.65953478075331;-1.59559658190454;-595.383062243174;56.8874556047549;"T5";38.1060889340006;2;1;8;"S-8";8;"S-2"
2.09945495188362;-1.06441094282902;-595.112060892247;56.7248674587531;"T5";38.2079869625159;2;1;8;"S-8";8;"S-2"
1.92519358081533;-1.12731754630112;-595.007496607747;56.6718539999259;"T5";38.2577924057841;2;1;8;"S-8";8;"S-2"
2.16454467462727;-0.865333918606739;-594.849430489276;56.5792967056344;"T5";38.3398964186199;2;1;8;"S-8";8;"S-2"
2.23580943281217;-1.13137587102399;-594.601989827204;56.4803757638568;"T5";38.454211759381;2;1;8;"S-8";8;"S-2"
2.5660727294943;-1.34076141104002;-594.490887680271;56.4241552799402;"T5";38.5039038956165;2;1;8;"S-8";8;"S-2"
2.30026896197786;-1.51135490765697;-594.012287872449;56.1740890420334;"T5";38.69041451253;2;1;8;"S-8";8;"S-2"
2.42011388037348;-1.51330595564336;-593.988182209099;56.1582508017196;"T5";38.7008940102533;2;1;8;"S-8";8;"S-2"
2.96381719793026;-1.43370341647797;-593.22063330318;55.6782996969414;"T5";39.0180480550043;2;1;8;"S-8";8;"S-2"
2.70006491933164;-0.990392498919012;-591.848356376701;55.0144807140363;"T5";39.4810580299236;2;1;8;"S-8";8;"S-2"
2.04876080717133;-1.5680975864432;-591.199658797243;54.7765363549351;"T5";39.7213106160052;2;1;8;"S-8";8;"S-2"
2.49438364374763;-1.78563841500476;-590.918998896797;54.5617225460407;"T5";39.8583006928675;2;1;8;"S-8";8;"S-2"
2.48745554870419;-1.65385490794089;-590.814396891724;54.4868417797991;"T5";39.9002357036807;2;1;8;"S-8";8;"S-2"
2.00955377569755;-1.90495197296474;-590.720109272555;54.4241519995527;"T5";39.9381409515627;2;1;8;"S-8";8;"S-2"
1.95355421594486;-2.0868587060332;-590.676922907858;54.3832135824626;"T5";39.9596314760856;2;1;8;"S-8";8;"S-2"
1.97248982920206;-2.00523820089705;-590.66098310313;54.3661860948215;"T5";39.967790863011;2;1;8;"S-8";8;"S-2"
2.35812963732874;-1.56594351471549;-590.272050337762;53.9707960516635;"T5";40.1649694540538;2;1;8;"S-8";8;"S-2"
1.92985811931756;-2.42874427926431;-589.181359446225;53.2465100323008;"T5";40.6274931738153;2;1;8;"S-8";8;"S-2"
2.15631672169193;-2.31142923989177;-589.150392468903;53.2075378051389;"T5";40.6435394193977;2;1;8;"S-8";8;"S-2"
2.82144483667755;-1.62516958806052;-588.704553396572;52.7296277385405;"T5";40.8502989681438;2;1;8;"S-8";8;"S-2"
2.53669715482831;-1.97614864474349;-588.389357343046;52.5480728721085;"T5";40.9620133810677;2;1;8;"S-8";8;"S-2"
2.06591196347732;-2.04616290486934;-588.214863350118;52.4121378169587;"T5";41.0308012505993;2;1;8;"S-8";8;"S-2"
2.1539998527465;-2.01085425102581;-588.135475544966;52.3335089184998;"T5";41.069228737615;2;1;8;"S-8";8;"S-2"
2.32752578118464;-1.915275387351;-588.063146036275;52.2659861190715;"T5";41.1028078990057;2;1;8;"S-8";8;"S-2"
2.34700363366368;-1.78712342374321;-587.804191837373;52.0528977796779;"T5";41.2140651838854;2;1;8;"S-8";8;"S-2"
2.33527561585292;-1.81219550673717;-587.705577589453;51.9778080653521;"T5";41.2560822675005;2;1;8;"S-8";8;"S-2"
2.50106322091634;-1.64353292397472;-587.641164597187;51.9278229867744;"T5";41.2836648756638;2;1;8;"S-8";8;"S-2"
2.37600160758828;-1.63694351262512;-587.339353846671;51.7294929721093;"T5";41.4043378550559;2;1;8;"S-8";8;"S-2"
2.45540755760416;-1.61554285883397;-587.300805706904;51.7029352765618;"T5";41.4205618086271;2;1;8;"S-8";8;"S-2"
2.36423756051631;-1.5083358003374;-586.982161097196;51.4932820879797;"T5";41.5503344032913;2;1;8;"S-8";8;"S-2"
2.6442811593229;-1.55898774209007;-586.736868839406;51.3367905830016;"T5";41.6540855076164;2;1;8;"S-8";8;"S-2"
2.84489040496079;-1.46111441774785;-586.381668896902;51.1273755007962;"T5";41.7884131078608;2;1;8;"S-8";8;"S-2"
2.85150614730243;-1.56024769566946;-586.092913667072;50.9790729761124;"T5";41.8899127049372;2;1;8;"S-8";8;"S-2"
2.96332795951557;-1.6013815668209;-586.043619082543;50.9521006471226;"T5";41.9071999145672;2;1;8;"S-8";8;"S-2"
2.84196196402825;-1.26146066922618;-585.766756865364;50.8024843855424;"T5";42.0006294036284;2;1;8;"S-8";8;"S-2"
2.58901917942057;-1.25313715613905;-585.506021147403;50.6867517130318;"T5";42.0923743746243;2;1;8;"S-8";8;"S-2"
2.70703479136142;-1.20614953218582;-585.498818224192;50.6832653538808;"T5";42.0951564796269;2;1;8;"S-8";8;"S-2"
2.6801054269616;-1.24223682465711;-585.492084274183;50.6802649673769;"T5";42.0976440538652;2;1;8;"S-8";8;"S-2"
2.38972130643915;-1.32180480817759;-585.391279219049;50.6335415249559;"T5";42.1352564007975;2;1;8;"S-8";8;"S-2"
2.19667882940215;-1.15951935395851;-585.228601638918;50.5435611548513;"T5";42.2033302718773;2;1;8;"S-8";8;"S-2"
2.58845222916367;-1.31045622743591;-583.8972887735;49.8408261837832;"T5";42.809387401212;2;1;8;"S-8";8;"S-2"
2.30678173209046;-0.734831842379165;-583.429252788521;49.6038735121175;"T5";42.9902043309994;2;1;8;"S-8";8;"S-2"
2.06854400350392;-0.99658647158644;-583.378893963434;49.5878315660138;"T5";43.0120351025835;2;1;8;"S-8";8;"S-2"
1.82909291304947;-1.61663211490421;-583.202317344132;49.5027601971201;"T5";43.0973978596739;2;1;8;"S-8";8;"S-2"
1.87557503293345;-1.58883606024949;-583.143224672633;49.4505315159971;"T5";43.129704950843;2;1;8;"S-8";8;"S-2"
2.02157630052634;-1.51102535941334;-583.012791802956;49.3400392972661;"T5";43.1992478203028;2;1;8;"S-8";8;"S-2"
2.21421869518139;-1.49803252031746;-582.872907495059;49.2354828990926;"T5";43.2684434810653;2;1;8;"S-8";8;"S-2"
2.26592478710241;-1.47092709676162;-582.804890380434;49.189465832274;"T5";43.2991618174128;2;1;8;"S-8";8;"S-2"
2.27538668146076;-1.52126185323519;-582.735572443623;49.1444680317611;"T5";43.3297532727011;2;1;8;"S-8";8;"S-2"
2.29949344061658;-1.79895516203056;-582.382434986497;48.9083699009025;"T5";43.4849521494471;2;1;8;"S-8";8;"S-2"
2.16499449773723;-1.73919723114631;-582.358044938508;48.8892889146486;"T5";43.4955588541925;2;1;8;"S-8";8;"S-2"
1.90875790920721;-1.91028436745974;-582.229048997036;48.7856630696531;"T5";43.5551414266229;2;1;8;"S-8";8;"S-2"
1.83914841909443;-2.12750130582825;-582.190975208632;48.747558833151;"T5";43.575088318903;2;1;8;"S-8";8;"S-2"
1.96229987264635;-2.10543775228835;-582.167613949144;48.7205348531667;"T5";43.5877905343659;2;1;8;"S-8";8;"S-2"
2.57492762126452;-2.03285652369143;-581.966373173685;48.5046147831211;"T5";43.6903440626338;2;1;8;"S-8";8;"S-2"
2.85063281595357;-1.53074207375724;-581.611985434898;48.2248323842843;"T5";43.8279742375016;2;1;8;"S-8";8;"S-2"
2.92684745099544;-1.2259631156475;-581.145203433858;47.9741782683751;"T5";43.9917210373096;2;1;8;"S-8";8;"S-2"
2.72308803410992;-1.26178902797568;-580.94267685947;47.8893463410897;"T5";44.0609171870165;2;1;8;"S-8";8;"S-2"
2.38273702706207;-1.35441946593839;-580.50068368601;47.6845413073465;"T5";44.2232304019853;2;1;8;"S-8";8;"S-2"
2.31874751361804;-1.16906734587335;-579.850117351182;47.3147398152942;"T5";44.4962636101991;2;1;8;"S-8";8;"S-2"
2.62742396008297;-1.16865779344272;-579.476596377939;47.1264178137601;"T5";44.6573509951122;2;1;8;"S-8";8;"S-2"
2.19515143994952;-1.07874065780614;-579.078282112402;46.949250718639;"T5";44.8089497745968;2;1;8;"S-8";8;"S-2"
2.53462130391698;-0.931333590606864;-579.005615146644;46.9135407402677;"T5";44.8420531698503;2;1;8;"S-8";8;"S-2"
2.38241455145183;-1.01339602056451;-578.920060757874;46.8821042191739;"T5";44.8758074780926;2;1;8;"S-8";8;"S-2"
2.31504225327133;-1.45149926654552;-578.667114217915;46.7745095871424;"T5";44.9819798232056;2;1;8;"S-8";8;"S-2"
2.32703384252441;-1.41631312777741;-578.660908240395;46.770618525627;"T5";44.9846605421044;2;1;8;"S-8";8;"S-2"
2.34894595540023;-1.58778945596199;-578.513118848216;46.6806687997292;"T5";45.0481703155674;2;1;8;"S-8";8;"S-2"
2.88318074685278;-1.60320310199684;-578.074466613515;46.3841581918583;"T5";45.2349146013148;2;1;8;"S-8";8;"S-2"
2.79496946103208;-1.42815732455494;-578.020285998683;46.3540308646478;"T5";45.2537065604702;2;1;8;"S-8";8;"S-2"
2.96442573227154;-0.951361629425428;-577.672857000784;46.1765036053948;"T5";45.3780116746202;2;1;8;"S-8";8;"S-2"
2.89528161136471;-1.17937875679137;-577.397499198714;46.0881340961168;"T5";45.4708990757354;2;1;8;"S-8";8;"S-2"
2.6560138587234;-1.25068069570001;-577.098609249885;45.966382742161;"T5";45.5741325393319;2;1;8;"S-8";8;"S-2"
2.58500483563504;-1.18374588251836;-576.970338727517;45.9059819029007;"T5";45.6224269117229;2;1;8;"S-8";8;"S-2"
2.70722048011683;-0.720395933627409;-576.530016003062;45.7043458344234;"T5";45.7927642040886;2;1;8;"S-8";8;"S-2"
2.7042496703675;-0.897661746765414;-576.480090191082;45.69106049169;"T5";45.8112059277482;2;1;8;"S-8";8;"S-2"
2.48637807198916;-1.394964623991;-576.149278541438;45.581249268812;"T5";45.9335362189449;2;1;8;"S-8";8;"S-2"
2.177368016798;-1.80163948646312;-575.911138643714;45.4476425833977;"T5";46.0293140495196;2;1;8;"S-8";8;"S-2"
2.17635989414163;-1.84771818332186;-575.347651129453;44.98139096769;"T5";46.2881070096046;2;1;8;"S-8";8;"S-2"
1.98663504389312;-1.97673606595691;-575.191473594166;44.8487970559238;"T5";46.3598679052666;2;1;8;"S-8";8;"S-2"
2.02111538051428;-1.96875153038624;-575.167913380168;44.8253542374376;"T5";46.3717272621579;2;1;8;"S-8";8;"S-2"
2.15250841842586;-1.87103892830892;-575.078667045198;44.7384201315243;"T5";46.4158842340112;2;1;8;"S-8";8;"S-2"
1.98758435104487;-1.78077900117439;-574.995425728417;44.6660637389511;"T5";46.4545560069382;2;1;8;"S-8";8;"S-2"
2.05284227120026;-1.75369494759962;-574.939240594728;44.6157245892196;"T5";46.482824056875;2;1;8;"S-8";8;"S-2"
2.1409659355271;-1.86902521927103;-574.869062846739;44.5557733870207;"T5";46.5170097071677;2;1;8;"S-8";8;"S-2"
1.96842593384586;-1.79359490243212;-574.821454704536;44.5142123248185;"T5";46.5392464655451;2;1;8;"S-8";8;"S-2"
2.35429674358026;-1.89817946951164;-574.462960112606;44.1875583920592;"T5";46.7213689349592;2;1;8;"S-8";8;"S-2"
2.06942713423918;-2.20104855970101;-574.397673267524;44.1349201045108;"T5";46.7490998678841;2;1;8;"S-8";8;"S-2"
2.07781817117265;-2.19805808943525;-574.352130924573;44.0864811395921;"T5";46.7711070901714;2;1;8;"S-8";8;"S-2"
1.77359225091996;-2.11702636031374;-574.1989917292;43.9244800309912;"T5";46.8448090134189;2;1;8;"S-8";8;"S-2"
1.67133489124997;-2.19765552645202;-573.997439811163;43.6839000875272;"T5";46.9584495178424;2;1;8;"S-8";8;"S-2"
1.89544341997772;-2.20865499460181;-573.889781948707;43.542339651236;"T5";47.0228638150729;2;1;8;"S-8";8;"S-2"
2.0000599672489;-2.32619707798186;-573.810939728376;43.4504691886918;"T5";47.064459475223;2;1;8;"S-8";8;"S-2"
2.91769726812218;-2.17189495804387;-573.617701473687;43.2257207957581;"T5";47.1610757056624;2;1;8;"S-8";8;"S-2"
3.47867547209439;-0.929959072412032;-572.0377805907;42.0496487483394;"T5";47.7025715284981;2;1;8;"S-8";8;"S-2"
2.78730081268487;-1.12776697820677;-571.936900785165;42.022680411933;"T5";47.7315710159019;2;1;8;"S-8";8;"S-2"
2.70016043712163;-1.23092761280164;-571.554761627173;41.8680634715935;"T5";47.8686710936017;2;1;8;"S-8";8;"S-2"
2.33204144142393;-1.75057238838002;-571.219120642005;41.7150541352035;"T5";47.9929751832969;2;1;8;"S-8";8;"S-2"
2.78947075576957;-1.65591614811236;-570.789836759317;41.3928074982173;"T5";48.177055909764;2;1;8;"S-8";8;"S-2"
2.88260494206021;-1.57634983635007;-570.722170145759;41.3526385027734;"T5";48.2013137778267;2;1;8;"S-8";8;"S-2"
2.60849293486022;-1.59322773993889;-570.289608557228;41.1160925996763;"T5";48.3513730461709;2;1;8;"S-8";8;"S-2"
2.70696086926038;-1.2606680489742;-568.760259216523;40.1819893245227;"T5";48.9376691868529;2;1;8;"S-8";8;"S-2"
2.79773757350388;-1.35691593755048;-568.568839228075;40.0928424638819;"T5";49.0083831711672;2;1;8;"S-8";8;"S-2"
2.289122005996;-1.56003421100071;-567.813870020596;39.7266788323497;"T5";49.2782330722548;2;1;8;"S-8";8;"S-2"
2.17040821482606;-1.47909501363987;-567.519637734956;39.5261598428086;"T5";49.4067680672742;2;1;8;"S-8";8;"S-2"
2.31472649498217;-1.52177915018391;-567.483323016937;39.5014120013762;"T5";49.4234998128377;2;1;8;"S-8";8;"S-2"
2.17531628733023;-1.83370955101003;-567.06460006049;39.2261294285951;"T5";49.604395031929;2;1;8;"S-8";8;"S-2"
2.32554291594645;-1.66059820370379;-566.853150667272;39.0478855685373;"T5";49.7015990084037;2;1;8;"S-8";8;"S-2"
2.49377087233353;-1.58507111461774;-566.745927649013;38.971320930536;"T5";49.7477056691423;2;1;8;"S-8";8;"S-2"
2.73188728582011;-1.42685187951186;-566.116763395465;38.5714164743117;"T5";50;2;1;8;"S-8";8;"S-2"
