"Vx";"Vy";"X";"Y";"Traj";"Time";"TrueMovMode";"TrueTrajClust";"firstEstMovMode";"firstSegment";"finalEstMovMode";"finalSegment"
0;0;0;0;"T6";0;1;1;1;"S-1-NA";2;"S-1"
-1.84953024581105;2.17305719198615;0;0;"T6";0.0540150445885956;1;1;1;"S-1-NA";2;"S-1"
-2.04780445064207;2.50918991853479;-0.0127746455017556;0.0150092356399884;"T6";0.0609220121987164;1;1;1;"S-1-NA";2;"S-1"
-12.9970212652451;8.07855014589901;-0.653501324831127;0.800096368254361;"T6";0.373806711286306;1;1;1;"S-1-NA";2;"S-1"
-13.2338448933656;8.26526250409917;-0.838399204546363;0.915023224390559;"T6";0.388032884802669;1;1;1;"S-1-NA";2;"S-1"
-14.3211383904053;8.27828725057918;-1.28479790889536;1.19382371681464;"T6";0.421764480415732;1;1;1;"S-1-NA";2;"S-1"
-14.4523704105221;8.21869142265856;-1.33573970305848;1.22327045447236;"T6";0.42532158549875;1;1;1;"S-1-NA";2;"S-1"
-15.259314540749;8.08554726933644;-1.88389469420187;1.53499210261928;"T6";0.463249965105206;1;1;1;"S-1-NA";2;"S-1"
-16.9773908802966;8.16896647192905;-2.9772032400189;2.11431025636507;"T6";0.534898566547781;1;1;1;"S-1-NA";2;"S-1"
-17.3936693270379;8.11328233271129;-3.23522083194219;2.23845990176408;"T6";0.550096284132451;1;1;4;"S-2-NA";2;"S-1"
-18.2847840573889;7.86569277353122;-4.0196482861144;2.60435632566217;"T6";0.595194729976356;1;1;4;"S-2-NA";2;"S-1"
-18.4232329228466;7.869521787444;-4.13229363098012;2.65281375738799;"T6";0.60135533567518;1;1;4;"S-2-NA";2;"S-1"
-19.8483260176028;7.2565094487294;-5.55904469176457;3.26225340379111;"T6";0.678798370063305;1;1;4;"S-2-NA";2;"S-1"
-21.1137017258214;6.32602780976915;-8.16550812359473;4.21517137299764;"T6";0.8101174258627;1;1;4;"S-2-NA";2;"S-1"
-21.1560288128053;6.11502217553502;-9.19103079244493;4.52243558497432;"T6";0.858688855078071;1;1;4;"S-2-NA";2;"S-1"
-21.2911097622461;5.87877958691036;-10.3482549234633;4.85692422109105;"T6";0.913388351909816;1;1;4;"S-2-NA";2;"S-1"
-21.9986934440098;4.97957869211934;-12.2567167922353;5.38387780884759;"T6";1.00302491337061;1;1;4;"S-2-NA";2;"S-1"
-22.0955697676648;4.59734489369435;-14.0282789184097;5.78488494309925;"T6";1.08355524716899;1;1;4;"S-2-NA";2;"S-1"
-22.1838156307391;4.45027076774339;-14.8967723505489;5.96558921492553;"T6";1.12286147195846;1;1;4;"S-2-NA";2;"S-1"
-21.7433191372417;4.00789438133763;-16.7714613426966;6.3416685044056;"T6";1.20736852986738;1;1;2;"S-3-NA";2;"S-1"
-21.8167890212358;3.98499851886988;-17.2667736210648;6.43296824042792;"T6";1.23014850541949;1;1;4;"S-4-NA";2;"S-1"
-21.8345871306332;3.7070951546356;-20.0596646574442;6.94311052729258;"T6";1.35816418332979;1;1;2;"S-5";2;"S-1"
-22.3108639894554;2.8301724875813;-25.972170688073;7.94694093300459;"T6";1.62895043613389;1;1;2;"S-5";2;"S-1"
-22.5298143393038;2.56770989918683;-26.7765434575206;8.04897703895397;"T6";1.66500339983031;1;1;2;"S-5";2;"S-1"
-22.5669687076551;2.57108611384223;-26.9042827073364;8.06353540731542;"T6";1.67067318689078;1;1;2;"S-5";2;"S-1"
-22.5934373320338;2.45184215300732;-28.9922828223735;8.30142416282435;"T6";1.76319780293852;1;1;2;"S-5";2;"S-1"
-22.5826846932873;2.45963918008265;-29.0634624237102;8.30914858051373;"T6";1.76634825766087;1;1;2;"S-5";2;"S-1"
-22.5108717878421;2.35570321452566;-29.3973566631404;8.34551535286434;"T6";1.78113366710022;1;1;2;"S-5";2;"S-1"
-22.5523374567132;2.30233043915527;-29.4554949045047;8.35159936610734;"T6";1.78371634101495;1;1;2;"S-5";2;"S-1"
-22.3615329237725;2.34960651763781;-30.7659561021791;8.48538215959953;"T6";1.84182389639318;1;1;2;"S-5";2;"S-1"
-22.5396506585484;2.28175155282323;-33.4906239456157;8.77167278847368;"T6";1.96367009775713;1;1;2;"S-5";2;"S-1"
-22.0825484340416;1.7532762123833;-39.9499668262894;9.4255700414289;"T6";2.2502469830215;1;1;2;"S-5";2;"S-1"
-21.8196383978471;2.12108174789532;-50.4673827169221;10.26061565004;"T6";2.72652425337583;1;1;2;"S-5";2;"S-1"
-21.9228301091224;1.9328932603609;-51.9538915743511;10.4051188149453;"T6";2.79465136118233;1;1;2;"S-5";2;"S-1"
-21.5808696524974;2.07576603939966;-53.4260677852329;10.5349177260308;"T6";2.86180401453748;1;1;2;"S-5";2;"S-1"
-21.3883055733059;2.24268847250767;-53.7836687843267;10.5693137453538;"T6";2.87837429204956;1;1;2;"S-5";2;"S-1"
-21.4079386123702;2.28945301801147;-54.4919525228964;10.6435814226277;"T6";2.91148975957185;1;1;2;"S-5";2;"S-1"
-21.5165158510099;2.19209907692258;-54.8203587831018;10.6787025390124;"T6";2.92683015577495;1;1;2;"S-5";2;"S-1"
-20.7069331392299;2.50926594850914;-57.9965355650174;11.0022909043403;"T6";3.07444591308013;1;1;2;"S-5";2;"S-1"
-20.6060183276095;2.41300387194195;-58.2072985546614;11.027831161295;"T6";3.08462429093197;1;1;2;"S-5";2;"S-1"
-20.3822958663042;2.68381161554166;-59.3168770414425;11.1577649089147;"T6";3.13847159268335;1;1;2;"S-5";2;"S-1"
-20.5697601853764;2.61309355754284;-60.2147190280467;11.2759870546619;"T6";3.1825216836296;1;1;2;"S-5";2;"S-1"
-20.8223432616022;2.88519812799654;-61.6659024734357;11.4603391364453;"T6";3.25307104503736;1;1;2;"S-5";2;"S-1"
-21.0351276846711;2.93206849478251;-63.5896846894138;11.726903412064;"T6";3.34546132944524;1;1;2;"S-5";2;"S-1"
-21.2362134199405;3.06484537970722;-64.2255672382114;11.8155385378241;"T6";3.37569088442251;1;1;2;"S-5";2;"S-1"
-21.1989068712433;2.97024519800049;-66.2698417713955;12.1105716133535;"T6";3.47195449285209;1;1;2;"S-5";2;"S-1"
-21.1027746477935;2.95387146009638;-66.6144396599035;12.1588543021637;"T6";3.48820994840935;1;1;2;"S-5";2;"S-1"
-21.2084198765546;2.92033226590318;-67.1546713651118;12.2344735059172;"T6";3.51380998035893;1;1;2;"S-5";2;"S-1"
-21.1545143267695;2.78963685375324;-68.3064306585816;12.3930671138734;"T6";3.5681166802533;1;1;2;"S-5";2;"S-1"
-21.549366917501;2.34179378411233;-70.326295812932;12.6594258771686;"T6";3.66359819890931;1;1;2;"S-5";2;"S-1"
-21.3468095534384;2.22897690176384;-70.8782001239852;12.7194019353979;"T6";3.68920936016366;1;1;2;"S-5";2;"S-1"
-21.4612695711013;2.39845898103974;-71.953253022616;12.8316560909064;"T6";3.73957065166906;1;1;2;"S-5";2;"S-1"
-21.6052710568497;2.3908481830564;-72.6106297068194;12.9051229008232;"T6";3.77020149026066;1;1;2;"S-5";2;"S-1"
-21.4159207263563;2.34973184765243;-74.1820347878927;13.0790152335342;"T6";3.84293397655711;1;1;2;"S-5";2;"S-1"
-21.7212650642401;2.42259938841563;-84.3827742888248;14.1982294284882;"T6";4.3192496872507;1;1;2;"S-5";2;"S-1"
-21.6504815079127;2.47109093399756;-84.8474831789855;14.2500589821429;"T6";4.34064387809485;1;1;2;"S-5";2;"S-1"
-21.202686601644;2.62619032051609;-92.8762947008317;15.1664322902912;"T6";4.71148142823949;1;1;2;"S-5";2;"S-1"
-21.1280200490225;2.5379709688215;-93.7009085115811;15.2685699508924;"T6";4.75037337746471;1;1;2;"S-5";2;"S-1"
-21.0487211109382;2.56856616496933;-93.8937549376624;15.2917353317327;"T6";4.75950089748949;1;1;2;"S-5";2;"S-1"
-20.4661634570597;3.03414887566763;-97.6699247484408;15.7525396702967;"T6";4.93890228681266;1;1;2;"S-5";2;"S-1"
-21.3611559569066;2.77335974747639;-101.365902564605;16.300475630983;"T6";5.11949196225032;1;1;2;"S-5";2;"S-1"
-21.0531029916159;3.15555712913655;-103.76583676352;16.6120636797426;"T6";5.23184235207736;1;1;2;"S-5";2;"S-1"
-21.0948861186539;3.29604848608319;-103.910980019472;16.6338185648181;"T6";5.23873650236055;1;1;2;"S-5";2;"S-1"
-21.031275976537;3.30170111438387;-104.095749299167;16.6626885241622;"T6";5.24749546311796;1;1;2;"S-5";2;"S-1"
-21.4519783946703;3.31838874814049;-105.514997372209;16.8854963533009;"T6";5.31497820047662;1;1;2;"S-5";2;"S-1"
-21.5547210159915;3.41903724460752;-105.835003640578;16.9349978575796;"T6";5.32989553175867;1;1;2;"S-5";2;"S-1"
-21.6914414387194;3.22524975597494;-106.981704710504;17.1168890388017;"T6";5.3830950637348;1;1;2;"S-5";2;"S-1"
-21.7213262066723;3.23401856381772;-107.971322520462;17.2640329992016;"T6";5.42871756479144;1;1;2;"S-5";2;"S-1"
-21.8729342983028;3.17153192855893;-108.430481727055;17.3323957402119;"T6";5.44985620072111;1;1;2;"S-5";2;"S-1"
-22.183010963833;2.92729876096551;-110.196114840365;17.5884090266148;"T6";5.53057848010212;1;1;2;"S-5";2;"S-1"
-21.9838768068428;2.52047459655156;-112.058558325529;17.8341794729883;"T6";5.61453658156097;1;1;2;"S-5";2;"S-1"
-21.7691789163095;2.56721542908004;-113.348206595901;17.9820390035215;"T6";5.67319995025173;1;1;2;"S-5";2;"S-1"
-20.7218355737967;2.71047451498319;-117.703636385827;18.4956700687978;"T6";5.87327317334712;1;1;2;"S-5";2;"S-1"
-20.7403043210067;2.69031783968206;-117.784130353888;18.5061989067601;"T6";5.87715767323971;1;1;2;"S-5";2;"S-1"
-20.6488725109233;2.98840687025576;-118.558496155797;18.6066453659379;"T6";5.91449395287782;1;1;2;"S-5";2;"S-1"
-20.5110919698411;2.96783300027246;-119.66265242029;18.7664443169412;"T6";5.96796690952033;1;1;2;"S-5";2;"S-1"
-20.8634063831419;2.71077928574339;-120.256529702826;18.8523748271166;"T6";5.99692086689174;1;1;2;"S-5";2;"S-1"
-20.6877499147389;2.84515423667931;-121.405920028283;19.001714941011;"T6";6.05201207799837;1;1;2;"S-5";2;"S-1"
-20.647801399983;2.75463475040884;-122.943384377545;19.2131600341253;"T6";6.12632969859987;1;1;2;"S-5";2;"S-1"
-21.0252242537521;2.55997292877672;-123.699677998269;19.3140575896955;"T6";6.16295798681676;1;1;2;"S-5";2;"S-1"
-21.1244467659038;2.45729730497459;-123.982938633865;19.3485466182149;"T6";6.17643040604889;1;1;2;"S-5";2;"S-1"
-21.2995111352974;2.54392956416421;-128.081967086952;19.8253653336305;"T6";6.37047233758494;1;1;2;"S-5";2;"S-1"
-21.3616601752895;2.43995251761343;-128.740423055528;19.9040087163129;"T6";6.40138647286221;1;1;2;"S-5";2;"S-1"
-21.6289851374049;2.5987423098371;-132.03936516598;20.2808175430524;"T6";6.55581932514906;1;1;2;"S-5";2;"S-1"
-21.6872362494074;2.5639213076028;-132.216629519854;20.3021160169989;"T6";6.5640150103718;1;1;2;"S-5";2;"S-1"
-22.2320059862396;2.05882683597478;-137.486770560727;20.9251657571029;"T6";6.80702158715576;1;1;2;"S-5";2;"S-1"
-22.0982628114044;1.89747671682245;-138.564162479563;21.0249391827098;"T6";6.85548288747668;1;1;2;"S-5";2;"S-1"
-21.9907367784756;2.02155876453468;-142.177563126514;21.3352053631175;"T6";7.01899803243577;1;1;2;"S-5";2;"S-1"
-22.0110285444051;1.91415913454729;-142.914988290847;21.4029951929519;"T6";7.05253147752956;1;1;2;"S-5";2;"S-1"
-21.7583572153021;1.74091481406513;-146.083070258244;21.6785031286513;"T6";7.19646305078641;1;1;2;"S-5";2;"S-1"
-21.0516156333409;1.92225721343428;-147.658659613944;21.8045681078719;"T6";7.26887611672282;1;1;2;"S-5";2;"S-1"
-20.9457119517459;1.99561055281666;-148.122836568833;21.8469528594931;"T6";7.29092558613047;1;1;2;"S-5";2;"S-1"
-20.7777588461164;2.25542796816329;-149.485846846697;21.9768141743231;"T6";7.35599906183779;1;1;2;"S-5";2;"S-1"
-21.2670166387842;2.16363486845947;-151.583875131064;22.2045553713214;"T6";7.4569737771526;1;1;2;"S-5";2;"S-1"
-21.1949794432855;2.2126638345094;-152.69340587207;22.3174353036431;"T6";7.50914521049708;1;1;2;"S-5";2;"S-1"
-21.3351096792451;2.24757715031856;-153.339312367558;22.3848651375273;"T6";7.53961971495301;1;1;2;"S-5";2;"S-1"
-21.2787945445122;2.18739381908321;-155.492639657448;22.6117104308806;"T6";7.64054852770641;1;1;2;"S-5";2;"S-1"
-21.4059937351928;2.19323841383084;-155.705176303321;22.633558536258;"T6";7.65053671784699;1;1;2;"S-5";2;"S-1"
-21.6570238652465;2.06289167004536;-156.129481217528;22.6770324271938;"T6";7.67035849858075;1;1;2;"S-5";2;"S-1"
-21.6021717397502;2.07013885822125;-156.94039847176;22.754274547776;"T6";7.70780211314559;1;1;2;"S-5";2;"S-1"
-21.5936075141661;1.99556373221279;-157.464701003577;22.8045185259118;"T6";7.73207293823361;1;1;2;"S-5";2;"S-1"
-21.8514817900026;1.91117503627181;-157.855413534549;22.8406260524573;"T6";7.75016683619469;1;1;2;"S-5";2;"S-1"
-21.4545716787024;2.10949612456919;-158.847775737577;22.927420068881;"T6";7.79558079084381;1;1;2;"S-5";2;"S-1"
-21.5916932933195;2.09164603773213;-160.362149843589;23.0763191639374;"T6";7.8661659383215;1;1;2;"S-5";2;"S-1"
-22.2354609421586;1.87279608702517;-162.873191902;23.3195706357281;"T6";7.98246260965243;1;1;2;"S-5";2;"S-1"
-22.2065366404887;1.85662563268132;-163.659149728687;23.3857684422956;"T6";8.01780965412036;1;1;2;"S-5";2;"S-1"
-22.18451506602;1.94512139828781;-164.201499009973;23.4311127296018;"T6";8.04223261075094;1;1;2;"S-5";2;"S-1"
-22.0095905845506;1.95060262275167;-165.130938871423;23.5126053093381;"T6";8.08412849437445;1;1;2;"S-5";2;"S-1"
-21.9809760533486;1.79799214064774;-166.107386547512;23.599143102517;"T6";8.12849313952029;1;1;2;"S-5";2;"S-1"
-22.0413865338917;1.64525089078867;-166.340062708266;23.618175465199;"T6";8.13907848205417;1;1;2;"S-5";2;"S-1"
-21.7417659660043;1.96089452817733;-167.640752023414;23.7152637427942;"T6";8.19808971136808;1;1;2;"S-5";2;"S-1"
-21.3253421783368;2.08376389068145;-168.596671351118;23.801478311657;"T6";8.24205667013302;1;1;2;"S-5";2;"S-1"
-21.3456128350121;2.14841993119288;-169.999317809176;23.938535153055;"T6";8.30783036071807;1;1;2;"S-5";2;"S-1"
-21.3223492727904;2.20996081488039;-170.182679262092;23.9569903458433;"T6";8.31642048433423;1;1;2;"S-5";2;"S-1"
-21.0456506031537;2.28130211806152;-172.065177538027;24.1521024027125;"T6";8.40470804832876;1;1;2;"S-5";2;"S-1"
-21.1017001958062;2.31413073800203;-173.416712315741;24.2986057923758;"T6";8.46892724512145;1;1;2;"S-5";2;"S-1"
-21.0469599758476;2.35429691451006;-173.599466222409;24.3186476102855;"T6";8.47758786985651;1;1;2;"S-5";2;"S-1"
-21.1509533450119;2.61154149454781;-176.371500837646;24.6287252912931;"T6";8.60929499613121;1;1;2;"S-5";2;"S-1"
-21.630300362739;2.41757808569779;-177.764878390306;24.800767810464;"T6";8.67517276201397;1;1;2;"S-5";2;"S-1"
-21.6284199664372;2.49794471959238;-177.817803782014;24.806683182189;"T6";8.67761957924813;1;1;2;"S-5";2;"S-1"
-21.15332258067;2.79679544220439;-178.765501386041;24.9161362180291;"T6";8.72143681626767;1;1;2;"S-5";2;"S-1"
-21.2269097455696;2.64223885462395;-179.769852783152;25.0489269604336;"T6";8.76891642110422;1;1;2;"S-5";2;"S-1"
-21.0793706722421;2.39009416281239;-181.477445141704;25.2614810689546;"T6";8.84936111979187;1;1;2;"S-5";2;"S-1"
-21.0070121576214;2.86357403803703;-184.518499044787;25.6062923679053;"T6";8.99362794589251;1;1;2;"S-5";2;"S-1"
-20.9594294609362;2.92701495666896;-184.730480242075;25.6351886168601;"T6";9.00371891912073;1;1;2;"S-5";2;"S-1"
-21.0888977736627;2.86342248807433;-185.359747617515;25.723066725522;"T6";9.0337420348078;1;1;2;"S-5";2;"S-1"
-21.035215358123;2.86021583050911;-185.907395600987;25.7974256402577;"T6";9.05971057945862;1;1;2;"S-5";2;"S-1"
-20.9708217664146;2.58571162747485;-187.311814979385;25.9883883886954;"T6";9.12647573277354;1;1;2;"S-5";2;"S-1"
-21.074903113651;2.73118864641866;-190.473996069999;26.3782867200654;"T6";9.27726529771462;1;1;2;"S-5";2;"S-1"
-21.1124540215247;2.9666290600485;-192.816192521409;26.6818221774421;"T6";9.38840205781162;1;1;2;"S-5";2;"S-1"
-21.051581834011;3.06942838226048;-195.263535366949;27.0257120160218;"T6";9.50432145036757;1;1;2;"S-5";2;"S-1"
-21.5101806994562;3.08220955424231;-196.488127705424;27.2042638469507;"T6";9.56249248702079;1;1;2;"S-5";2;"S-1"
-21.4979116531311;2.96391586883507;-197.994693452545;27.4201407568079;"T6";9.63253214722499;1;1;2;"S-5";2;"S-1"
-21.4064301162424;2.99075275536484;-198.05095609307;27.4278976838884;"T6";9.63514926843345;1;1;2;"S-5";2;"S-1"
-21.4868208974007;2.98780054654773;-198.63086518623;27.5089184196586;"T6";9.66223968425766;1;1;2;"S-5";2;"S-1"
-21.3218414338082;2.99201553205693;-199.736906838325;27.6627165021396;"T6";9.71371503546834;1;1;2;"S-5";2;"S-1"
-21.334402335372;2.93424006113841;-200.200341459441;27.7277485768212;"T6";9.73545024171472;1;1;2;"S-5";2;"S-1"
-21.4934526146516;3.29490011400246;-201.438861128106;27.8980891362227;"T6";9.7935029421933;1;1;2;"S-5";2;"S-1"
-21.2516970667689;2.92563896642668;-204.158187669737;28.3149560534495;"T6";9.92002177517861;1;1;2;"S-5";2;"S-1"
-21.1597755265157;2.90599245735834;-204.745369108734;28.3957910518449;"T6";9.9476516363211;1;1;2;"S-5";2;"S-1"
-21.0383432294098;3.00660886423104;-205.118177386266;28.4469909353782;"T6";9.96527036186308;1;1;2;"S-5";2;"S-1"
-21.1889751196234;2.89694905694459;-206.172239716818;28.5976279466643;"T6";10.0153723265976;1;1;2;"S-5";2;"S-1"
-21.4335287881951;2.57339756646151;-207.267606329474;28.7473860759569;"T6";10.0670674466528;1;1;2;"S-5";2;"S-1"
-21.5738024554039;2.56957710415645;-209.211731521142;28.9808057375803;"T6";10.1577723049559;1;1;2;"S-5";2;"S-1"
-21.742274572789;2.37100961264182;-211.207560782322;29.2185216981271;"T6";10.2502840105444;1;1;2;"S-5";2;"S-1"
-21.9962991869122;2.34133067234764;-213.119438086796;29.4270131994153;"T6";10.3382176486775;1;1;2;"S-5";2;"S-1"
-21.8023761487797;2.24872539485222;-213.444258296979;29.4615877210035;"T6";10.3529846877791;1;1;2;"S-5";2;"S-1"
-21.5158841941765;2.40403260198627;-214.842492636402;29.6058034269228;"T6";10.4171168874018;1;1;2;"S-5";2;"S-1"
-21.4315019732565;2.42306936790371;-215.841024371802;29.717372295037;"T6";10.4635259369388;1;1;2;"S-5";2;"S-1"
-21.1831680613981;2.47256311135066;-216.601153640076;29.8033133526399;"T6";10.4989937855862;1;1;2;"S-5";2;"S-1"
-21.068529427956;2.34783241692118;-217.333727175754;29.8888215398677;"T6";10.5335765983909;1;1;2;"S-5";2;"S-1"
-21.52171554867;2.17201238494556;-218.544094220749;30.0237022867337;"T6";10.5910256505013;1;1;2;"S-5";2;"S-1"
-21.5694621513976;2.18616419189574;-218.707683554592;30.0402120328247;"T6";10.5986267793924;1;1;2;"S-5";2;"S-1"
-21.4548179489932;2.23397491846799;-219.248539299803;30.0950302501201;"T6";10.6237018480897;1;1;2;"S-5";2;"S-1"
-21.6022204016948;2.17282207112277;-219.665054418176;30.1383997315028;"T6";10.6431154417805;1;1;2;"S-5";2;"S-1"
-21.3467494140117;2.40325108741141;-219.920755234137;30.1641189569432;"T6";10.654952225741;1;1;2;"S-5";2;"S-1"
-21.2131373943206;2.51472307070415;-222.881901694078;30.4974895470888;"T6";10.7936687301844;1;1;2;"S-5";2;"S-1"
-20.8821005052747;2.65564089072185;-223.421845100383;30.5614974359489;"T6";10.8191219856963;1;1;2;"S-5";2;"S-1"
-21.9389324230226;2.52176228222122;-228.239300688296;31.1741480668213;"T6";11.0498198308051;1;1;2;"S-5";2;"S-1"
-21.8604550044346;2.57419813316127;-229.151171391447;31.2789626995997;"T6";11.0913838725537;1;1;2;"S-5";2;"S-1"
-21.29264223732;2.64759892923644;-232.527770107968;31.6765772099445;"T6";11.2458453746513;1;1;2;"S-5";2;"S-1"
-20.9951465370313;2.38554581751647;-235.436907313207;32.0383091389248;"T6";11.3824717816897;1;1;2;"S-5";2;"S-1"
-20.8881710953715;2.59097508202242;-237.338273790815;32.2543493956681;"T6";11.4730339730158;1;1;2;"S-5";2;"S-1"
-20.8835167694397;2.46395239832111;-238.470718438974;32.3948181735115;"T6";11.5272486116737;1;1;2;"S-5";2;"S-1"
-21.2106803958858;2.40449160158423;-244.128727128232;33.0623812201732;"T6";11.7981804069132;1;1;2;"S-5";2;"S-1"
-21.2596473759921;2.33651211496854;-244.302597016817;33.0820915113599;"T6";11.8063776870258;1;1;2;"S-5";2;"S-1"
-21.1630933766816;2.28763437901699;-245.847005094296;33.2518275431796;"T6";11.879022733774;1;1;2;"S-5";2;"S-1"
-21.1760417022168;2.12297869054496;-247.39284015945;33.4189253004116;"T6";11.9520666426979;1;1;2;"S-5";2;"S-1"
-21.4618212447909;2.28198375605862;-248.591677024334;33.539113254014;"T6";12.0086795301177;1;1;2;"S-5";2;"S-1"
-21.2051071305199;2.44380963026936;-249.839617977189;33.6718038095104;"T6";12.06682655029;1;1;2;"S-5";2;"S-1"
-21.1204472709065;2.38894520104625;-250.024213666652;33.693077775298;"T6";12.0755317970179;1;1;2;"S-5";2;"S-1"
-21.873913116508;2.5027004127305;-253.169885072269;34.0488863674231;"T6";12.2244714177214;1;1;2;"S-5";2;"S-1"
-21.8966388400202;2.48720002060308;-253.606073319433;34.0987927787906;"T6";12.2444124426693;1;1;2;"S-5";2;"S-1"
-21.7883397148634;2.45222001442736;-254.229836072316;34.1696448736329;"T6";12.2728991322219;1;1;2;"S-5";2;"S-1"
-21.4960457407305;2.68167086532977;-255.580429187279;34.321650557003;"T6";12.3348861001432;1;1;2;"S-5";2;"S-1"
-21.7118477103666;2.33265474379589;-257.275294440841;34.5330880849073;"T6";12.4137315433472;1;1;2;"S-5";2;"S-1"
-21.9113294649501;2.26555388177719;-257.469988007972;34.5540053683654;"T6";12.4226987012662;1;1;2;"S-5";2;"S-1"
-22.6006351547573;1.97509788759339;-260.914284936928;34.9101334750543;"T6";12.5798912136815;1;1;2;"S-5";2;"S-1"
-22.6149146650984;1.88429222937462;-261.353219187376;34.9484924904056;"T6";12.5993125373498;1;1;2;"S-5";2;"S-1"
-22.5641989544733;1.90956909049601;-261.536766023068;34.9637857551091;"T6";12.6074287225492;1;1;2;"S-5";2;"S-1"
-22.3578304968967;2.26886939078244;-263.797868329635;35.1551389285048;"T6";12.7076362376101;1;1;2;"S-5";2;"S-1"
-22.3285136745596;2.20861927596615;-264.139704982516;35.1898284623787;"T6";12.7229255856946;1;1;2;"S-5";2;"S-1"
-21.8027224230231;1.98020514158299;-268.864656684203;35.657195863472;"T6";12.9345362540334;1;1;2;"S-5";2;"S-1"
-21.7968372517019;1.95633078667919;-268.903740963356;35.6607456445054;"T6";12.9363288870081;1;1;2;"S-5";2;"S-1"
-21.4337995395624;2.06460583166362;-270.942621479952;35.8437412176207;"T6";13.0298690870404;1;1;2;"S-5";2;"S-1"
-20.9449914807834;2.10617063070405;-273.09332900661;36.0509076275494;"T6";13.1302109570242;1;1;2;"S-5";2;"S-1"
-21.0025920527734;2.21089841458336;-274.251647303553;36.167384923817;"T6";13.185513834469;1;1;2;"S-5";2;"S-1"
-21.156612251797;2.82695422387198;-278.736595743394;36.6395059539364;"T6";13.3990564499982;1;1;2;"S-5";2;"S-1"
-21.2479787125077;2.68547237510891;-279.584596902403;36.7528161772262;"T6";13.4391385363415;1;1;2;"S-5";2;"S-1"
-21.6158033657118;2.28519865735506;-286.114452010276;37.5781062315377;"T6";13.746455067303;1;1;2;"S-5";2;"S-1"
-21.6498793761984;2.19564293214178;-286.206688024988;37.5878573202858;"T6";13.7507221312262;1;1;2;"S-5";2;"S-1"
-21.9119394991252;2.4629583108375;-288.016488565086;37.7713999486489;"T6";13.8343161554076;1;1;2;"S-5";2;"S-1"
-21.7503877862172;2.30182553537066;-288.748802638202;37.8537139324292;"T6";13.8677369337529;1;1;2;"S-5";2;"S-1"
-21.4361818868868;2.11352987524525;-290.144225217351;38.0013903489092;"T6";13.9318931498565;1;1;2;"S-5";2;"S-1"
-21.3787559247524;2.17490025098197;-292.874420767936;38.2705777392696;"T6";14.0592570416629;1;1;2;"S-5";2;"S-1"
-21.4928069093089;2.26468506653752;-293.924609253458;38.3774153498761;"T6";14.1083800350316;1;1;2;"S-5";2;"S-1"
-21.9501307965413;2.65273850801539;-296.571311947717;38.6562969353547;"T6";14.2315236851573;1;1;2;"S-5";2;"S-1"
-22.0105497935697;2.36136965348708;-298.704359108363;38.9140820207789;"T6";14.3287006532773;1;1;2;"S-5";2;"S-1"
-22.01007685905;2.24272238899875;-299.172287229921;38.9642830051533;"T6";14.3499599187635;1;1;2;"S-5";2;"S-1"
-21.9214196772462;2.30246573053858;-299.315659758712;38.9788919855011;"T6";14.3564738682471;1;1;2;"S-5";2;"S-1"
-21.670806218866;2.35994359226275;-300.459740728077;39.0990578900688;"T6";14.4086639629677;1;1;2;"S-5";2;"S-1"
-21.3280876689735;2.40790238539461;-303.368173521484;39.4157852542936;"T6";14.5428736810572;1;1;2;"S-5";2;"S-1"
-21.4677174676085;2.38947351988632;-304.495911075454;39.5431047771898;"T6";14.5957493805327;1;1;2;"S-5";2;"S-1"
-21.8852808663099;2.23748430686247;-305.671265810452;39.6739281411544;"T6";14.6504992502742;1;1;2;"S-5";2;"S-1"
-21.9068144187033;2.18899679268325;-305.992924818556;39.7068135762187;"T6";14.665196754504;1;1;2;"S-5";2;"S-1"
-21.8445460322727;2.07041912783163;-307.51536437807;39.8589404555145;"T6";14.7346929181367;1;1;2;"S-5";2;"S-1"
-21.8205207274194;2.01598492946412;-307.595743001727;39.8665587159096;"T6";14.7383724921383;1;1;2;"S-5";2;"S-1"
-21.6750574996171;1.95672573786997;-310.392031256217;40.1249061242924;"T6";14.866521966178;1;1;2;"S-5";2;"S-1"
-21.8883279404971;2.03577764487493;-316.522126352389;40.6783032652449;"T6";15.1493399054743;1;1;2;"S-5";2;"S-1"
-21.7579956755022;2.00251129589829;-317.359546775539;40.7561896063782;"T6";15.1875986717641;1;1;2;"S-5";2;"S-1"
-21.77216296422;2.00639760879153;-318.043884263733;40.8191730525905;"T6";15.219050901942;1;1;2;"S-5";2;"S-1"
-21.5424524773731;2.25998382421458;-319.641021699997;40.9663560742451;"T6";15.292407758534;1;1;2;"S-5";2;"S-1"
-21.5595585691081;2.1811966839391;-319.950568283944;40.9988301053842;"T6";15.3067769017071;1;1;2;"S-5";2;"S-1"
-21.3925088959536;2.0614822626707;-321.810442236776;41.1869949458403;"T6";15.3930436936207;1;1;2;"S-5";2;"S-1"
-21.1879042723287;2.25092705844545;-325.735524082025;41.5652341997243;"T6";15.5765229603276;1;1;2;"S-5";2;"S-1"
-21.2013075099256;2.26565846550695;-325.866254200164;41.5791224992224;"T6";15.5826929956675;1;1;2;"S-5";2;"S-1"
-21.1339764600677;2.57326986134382;-328.3374998888;41.8432099245939;"T6";15.6992539996281;1;1;2;"S-5";2;"S-1"
-21.2826233955291;2.58926384180287;-328.728905835385;41.8908674550072;"T6";15.7177742221393;1;1;2;"S-5";2;"S-1"
-21.1498374428617;2.51805692666625;-330.525003210321;42.1093823393262;"T6";15.802166890353;1;1;2;"S-5";2;"S-1"
-21.0840600151486;2.49010602325754;-330.675932455644;42.1273516704215;"T6";15.8093030797318;1;1;2;"S-5";2;"S-1"
-21.4776128681604;2.50376782967594;-331.600064642604;42.2364951239775;"T6";15.8531339257024;1;1;2;"S-5";2;"S-1"
-21.5990204343091;2.48032385878364;-331.967536145254;42.2793333729163;"T6";15.8702434389852;1;1;2;"S-5";2;"S-1"
-21.6790359097825;2.42870077609523;-332.664503622229;42.3593696443387;"T6";15.902511915192;1;1;2;"S-5";2;"S-1"
-21.3679992975839;2.11398142882923;-335.129199110938;42.6354892961154;"T6";16.0162021871656;1;1;2;"S-5";2;"S-1"
-21.3001696565794;2.06955162177157;-338.66303066854;42.9850987369126;"T6";16.1815818049945;1;1;2;"S-5";2;"S-1"
-20.8055070592088;2.38623591493235;-339.770698509751;43.0927211556126;"T6";16.2335845758207;1;1;2;"S-5";2;"S-1"
-20.9974118110169;2.31499175680486;-341.253811360352;43.2628230973692;"T6";16.3048692047596;1;1;2;"S-5";2;"S-1"
-21.0449240339453;2.42600018750319;-341.444073315235;43.2837997234959;"T6";16.3139304146171;1;1;2;"S-5";2;"S-1"
-21.1136853061697;2.51183363645356;-342.754671250993;43.4348818007114;"T6";16.3762066164054;1;1;2;"S-5";2;"S-1"
-21.2270078898914;2.70568351499282;-344.317461358758;43.6208023874056;"T6";16.4502244908363;1;1;2;"S-5";2;"S-1"
-21.72009058514;2.63035328212467;-346.712770752256;43.9261185757687;"T6";16.5630670264363;1;1;2;"S-5";2;"S-1"
-21.8419788339454;2.6033801880559;-347.19626921302;43.9846713593396;"T6";16.5853274520487;1;1;2;"S-5";2;"S-1"
-22.0363518842144;2.60339980031337;-347.3580780619;44.0039576133292;"T6";16.5927356109023;1;1;2;"S-5";2;"S-1"
-21.8655059502753;2.61078490549367;-350.101231490976;44.3280368950093;"T6";16.7172187124379;1;1;2;"S-5";2;"S-1"
-21.4493852333047;2.97296783864998;-351.917419444511;44.5448933494363;"T6";16.8002804974094;1;1;2;"S-5";2;"S-1"
-21.3383410069479;2.82364848993288;-353.860106805472;44.8141573391435;"T6";16.8908512685448;1;1;2;"S-5";2;"S-1"
-21.3665283251701;2.99303967916039;-354.553815095168;44.905953995876;"T6";16.9233612134121;1;1;2;"S-5";2;"S-1"
-21.2423960808943;2.89248577387956;-355.056777300964;44.9764093275122;"T6";16.9469009386376;1;1;2;"S-5";2;"S-1"
-21.2518875013638;2.87322836536939;-356.123114631621;45.1216078986779;"T6";16.997099481523;1;1;2;"S-5";2;"S-1"
-21.5148614838683;3.28859936958904;-362.115028255181;45.9317070573974;"T6";17.2790468437597;1;1;2;"S-5";2;"S-1"
-21.8284414053851;3.18172457195674;-363.08707309117;46.0802864957193;"T6";17.324227001518;1;1;2;"S-5";2;"S-1"
-22.0605348404816;3.02119171497153;-365.185350920781;46.3861325250019;"T6";17.4203528673388;1;1;2;"S-5";2;"S-1"
-21.8520640036034;2.77488531199633;-366.516245899175;46.5683986808906;"T6";17.4806820927188;1;1;2;"S-5";2;"S-1"
-21.9534997705299;2.70996198681153;-366.961107449303;46.6248894444686;"T6";17.5010399660096;1;1;2;"S-5";2;"S-1"
-21.9874906598726;2.74911857462948;-367.176756096129;46.651509329294;"T6";17.5108629395254;1;1;2;"S-5";2;"S-1"
-21.722503393981;2.47975988337946;-369.809249065603;46.9806526331805;"T6";17.630589788314;1;1;2;"S-5";2;"S-1"
-21.7913826074836;2.46136073926773;-369.863050224041;46.9867943725535;"T6";17.6330665359274;1;1;2;"S-5";2;"S-1"
-21.5105892835355;2.64831205109731;-371.824070408534;47.208293768804;"T6";17.723057162948;1;1;2;"S-5";2;"S-1"
-21.4784829462551;2.77567621901642;-372.524414452098;47.2945177929828;"T6";17.7556152688339;1;1;2;"S-5";2;"S-1"
-21.3862946695727;2.77351126041832;-373.165243747603;47.3773325169292;"T6";17.7854511421174;1;1;2;"S-5";2;"S-1"
-21.3482946967579;2.85351931426434;-375.666840090407;47.701755505249;"T6";17.9024230805226;1;1;2;"S-5";2;"S-1"
-21.6325652551164;2.50426375093927;-377.939298865879;48.0055036546345;"T6";18.0088699329644;1;1;2;"S-5";2;"S-1"
-21.312543840137;2.70354649846395;-379.263632685268;48.1588133125012;"T6";18.0700893863104;1;1;2;"S-5";2;"S-1"
-21.5051613896826;2.73557635421329;-380.449636895731;48.3092607463885;"T6";18.1257375632413;1;1;2;"S-5";2;"S-1"
-21.5643046407039;2.65941590039311;-380.7970552982;48.3534543029767;"T6";18.1418926804326;1;1;2;"S-5";2;"S-1"
-21.2846610148783;2.73190219915224;-382.301710212172;48.5390157328253;"T6";18.2116679381579;1;1;2;"S-5";2;"S-1"
-21.6949501802453;2.7465828662506;-383.621195049948;48.7083726010202;"T6";18.2736602262594;1;1;2;"S-5";2;"S-1"
-21.6319503620585;2.89499869225586;-387.569015542667;49.2081670708968;"T6";18.4556297841482;1;1;2;"S-5";2;"S-1"
-21.7689839436582;2.65593372386473;-389.452982131408;49.4602978644393;"T6";18.5427216347307;1;1;2;"S-5";2;"S-1"
-21.7698158603731;2.68201551679145;-389.73062799549;49.4941721608059;"T6";18.5554758296348;1;1;2;"S-5";2;"S-1"
-21.8411316197778;2.46832873651931;-393.0260530085;49.900164617334;"T6";18.7068517087027;1;1;2;"S-5";2;"S-1"
-21.6040813517371;2.56490208391672;-394.370484821871;50.052102700809;"T6";18.768406752497;1;1;2;"S-5";2;"S-1"
-21.6632208644813;2.59671012239109;-395.137091742955;50.143116600332;"T6";18.803891108837;1;1;2;"S-5";2;"S-1"
-21.5383624581292;2.67332122123351;-395.297861302584;50.162387600959;"T6";18.811312422622;1;1;2;"S-5";2;"S-1"
-21.5960492575051;2.25902595971903;-398.935941580181;50.6139426915354;"T6";18.9802240696736;1;1;2;"S-5";2;"S-1"
-21.8904140836604;2.32439241991803;-400.544661137507;50.7822206574992;"T6";19.0547154517844;1;1;2;"S-5";2;"S-1"
-21.7950696383635;2.4517923193763;-401.131061886747;50.844486517403;"T6";19.0815034671687;1;1;2;"S-5";2;"S-1"
-21.7171328622787;2.47933969798383;-403.75089487652;51.1391993358961;"T6";19.2017064779066;1;1;2;"S-5";2;"S-1"
-21.8054356323133;2.29692183155081;-404.494410472886;51.2240829043593;"T6";19.2359428387135;1;1;2;"S-5";2;"S-1"
-22.0490365357579;2.16280188384735;-405.331298803323;51.3122383124494;"T6";19.2743226420134;1;1;2;"S-5";2;"S-1"
-21.4182732492248;2.20012024420313;-407.336084341596;51.5088888069894;"T6";19.3652465939522;1;1;2;"S-5";2;"S-1"
-21.5789545571563;2.0153244822176;-407.758009584876;51.5522296617109;"T6";19.3849459057674;1;1;2;"S-5";2;"S-1"
-21.2385342247903;2.4036105339648;-408.974025841982;51.6657971344646;"T6";19.4412978598848;1;1;2;"S-5";2;"S-1"
-21.6142511236264;2.16739009480233;-409.370041725935;51.7106151026073;"T6";19.4599439622834;1;1;2;"S-5";2;"S-1"
-21.1095575965719;1.9684489826137;-410.918182176944;51.8658563950161;"T6";19.5315698743798;1;1;2;"S-5";2;"S-1"
-21.087152840594;1.88940958048251;-411.186962955821;51.8909199828392;"T6";19.5443025324494;1;1;2;"S-5";2;"S-1"
-21.0178606222571;1.83003539663003;-415.454239567101;52.2732681060244;"T6";19.746666343417;1;1;2;"S-5";2;"S-1"
-20.7245039769133;1.83938746778289;-416.771811814501;52.3879897655546;"T6";19.8093545623124;1;1;2;"S-5";2;"S-1"
-20.4435362071349;1.94304122435998;-417.564350626575;52.4583309404403;"T6";19.8475961922668;1;1;2;"S-5";2;"S-1"
-20.4863047442388;2.16578836980184;-418.358778689154;52.5338367854047;"T6";19.8864558129571;1;1;2;"S-5";2;"S-1"
-20.7216329872383;2.18954185766402;-419.024694315054;52.6042366127942;"T6";19.9189612176269;1;1;2;"S-5";2;"S-1"
-20.6658763227165;2.27738857596109;-419.235112883076;52.6264703943981;"T6";19.9291157536209;1;1;2;"S-5";2;"S-1"
-20.6653641092908;2.10820296737278;-419.638920204349;52.6709701371621;"T6";19.9486555648036;1;1;2;"S-5";2;"S-1"
-20.6484285109919;2.12816971874092;-419.711874547229;52.6784126657007;"T6";19.952185836155;1;1;2;"S-5";2;"S-1"
-20.5099284917111;2.65156659855147;-422.133694765778;52.9280221917044;"T6";20.0694741914049;1;1;2;"S-5";2;"S-1"
-20.1380759576861;3.38357511124881;-427.928031256636;53.6771261735216;"T6";20.3519879258238;1;1;2;"S-5";2;"S-1"
-20.1540171077708;3.35488994384659;-428.147478877603;53.7139974967845;"T6";20.3628850751556;1;1;2;"S-5";2;"S-1"
-20.4274684393136;3.08927919728827;-429.175562122914;53.8851348994515;"T6";20.4138964065351;1;1;2;"S-5";2;"S-1"
-21.4230429062152;2.96868295530969;-433.038517136215;54.4693358540682;"T6";20.6030023167841;1;1;2;"S-5";2;"S-1"
-21.164884426895;3.31031414255002;-433.920624752391;54.5915732904752;"T6";20.6441779620945;1;1;2;"S-5";2;"S-1"
-21.1857292933335;3.39228802864543;-434.495518147214;54.6814900458402;"T6";20.6713405670598;1;1;2;"S-5";2;"S-1"
-21.6070710672867;2.97160584293955;-437.160355925031;55.1081875253938;"T6";20.7971251336858;1;1;2;"S-5";2;"S-1"
-21.4624105923401;2.98284812211529;-441.527183772483;55.7087544002927;"T6";20.9992269286886;1;1;2;"S-5";2;"S-1"
-21.4898921304551;2.7834476441599;-448.189569514398;56.6346934840493;"T6";21.3096480583772;1;1;2;"S-5";2;"S-1"
-21.2785371150182;2.90390744078145;-451.887450470893;57.1136562435762;"T6";21.4817234198563;1;1;2;"S-5";2;"S-1"
-21.8941493574827;2.74263540520407;-454.421832963536;57.4595264572282;"T6";21.6008285293356;1;1;2;"S-5";2;"S-1"
-21.4163288126198;2.76843021751177;-456.363443342221;57.7027480266413;"T6";21.6895102290437;1;1;2;"S-5";2;"S-1"
-22.0771026123148;2.62139841572398;-458.103093758861;57.9276278752593;"T6";21.7707403237;1;1;2;"S-5";2;"S-1"
-21.9989173825508;2.45072080055379;-458.687415632982;57.9970092819589;"T6";21.7972076497972;1;1;2;"S-5";2;"S-1"
-22.0198732596008;2.35309162331773;-461.455826061934;58.3054154141663;"T6";21.9230506801978;1;1;2;"S-5";2;"S-1"
-21.4372854688622;2.62071959885019;-463.317115779118;58.5043168878686;"T6";22.0075784018263;1;1;2;"S-5";2;"S-1"
-21.3256237451018;2.73807645203211;-465.138857691751;58.7270258097336;"T6";22.0925584668294;1;1;2;"S-5";2;"S-1"
-21.8107066686423;2.54869471956157;-470.415726596845;59.4045427096938;"T6";22.3400011193007;1;1;2;"S-5";2;"S-1"
-21.3677457940749;2.90258045937135;-472.481742093603;59.6459673855247;"T6";22.4347259500064;1;1;2;"S-5";2;"S-1"
-21.9915166443731;2.57351068803591;-473.992058204215;59.8511277273027;"T6";22.505408001598;1;1;2;"S-5";2;"S-1"
-21.8635768721981;2.85957477539831;-475.312727446344;60.0056762500327;"T6";22.5654615787789;1;1;2;"S-5";2;"S-1"
-21.8504299182663;2.67744215199358;-477.703081853179;60.3183148089474;"T6";22.6747920154594;1;1;2;"S-5";2;"S-1"
-21.5322792522108;2.60296048382815;-482.076602327294;60.8542240845912;"T6";22.8749491972849;1;1;2;"S-5";2;"S-1"
-21.4795651434624;2.62585390089284;-482.135769420401;60.8613765835671;"T6";22.8776970296167;1;1;2;"S-5";2;"S-1"
-21.3556342623055;2.59371352583416;-482.336536618713;60.8859201591626;"T6";22.8870439226739;1;1;2;"S-5";2;"S-1"
-21.1979930723868;2.329818568746;-485.28856632078;61.2444540838811;"T6";23.0252758134156;1;1;2;"S-5";2;"S-1"
-21.496077186979;1.7718190096341;-492.486870033134;62.0356016984334;"T6";23.3648505876772;1;1;2;"S-5";2;"S-1"
-21.3669401657806;1.29023004604047;-496.233934332866;62.3444543183248;"T6";23.5391644528136;1;1;2;"S-5";2;"S-1"
-21.5284132627075;1.17042782601968;-499.094023284992;62.5171590983144;"T6";23.6730202566832;1;1;2;"S-5";2;"S-1"
-21.0634502899942;1.67588623341038;-501.85459965582;62.6672424026825;"T6";23.8012496964075;1;1;2;"S-5";2;"S-1"
-20.9924979531826;2.01677805560233;-503.566335571398;62.8034344612795;"T6";23.8825153908692;1;1;2;"S-5";2;"S-1"
-21.1238212211505;1.89281541517089;-503.724723586;62.8186510149662;"T6";23.8900603726506;1;1;2;"S-5";2;"S-1"
-20.9938565494643;1.85077096378123;-504.37681009225;62.8770817022046;"T6";23.9209300954826;1;1;2;"S-5";2;"S-1"
-20.6191980948075;1.93062630518194;-506.645263422765;63.0770634229008;"T6";24.0289832931012;1;1;2;"S-5";2;"S-1"
-20.9119101024951;2.08437388702777;-508.89601413598;63.2878067560489;"T6";24.1381413070485;1;1;2;"S-5";2;"S-1"
-20.9379601357384;2.09669478657704;-508.975020615583;63.2956816484993;"T6";24.1419193684123;1;1;2;"S-5";2;"S-1"
-20.3389982628474;2.24842555009712;-510.436257855221;63.442007674647;"T6";24.2117082700133;1;1;2;"S-5";2;"S-1"
-20.0663939239822;2.66305867004842;-511.66138496842;63.5774424226043;"T6";24.2719436413608;1;1;2;"S-5";2;"S-1"
-20.0486116969336;2.77380840396819;-512.76561176025;63.7239869757922;"T6";24.3269723025151;1;1;2;"S-5";2;"S-1"
-20.0015360990995;2.75801701392247;-512.952914365449;63.7499010664155;"T6";24.3363147252239;1;1;2;"S-5";2;"S-1"
-20.0300330755736;2.84326154935982;-513.462260504027;63.8201349379149;"T6";24.3617800762877;1;1;2;"S-5";2;"S-1"
-20.050199093948;3.02354204434982;-514.467430714046;63.9628187666397;"T6";24.4119632290676;1;1;2;"S-5";2;"S-1"
-20.1308678360294;2.98611271291754;-514.970617983241;64.0386987046625;"T6";24.4370596017689;1;1;2;"S-5";2;"S-1"
-19.6906323686603;3.78674802498471;-517.904534796554;64.4739013181929;"T6";24.5828017941676;1;1;2;"S-5";2;"S-1"
-19.750057207868;3.74165568404449;-518.157943703335;64.5226349321928;"T6";24.5956713100895;1;1;2;"S-5";2;"S-1"
-20.1180145640237;3.57255815296092;-518.896134038127;64.6624853656883;"T6";24.6330479276367;1;1;2;"S-5";2;"S-1"
-20.3457721779287;3.44569460206086;-519.859246469114;64.8335149251208;"T6";24.6809210628271;1;1;2;"S-5";2;"S-1"
-20.9241116390339;3.1798926000358;-524.546689663256;65.6273652430282;"T6";24.9113101162948;1;1;2;"S-5";2;"S-1"
-20.7815317662461;3.33239257030527;-525.619071947619;65.7903380157454;"T6";24.9625611468218;1;1;2;"S-5";2;"S-1"
-20.6561954817643;3.48498540002441;-526.463190083736;65.9256953626867;"T6";25.0031798146665;1;1;2;"S-5";2;"S-1"
-21.2551971979135;3.58707214892243;-529.461275728675;66.4315138087727;"T6";25.1483220141381;1;1;2;"S-5";2;"S-1"
-21.2235617352999;3.49705496692324;-529.720802177962;66.4753120426576;"T6";25.1605320372619;1;1;2;"S-5";2;"S-1"
-21.3709294794433;3.49206083474434;-530.047024147766;66.5290643851745;"T6";25.1759027829394;1;1;2;"S-5";2;"S-1"
-21.9865786423873;3.16030623104063;-532.465935973997;66.9243203453426;"T6";25.2890898031183;1;1;2;"S-5";2;"S-1"
-21.7236465609001;3.19711213512664;-533.960782331954;67.1391865296788;"T6";25.3570788423531;1;1;2;"S-5";2;"S-1"
-21.6987284293108;3.23963788640374;-534.060493111542;67.1538611628041;"T6";25.3616688074544;1;1;2;"S-5";2;"S-1"
-22.095621550245;2.92396717043647;-535.281080129806;67.3360958020781;"T6";25.4179203533567;1;1;2;"S-5";2;"S-1"
-21.5651017322317;2.55677103170737;-539.61824778994;67.9100437139788;"T6";25.6142111727968;1;1;2;"S-5";2;"S-1"
-21.5642100110604;2.61926866790749;-539.749295316825;67.9255807851541;"T6";25.62028800603;1;1;2;"S-5";2;"S-1"
-21.6068955184386;2.69786574074267;-540.014998280924;67.9578540494415;"T6";25.6326094851829;1;1;2;"S-5";2;"S-1"
-21.7555193795477;2.68550805836381;-540.21964304789;67.9834062674984;"T6";25.64208075637;1;1;2;"S-5";2;"S-1"
-21.8754671086373;2.80112876146067;-541.690595060209;68.1649810400255;"T6";25.7096935762092;1;1;2;"S-5";2;"S-1"
-22.0453701914391;2.2740301989578;-544.056533720339;68.4679368030192;"T6";25.8178484626114;1;1;2;"S-5";2;"S-1"
-21.818888755675;2.30973261984221;-544.688689909051;68.5331451552085;"T6";25.8465236984193;1;1;2;"S-5";2;"S-1"
-21.8531996628557;2.38773244605903;-545.368394363897;68.6050982032666;"T6";25.8776758098975;1;1;2;"S-5";2;"S-1"
-21.4844845481622;2.63808422078021;-546.9190451098;68.7745259829794;"T6";25.9486334165558;1;1;2;"S-5";2;"S-1"
-21.4246495414521;2.6457160019163;-547.406356197286;68.8343630103759;"T6";25.9713154169731;1;1;2;"S-5";2;"S-1"
-21.4200125192524;2.54867080433093;-549.174171864088;69.0526694143639;"T6";26.0538285830989;1;1;2;"S-5";2;"S-1"
-21.2899770745341;2.69329530705051;-549.362600585713;69.0750896991826;"T6";26.0626254370436;1;1;2;"S-5";2;"S-1"
-21.2853489987254;2.42388952711216;-550.040378486851;69.1608322076864;"T6";26.0944609763101;1;1;2;"S-5";2;"S-1"
-21.1776889846724;2.43926273277626;-550.401031365052;69.2019019000107;"T6";26.1114046908915;1;1;2;"S-5";2;"S-1"
-20.8633050435896;2.51518983988127;-552.005322552296;69.3866854100716;"T6";26.1871585273184;1;1;2;"S-5";2;"S-1"
-20.9870471553409;2.42696932515911;-553.283334071594;69.5407569525177;"T6";26.2484149541706;1;1;2;"S-5";2;"S-1"
-21.0811181791689;2.43112857637736;-553.378728867677;69.5517885303362;"T6";26.2529603671283;1;1;2;"S-5";2;"S-1"
-21.1785747339058;2.57816235313496;-553.809264779138;69.6014390350491;"T6";26.2733831885271;1;1;2;"S-5";2;"S-1"
-21.1430022135775;2.79193540503554;-554.331599963839;69.665025226558;"T6";26.2980465660803;1;1;2;"S-5";2;"S-1"
-21.2170043686554;2.77196702964123;-556.306143976824;69.9257639467721;"T6";26.3914365204982;1;1;2;"S-5";2;"S-1"
-21.4399854063132;2.55252462998995;-559.890327212807;70.3940316430834;"T6";26.5603662701324;1;1;2;"S-5";2;"S-1"
-21.602085958767;2.59258546177701;-560.605300011936;70.4791523017482;"T6";26.593713904731;1;1;2;"S-5";2;"S-1"
-21.5741426703733;2.37800747453948;-561.988297712997;70.6451334824678;"T6";26.6577353933826;1;1;2;"S-5";2;"S-1"
-21.5691394410165;2.36144367485979;-562.369752556922;70.6871793001817;"T6";26.6754165058956;1;1;2;"S-5";2;"S-1"
-21.7696878251786;2.35906189954981;-564.196204532184;70.8871438595566;"T6";26.7600954510272;1;1;2;"S-5";2;"S-1"
-21.78217038914;2.29302116177342;-564.2783764792;70.8960483836349;"T6";26.7638700548559;1;1;2;"S-5";2;"S-1"
-21.7554112442799;2.26572251233192;-564.34868955632;70.9034502802735;"T6";26.7670980654657;1;1;2;"S-5";2;"S-1"
-21.5518989478672;2.19246245760816;-565.291715302406;71.0016619223623;"T6";26.810444786679;1;1;2;"S-5";2;"S-1"
-21.606377008218;1.99420283407146;-565.628714550341;71.0359446647381;"T6";26.8260814249516;1;1;2;"S-5";2;"S-1"
-21.3714900825887;2.06203643874826;-566.506690957482;71.1169792148018;"T6";26.8667164840735;1;1;2;"S-5";2;"S-1"
-21.5563933248216;1.84907211605613;-570.031122815705;71.4570353779171;"T6";27.0316292648204;1;1;2;"S-5";2;"S-1"
-21.4970285524866;2.08189713602367;-570.563673678182;71.5027167187309;"T6";27.0563342724927;1;1;2;"S-5";2;"S-1"
-21.2968866663791;1.9792534157313;-572.117994002936;71.6532461290942;"T6";27.1286382339895;1;1;2;"S-5";2;"S-1"
-21.1711723187471;2.29798379206615;-573.515310979679;71.783107570459;"T6";27.1942495601252;1;1;2;"S-5";2;"S-1"
-21.06439645757;2.35162552182338;-574.037304133041;71.8397663037561;"T6";27.2189054056071;1;1;2;"S-5";2;"S-1"
-21.0622561088898;2.38673345347373;-574.214985999697;71.8596026761504;"T6";27.2273405804299;1;1;2;"S-5";2;"S-1"
-21.3375247548983;2.3011649810343;-574.77831074952;71.9234375292934;"T6";27.2540862788446;1;1;2;"S-5";2;"S-1"
-21.3469028289494;2.51108929007876;-577.289484785192;72.1942574026644;"T6";27.3717744392343;1;1;2;"S-5";2;"S-1"
-21.2667181377417;2.66017855022943;-578.501876079749;72.3368740070281;"T6";27.4285691557452;1;1;2;"S-5";2;"S-1"
-21.0763414882335;2.97900872121761;-579.742838639514;72.4921016242722;"T6";27.4869214859791;1;1;2;"S-5";2;"S-1"
-21.1395457515617;2.85807599507717;-579.998228919707;72.5281994390867;"T6";27.4990388774313;1;1;2;"S-5";2;"S-1"
-21.1774297900678;2.93066436795676;-580.966342091858;72.6590887708804;"T6";27.5448351865634;1;1;2;"S-5";2;"S-1"
-21.1919124448481;2.92191610782141;-581.071750777737;72.6736758800264;"T6";27.5498125934973;1;1;2;"S-5";2;"S-1"
-15.5545857305427;-3.34869619402446;-584.132530386207;73.0956925934189;"T6";27.6942440890707;2;1;1;"S-6-NA";8;"S-2"
-12.3276857647491;-5.33166197265204;-585.336986178234;72.8363892216349;"T6";27.7716782176867;2;1;1;"S-6-NA";8;"S-2"
-10.1848285574894;-6.68836981545683;-586.148404652101;72.4854548205169;"T6";27.8374990448356;2;1;1;"S-6-NA";8;"S-2"
-8.95996824383196;-7.15031684199351;-586.532122471876;72.2334675957006;"T6";27.8751744772308;2;1;1;"S-6-NA";8;"S-2"
-7.22772614678882;-7.6912368027958;-586.953400647578;71.8972752841976;"T6";27.9221922974102;2;1;1;"S-6-NA";8;"S-2"
-2.84067057529044;-7.3920259852778;-587.969396301537;70.8161243099473;"T6";28.0627614934929;2;1;6;"S-7-NA";8;"S-2"
-0.743651412855845;-7.01827253793709;-588.226213561333;70.1478314517783;"T6";28.1531687593088;2;1;6;"S-7-NA";8;"S-2"
-0.272857927134794;-6.73571671587364;-588.240593101539;70.0121233358631;"T6";28.1725051579997;2;1;6;"S-7-NA";8;"S-2"
3.10672796650943;-3.89047374365848;-588.347393172492;67.3756779493293;"T6";28.5639179055579;2;1;6;"S-7-NA";8;"S-2"
3.58765213956947;-3.00381997261091;-588.007059490852;66.9494870285996;"T6";28.6734652123414;2;1;6;"S-7-NA";8;"S-2"
3.45480603332346;-2.72639408463171;-587.881568268863;66.8444174665755;"T6";28.7084438605234;2;1;6;"S-7-NA";8;"S-2"
3.46343255409917;-2.53071842189415;-587.823209796002;66.798363305022;"T6";28.7253358284943;2;1;6;"S-7-NA";8;"S-2"
3.1968468574693;-2.54557243503557;-587.589497240756;66.6275903334826;"T6";28.7928158650175;2;1;8;"S-8";8;"S-2"
3.20292205654172;-2.52178224728116;-587.502499619928;66.5583162157762;"T6";28.8200294366106;2;1;8;"S-8";8;"S-2"
3.43452690401512;-2.22841252286386;-587.212372815797;66.3298883579638;"T6";28.9106113486923;2;1;8;"S-8";8;"S-2"
3.3259332415989;-1.01827842315321;-586.139880806251;65.6340269798072;"T6";29.2228791047819;2;1;8;"S-8";8;"S-2"
3.42451765651059;-1.14330536761282;-585.962335872172;65.5796692515005;"T6";29.2762610944919;2;1;8;"S-8";8;"S-2"
3.28293431498159;-1.24548038935354;-585.685522467482;65.4872526593982;"T6";29.357093910221;2;1;8;"S-8";8;"S-2"
3.0051250569796;-1.18003175791866;-585.518016137652;65.4237040687534;"T6";29.4081172673032;2;1;8;"S-8";8;"S-2"
2.53517828756536;-1.71922895977902;-585.098892842423;65.2591256270992;"T6";29.5475867693312;2;1;8;"S-8";8;"S-2"
2.47697074840098;-1.76974340509784;-585.090202987842;65.2532326097422;"T6";29.5510144787841;2;1;8;"S-8";8;"S-2"
2.2499213396072;-1.76550081204277;-585.04222369911;65.2189524189611;"T6";29.5703846262768;2;1;8;"S-8";8;"S-2"
2.12847559597197;-1.96214505083731;-584.97711294184;65.1678603684034;"T6";29.5993237523362;2;1;8;"S-8";8;"S-2"
2.96017141364775;-1.71662555201236;-584.682926383533;64.8966631319889;"T6";29.7375384252518;2;1;8;"S-8";8;"S-2"
3.71423288200349;-1.32839556966734;-583.956107308552;64.4751753120436;"T6";29.9830711912364;2;1;8;"S-8";8;"S-2"
3.75115002528926;-1.23028852008739;-583.832510014737;64.4309707339403;"T6";30.0163478590548;2;1;8;"S-8";8;"S-2"
3.6666919400118;-1.2120528011451;-583.619993738693;64.3612704199069;"T6";30.0730014918372;2;1;8;"S-8";8;"S-2"
3.59904905553517;-1.19592459633803;-583.597445161676;64.3538168169367;"T6";30.0791510613635;2;1;8;"S-8";8;"S-2"
3.75865543087578;-1.10809696528512;-583.538793539076;64.3343275249042;"T6";30.0954474834725;2;1;8;"S-8";8;"S-2"
3.65233542948231;-1.16836033038663;-583.468313268632;64.3135490909062;"T6";30.1141989417374;2;1;8;"S-8";8;"S-2"
3.62975091863582;-1.07638681507538;-583.291420813155;64.2569622489486;"T6";30.1626316388138;2;1;8;"S-8";8;"S-2"
3.5281994412315;-1.10500936834037;-583.149390029046;64.2148436389456;"T6";30.20176126156;2;1;8;"S-8";8;"S-2"
3.3379485281368;-1.07665336174561;-582.999976627478;64.1680483227402;"T6";30.2441096049733;2;1;8;"S-8";8;"S-2"
3.31911682428024;-1.04510935221152;-582.956602162458;64.1540579142053;"T6";30.2571039530449;2;1;8;"S-8";8;"S-2"
3.27752283607296;-0.991344663619722;-582.748330284826;64.0884781534917;"T6";30.3198531386442;2;1;8;"S-8";8;"S-2"
3.27575475092233;-0.878292716942705;-582.659096737767;64.0614878912977;"T6";30.3470790502615;2;1;8;"S-8";8;"S-2"
3.01918625011025;-1.03330250175794;-582.265078939353;63.955844157561;"T6";30.4673621081747;2;1;8;"S-8";8;"S-2"
2.77638034062419;-0.983553422775342;-582.160736614539;63.9201334804654;"T6";30.5019218591042;2;1;8;"S-8";8;"S-2"
2.63509293835575;-0.879583136401235;-582.089060529684;63.8947416933392;"T6";30.5277382372878;2;1;8;"S-8";8;"S-2"
2.64200729401854;-0.857968867721993;-581.85511418493;63.8166513699684;"T6";30.6165192974731;2;1;8;"S-8";8;"S-2"
2.61337792067682;-0.878249626224544;-581.832035229672;63.8091566801712;"T6";30.6252546841279;2;1;8;"S-8";8;"S-2"
2.56608288244018;-0.976743464201112;-581.771367435419;63.7887687113263;"T6";30.6484690052457;2;1;8;"S-8";8;"S-2"
2.51432779177551;-1.12286498153773;-581.761640114852;63.7850661431618;"T6";30.6522597325966;2;1;8;"S-8";8;"S-2"
2.62599572669341;-1.15972392796706;-581.735826465184;63.7735381143375;"T6";30.6625263532624;2;1;8;"S-8";8;"S-2"
2.59737659847264;-1.10351147317666;-581.707052547533;63.7608306295297;"T6";30.6734836893156;2;1;8;"S-8";8;"S-2"
2.2759051499226;-1.1500142621005;-581.524785563505;63.6833933768135;"T6";30.7436571805738;2;1;8;"S-8";8;"S-2"
2.50760842191658;-0.994158704769127;-581.26583038839;63.5525433962517;"T6";30.8574383612722;2;1;8;"S-8";8;"S-2"
3.13606909300487;-1.25548595018259;-580.87569057585;63.397869768853;"T6";31.013020791579;2;1;8;"S-8";8;"S-2"
2.64831009810564;-1.28891428753902;-580.597631831382;63.2865524360228;"T6";31.1016855295748;2;1;8;"S-8";8;"S-2"
2.92386688734426;-0.945346225317478;-580.459618369701;63.2193822346325;"T6";31.1537993140519;2;1;8;"S-8";8;"S-2"
2.94803835859882;-0.898692587276186;-580.309911262684;63.170978851724;"T6";31.2050010659732;2;1;8;"S-8";8;"S-2"
2.57317270085205;-1.20571744555919;-579.89544445782;63.0446310231359;"T6";31.3455917756073;2;1;8;"S-8";8;"S-2"
2.75187241346645;-1.03930720335402;-579.621693463455;62.9163588906294;"T6";31.451978336554;2;1;8;"S-8";8;"S-2"
2.52727899733654;-1.17506326330293;-579.379667773521;62.8249523843853;"T6";31.5399277955294;2;1;8;"S-8";8;"S-2"
2.58549141470101;-1.20107550028569;-579.374616913556;62.8226039772648;"T6";31.5419263322838;2;1;8;"S-8";8;"S-2"
2.60025601239088;-1.45945702350928;-579.133779684718;62.7107243966676;"T6";31.6350758308545;2;1;8;"S-8";8;"S-2"
2.75891730199355;-1.03789215312722;-578.976753932326;62.6225898683335;"T6";31.6954644047655;2;1;8;"S-8";8;"S-2"
2.42678894849026;-0.955554028262794;-578.80739815826;62.5588789956434;"T6";31.7568492726423;2;1;8;"S-8";8;"S-2"
2.37072043483552;-0.940322397873998;-578.791620661056;62.5526665678923;"T6";31.7633506609127;2;1;8;"S-8";8;"S-2"
2.56450949046962;-1.54112067566368;-578.46575128535;62.4234137600728;"T6";31.9008065038361;2;1;8;"S-8";8;"S-2"
2.57881678742273;-1.43043173445694;-578.234311020252;62.2843316552694;"T6";31.991053884849;2;1;8;"S-8";8;"S-2"
2.55234319885288;-1.45511465432522;-578.155627808888;62.2406872354513;"T6";32.0215652463958;2;1;8;"S-8";8;"S-2"
2.69641362538627;-1.51882447520846;-578.016395862672;62.1613098047905;"T6";32.0761158829555;2;1;8;"S-8";8;"S-2"
3.15646492248688;-1.1456558747301;-577.591734164739;61.9221081576726;"T6";32.2336071869358;2;1;8;"S-8";8;"S-2"
3.13750572612376;-1.29792768922029;-577.506787608476;61.8912763494278;"T6";32.2605191147886;2;1;8;"S-8";8;"S-2"
3.00296917496256;-1.34033430663869;-577.426994934145;61.858267606034;"T6";32.2859509964474;2;1;8;"S-8";8;"S-2"
2.672433871281;-1.62642635110111;-577.05909904342;61.694062296262;"T6";32.4084617081098;2;1;8;"S-8";8;"S-2"
2.84703299655944;-1.61881587740738;-576.910619944715;61.6036988559104;"T6";32.46402121149;2;1;8;"S-8";8;"S-2"
2.83548540628833;-1.56430772195692;-576.894292169012;61.5944149232749;"T6";32.4697562260553;2;1;8;"S-8";8;"S-2"
2.69286096242391;-1.44803476047086;-576.666462977878;61.4687239349918;"T6";32.5501054991037;2;1;8;"S-8";8;"S-2"
2.57562669550281;-1.52063692138269;-576.628978882929;61.4485675759343;"T6";32.5640253024176;2;1;8;"S-8";8;"S-2"
2.68367369306151;-1.47402619922369;-576.515094537565;61.3813308367633;"T6";32.608241471462;2;1;8;"S-8";8;"S-2"
2.67304301496501;-1.5688692440036;-576.299528228258;61.2629295615224;"T6";32.6885665534064;2;1;8;"S-8";8;"S-2"
2.84306718790208;-1.3811346136409;-576.203290322993;61.2064453639868;"T6";32.7245696797036;2;1;8;"S-8";8;"S-2"
2.68893096440538;-1.49196381412543;-576.067950192523;61.1406984341916;"T6";32.7721732435748;2;1;8;"S-8";8;"S-2"
3.08237350267262;-1.14807645862681;-575.75038696835;60.9644972429248;"T6";32.8902734210715;2;1;8;"S-8";8;"S-2"
3.34543820533215;-1.25051581136019;-575.620737619761;60.9162073893872;"T6";32.9323349520564;2;1;8;"S-8";8;"S-2"
3.40783526529748;-1.19754711318944;-575.496100169943;60.8696182455687;"T6";32.9695908934809;2;1;8;"S-8";8;"S-2"
3.20488083211401;-1.254328553405;-575.283294907722;60.7948363656932;"T6";33.0320367706008;2;1;8;"S-8";8;"S-2"
3.14072198643586;-1.16945698921387;-574.946748629739;60.6631186425923;"T6";33.1370473140851;2;1;8;"S-8";8;"S-2"
3.05914702288025;-1.18138054960065;-574.9324090589;60.6577792615797;"T6";33.1416130065918;2;1;8;"S-8";8;"S-2"
3.00171701060824;-1.21190481336741;-574.903777931335;60.6467225006706;"T6";33.150972193107;2;1;8;"S-8";8;"S-2"
2.95551742986596;-1.32465225067375;-574.879059075281;60.6367425790033;"T6";33.1592070986517;2;1;8;"S-8";8;"S-2"
3.04159246752694;-1.19971875413519;-574.650113214834;60.5341298702237;"T6";33.2366709830239;2;1;8;"S-8";8;"S-2"
2.71608967275194;-0.925676654891044;-573.692719691431;60.1564977655361;"T6";33.5514381760731;2;1;8;"S-8";8;"S-2"
3.0218228710182;-0.872798717474495;-573.529143162686;60.1007488793832;"T6";33.611663186457;2;1;8;"S-8";8;"S-2"
3.06887715141308;-0.704187857563182;-573.317344236343;60.0395746017486;"T6";33.6817529750988;2;1;8;"S-8";8;"S-2"
2.9119028275483;-1.02321866533515;-572.864467194051;59.9356569476957;"T6";33.8293239008635;2;1;8;"S-8";8;"S-2"
2.83361354210393;-0.855229400028982;-572.778371165215;59.905403512422;"T6";33.8588908314705;2;1;8;"S-8";8;"S-2"
3.00220980757591;-0.631195077504814;-572.465478437444;59.8109675366374;"T6";33.96931263851;2;1;8;"S-8";8;"S-2"
2.94609239802906;-0.599616845648806;-572.421905800989;59.8018066733376;"T6";33.9838261599652;2;1;8;"S-8";8;"S-2"
2.75436170911007;-0.971285728429148;-572.186327633991;59.7538595561686;"T6";34.063789085485;2;1;8;"S-8";8;"S-2"
2.27115927019499;-0.913947958588145;-571.715027169207;59.5876622794159;"T6";34.2348996782675;2;1;8;"S-8";8;"S-2"
2.66163655618151;-0.645471577777013;-571.473622093643;59.4905173196148;"T6";34.3411912443116;2;1;8;"S-8";8;"S-2"
2.35322103563534;-0.516404872359639;-571.179148622008;59.4191047686005;"T6";34.451827488374;2;1;8;"S-8";8;"S-2"
2.13296979651871;-0.69595850168192;-571.129290994825;59.4081637132506;"T6";34.4730144599453;2;1;8;"S-8";8;"S-2"
2.19426587484536;-0.718333946373086;-571.120271865736;59.4052208963493;"T6";34.4772428972647;2;1;8;"S-8";8;"S-2"
2.95000415375286;-0.772658883500353;-570.842659484238;59.3143392945115;"T6";34.6037601004355;2;1;8;"S-8";8;"S-2"
2.81427883508625;-0.764172582113246;-570.788640581836;59.3001907772071;"T6";34.6220715669915;2;1;8;"S-8";8;"S-2"
3.06930538929604;-0.584829142691656;-570.65511009387;59.2639327005347;"T6";34.6695190644823;2;1;8;"S-8";8;"S-2"
3.14050371464861;-0.630696168546034;-570.504598858458;59.2352541086037;"T6";34.7185566206463;2;1;8;"S-8";8;"S-2"
3.04559293144536;-0.653844734493768;-570.446189175888;59.22352390022;"T6";34.7371554467827;2;1;8;"S-8";8;"S-2"
2.90983960714475;-0.913433152659966;-570.280087831833;59.1878643450371;"T6";34.7916937083937;2;1;8;"S-8";8;"S-2"
2.92693224621843;-1.06075819986991;-569.911709562745;59.0722260387615;"T6";34.9182911566459;2;1;8;"S-8";8;"S-2"
2.68205699811747;-1.1862622121496;-569.814521553758;59.0370038440574;"T6";34.9514958914369;2;1;8;"S-8";8;"S-2"
2.65828733437977;-0.846815081567316;-569.498161279913;58.8970790629839;"T6";35.06945023546;2;1;8;"S-8";8;"S-2"
2.20105508452176;-0.957997400951859;-569.2961455012;58.8327255952771;"T6";35.1454449468292;2;1;8;"S-8";8;"S-2"
2.08434652720607;-0.82571658988672;-569.198032736546;58.7900225415463;"T6";35.1900202804245;2;1;8;"S-8";8;"S-2"
2.12787633302735;-0.780276723073836;-569.188904709405;58.7864064617127;"T6";35.1943996036425;2;1;8;"S-8";8;"S-2"
1.96409681137952;-0.777571261945428;-569.130276736817;58.7649080120042;"T6";35.2219519438222;2;1;8;"S-8";8;"S-2"
1.92654484386537;-0.913757771151112;-569.115049886032;58.7588798154755;"T6";35.2297045406885;2;1;8;"S-8";8;"S-2"
2.13460339547756;-0.771012202720491;-569.067775277908;58.7364575289202;"T6";35.2542430860922;2;1;8;"S-8";8;"S-2"
1.96390465887635;-1.33015479461932;-568.727326479829;58.6134884667156;"T6";35.4137335089035;2;1;8;"S-8";8;"S-2"
1.9659111797149;-1.2926788550687;-568.473190800785;58.441362090602;"T6";35.5431367759593;2;1;8;"S-8";8;"S-2"
1.7656099967435;-1.70387750660467;-567.81208972751;58.0066571114027;"T6";35.8794190455228;2;1;8;"S-8";8;"S-2"
1.44657960416686;-1.94529270484254;-567.74117160183;57.9382185551077;"T6";35.9195854049176;2;1;8;"S-8";8;"S-2"
1.59692058168429;-1.93863245361514;-567.579899650744;57.7213475657483;"T6";36.0310704214498;2;1;8;"S-8";8;"S-2"
1.48803251932385;-1.97546714547313;-567.498796103048;57.6228893384139;"T6";36.0818578861654;2;1;8;"S-8";8;"S-2"
1.65113824697632;-1.91441886563277;-567.463964201272;57.5766475549318;"T6";36.1052659107372;2;1;8;"S-8";8;"S-2"
1.78190373686265;-1.75165870976191;-567.282236600672;57.3659427592357;"T6";36.2153279245831;2;1;8;"S-8";8;"S-2"
1.87284708960972;-1.87214723620411;-567.136964412887;57.223136339475;"T6";36.2968543195166;2;1;8;"S-8";8;"S-2"
1.73719519229297;-1.7826621083493;-567.082515427799;57.1687077011136;"T6";36.3259271602146;2;1;8;"S-8";8;"S-2"
1.80911564893959;-1.83328387896482;-567.052388310413;57.1377920787143;"T6";36.3432695507072;2;1;8;"S-8";8;"S-2"
2.06645775290299;-2.19514951086042;-566.688479020286;56.7690212732733;"T6";36.544422688894;2;1;8;"S-8";8;"S-2"
2.46096092791359;-1.73906056660834;-566.381881184285;56.4433295968852;"T6";36.6927914787084;2;1;8;"S-8";8;"S-2"
2.31099834017586;-1.84388119396383;-566.305064038905;56.3890460579418;"T6";36.7240057676099;2;1;8;"S-8";8;"S-2"
2.50573643630731;-1.90607282606445;-566.2255736729;56.325622909413;"T6";36.7584023158997;2;1;8;"S-8";8;"S-2"
2.7751866279159;-1.3543636189407;-565.784619889215;55.9901965603155;"T6";36.9343800353818;2;1;8;"S-8";8;"S-2"
2.72038001527142;-1.43789639133413;-565.589261158195;55.8948563928203;"T6";37.0047748438083;2;1;8;"S-8";8;"S-2"
2.68723769923434;-1.49283342893525;-565.54807739475;55.873088116143;"T6";37.0199138182215;2;1;8;"S-8";8;"S-2"
2.60533731558406;-1.69581688157879;-565.310333350246;55.7410148509953;"T6";37.1083853533491;2;1;8;"S-8";8;"S-2"
2.57147288622105;-1.76195012130866;-564.868740265407;55.4535814336104;"T6";37.2778809047304;2;1;8;"S-8";8;"S-2"
2.804767815746;-1.35439528505906;-564.338406465932;55.0902014783616;"T6";37.4841182725504;2;1;8;"S-8";8;"S-2"
2.81172374295892;-1.38017556326532;-564.294726462145;55.069108826468;"T6";37.4996917555109;2;1;8;"S-8";8;"S-2"
2.76678606690351;-1.53780615029391;-564.244530166415;55.0444692433983;"T6";37.5175442546606;2;1;8;"S-8";8;"S-2"
3.48748631887349;-1.49965100667603;-563.863278573184;54.832565962587;"T6";37.6553400885314;2;1;8;"S-8";8;"S-2"
3.5753879956793;-1.32626187188326;-563.827794611576;54.8173075346305;"T6";37.6655147410929;2;1;8;"S-8";8;"S-2"
3.47006783426152;-1.29716987238939;-563.741670933776;54.7853606381622;"T6";37.6896026660688;2;1;8;"S-8";8;"S-2"
3.44656247919882;-1.26430393353551;-563.718668369733;54.7767618918294;"T6";37.6962315174751;2;1;8;"S-8";8;"S-2"
3.58122835884257;-1.24180531031764;-563.681104805719;54.7629824341733;"T6";37.7071303664707;2;1;8;"S-8";8;"S-2"
3.46094176513469;-1.27349813425395;-563.542944049304;54.7150746372382;"T6";37.7457095193677;2;1;8;"S-8";8;"S-2"
2.41620239432473;-1.22805992748047;-562.226811766936;54.2307867989071;"T6";38.1259910645895;2;1;8;"S-8";8;"S-2"
2.50331020071761;-1.36680556064205;-561.964378882077;54.0974025632546;"T6";38.2346048485488;2;1;8;"S-8";8;"S-2"
2.36773841659703;-1.4189711684341;-561.893641762154;54.0587801468929;"T6";38.2628622814082;2;1;8;"S-8";8;"S-2"
2.64869952190534;-1.34179378416347;-561.71162942994;53.9497012681197;"T6";38.3397340890951;2;1;8;"S-8";8;"S-2"
2.45052485161212;-1.29125546036849;-561.38718649083;53.7853430555654;"T6";38.4622254990973;2;1;8;"S-8";8;"S-2"
2.44584421611281;-1.34372695440479;-560.959619253521;53.5600449813645;"T6";38.636705360841;2;1;8;"S-8";8;"S-2"
2.4730092659709;-1.38637015113303;-560.805402846407;53.4753197393865;"T6";38.6997577850707;2;1;8;"S-8";8;"S-2"
2.45401043336025;-1.39208328740922;-560.791055339268;53.4672765201744;"T6";38.7055594241247;2;1;8;"S-8";8;"S-2"
2.69843121410689;-1.3760168318842;-560.695089859196;53.4128383078664;"T6";38.7446649954654;2;1;8;"S-8";8;"S-2"
2.70982451394039;-1.24968085114271;-560.666405285559;53.3982111215468;"T6";38.755295088049;2;1;8;"S-8";8;"S-2"
2.6827379813487;-1.30650776918348;-560.561049345396;53.3496244694225;"T6";38.7941743363626;2;1;8;"S-8";8;"S-2"
2.75932677495779;-1.28277879651178;-560.521496023399;53.3303617897105;"T6";38.8089179759845;2;1;8;"S-8";8;"S-2"
2.52675707651734;-1.33487250327156;-560.327214875112;53.2400427525286;"T6";38.879326870665;2;1;8;"S-8";8;"S-2"
2.54855696645658;-1.47250219749734;-560.035134828894;53.0857383969281;"T6";38.9949216973037;2;1;8;"S-8";8;"S-2"
2.29157938113745;-1.26334297289046;-559.341241208905;52.6848213706613;"T6";39.2671909183264;2;1;8;"S-8";8;"S-2"
2.30458195703793;-1.2826034563737;-559.293688627218;52.6586057307356;"T6";39.287941926159;2;1;8;"S-8";8;"S-2"
2.5602664551746;-1.40874364906616;-558.922007728691;52.4517486026295;"T6";39.4492210238241;2;1;8;"S-8";8;"S-2"
2.40476714768295;-1.27208948860308;-558.703121073778;52.3313098942479;"T6";39.5347147248685;2;1;8;"S-8";8;"S-2"
2.37646608490457;-1.21166071314438;-558.636815063727;52.296234906427;"T6";39.5622874610126;2;1;8;"S-8";8;"S-2"
2.54135278218023;-1.17617058308787;-558.491624661856;52.2222083899155;"T6";39.6233825478703;2;1;8;"S-8";8;"S-2"
2.62901745729878;-1.15583289802151;-558.337479051654;52.1508678292886;"T6";39.6840374916792;2;1;8;"S-8";8;"S-2"
2.59998136457663;-1.1633736952162;-558.15887678329;52.0723463356928;"T6";39.7519724792801;2;1;8;"S-8";8;"S-2"
2.57824180562693;-1.01608836719243;-558.092110569513;52.0424714843204;"T6";39.7776519763283;2;1;8;"S-8";8;"S-2"
2.39489645474135;-0.795715535765561;-558.029756832385;52.0178977973963;"T6";39.8018365725875;2;1;8;"S-8";8;"S-2"
2.24898623315853;-0.714132417268634;-557.92145842763;51.9819151464588;"T6";39.8470570682548;2;1;8;"S-8";8;"S-2"
2.07235863489154;-1.12407959525137;-557.852948418106;51.9601608031076;"T6";39.8775196867064;2;1;8;"S-8";8;"S-2"
2.09443394906386;-1.17336056744378;-557.816988500058;51.9406555835747;"T6";39.894871856086;2;1;8;"S-8";8;"S-2"
2.09899345304297;-1.07755693496687;-557.797377207443;51.9296687881008;"T6";39.9042353848927;2;1;8;"S-8";8;"S-2"
2.15273146940281;-1.50556017719392;-557.635411774855;51.8465208512378;"T6";39.9813987663947;2;1;8;"S-8";8;"S-2"
1.92038997884524;-1.48375931336662;-557.602869645275;51.8237617960218;"T6";39.9965154356323;2;1;8;"S-8";8;"S-2"
2.0307298883772;-1.40819247366824;-557.522456111914;51.7616315358355;"T6";40.0383889791556;2;1;8;"S-8";8;"S-2"
1.84222253654036;-1.68270135446836;-557.241931975101;51.5671044446633;"T6";40.1765285409056;2;1;8;"S-8";8;"S-2"
1.77701818794061;-1.82366464108493;-557.221941692429;51.5488451545603;"T6";40.1873797178268;2;1;8;"S-8";8;"S-2"
1.78248200628231;-1.81312668558423;-557.215693677867;51.5424331305805;"T6";40.1908957283013;2;1;8;"S-8";8;"S-2"
2.10208554830484;-1.59861924876199;-557.139121257686;51.4645442666703;"T6";40.2338540414348;2;1;8;"S-8";8;"S-2"
2.2594584742859;-1.56216071808632;-557.129716494485;51.4573920194674;"T6";40.2383280568756;2;1;8;"S-8";8;"S-2"
2.24046281588506;-1.86836065489385;-556.671338083895;51.1404750434789;"T6";40.4411989729851;2;1;8;"S-8";8;"S-2"
2.6243210189291;-1.83762142468311;-556.25694891562;50.7949087558665;"T6";40.626155922655;2;1;8;"S-8";8;"S-2"
2.88008585007432;-1.86177220632937;-556.142128192079;50.7145081417438;"T6";40.6699084676802;2;1;8;"S-8";8;"S-2"
2.9730414757369;-1.49670576166706;-555.612090624568;50.3718762679487;"T6";40.8539438038133;2;1;8;"S-8";8;"S-2"
2.69174377598339;-1.77353390807075;-555.450855370008;50.2907062821098;"T6";40.9081762307324;2;1;8;"S-8";8;"S-2"
2.66143579036868;-1.78038143038954;-555.444856339323;50.2867536457446;"T6";40.9104049089365;2;1;8;"S-8";8;"S-2"
3.03497221392903;-1.55590057916464;-555.16988040054;50.1028070493299;"T6";41.013723553624;2;1;8;"S-8";8;"S-2"
2.65283501793718;-1.59630606420528;-555.006889704177;50.0192486833901;"T6";41.0674277343787;2;1;8;"S-8";8;"S-2"
2.55909257231199;-1.54555452840082;-554.725436558542;49.8498882217976;"T6";41.1735229659826;2;1;8;"S-8";8;"S-2"
2.60350092752477;-1.54126347660946;-554.689208052237;49.828008148922;"T6";41.1876797443256;2;1;8;"S-8";8;"S-2"
2.47221656041161;-1.43415844149131;-554.583326045676;49.7653263700078;"T6";41.2283488316461;2;1;8;"S-8";8;"S-2"
2.58936213929818;-1.46691414564926;-554.5192490718;49.7281546535566;"T6";41.2542676669545;2;1;8;"S-8";8;"S-2"
2.20723126178432;-1.40189300123099;-554.09565827353;49.4881838420122;"T6";41.4178565260954;2;1;8;"S-8";8;"S-2"
2.51638258571757;-2.04691184726966;-553.536130421157;49.1328073149502;"T6";41.671354137361;2;1;8;"S-8";8;"S-2"
2.49269403681781;-1.88982335789683;-553.434363179756;49.0500263526001;"T6";41.711796016898;2;1;8;"S-8";8;"S-2"
2.78662613320635;-1.99401216380618;-553.338542623935;48.977380483559;"T6";41.7502365773544;2;1;8;"S-8";8;"S-2"
2.72810944162088;-2.0154781544008;-553.32302888125;48.9662793920808;"T6";41.7558037908748;2;1;8;"S-8";8;"S-2"
2.14197145715014;-1.74348972594141;-552.728867273892;48.5273234904065;"T6";41.9735962292179;2;1;8;"S-8";8;"S-2"
2.16460928190791;-1.40216329128113;-552.448634330778;48.2992236921765;"T6";42.1044256770983;2;1;8;"S-8";8;"S-2"
2.23637482081612;-1.6816874165815;-552.21331383204;48.1467907483777;"T6";42.2131383675151;2;1;8;"S-8";8;"S-2"
2.10617032316817;-1.90035525401533;-552.149596997526;48.0988775820206;"T6";42.2416294924915;2;1;8;"S-8";8;"S-2"
1.9997703901585;-1.86485059614551;-552.04857250601;48.0077252088597;"T6";42.2895954572596;2;1;8;"S-8";8;"S-2"
2.05035807618545;-1.90271968461661;-552.034239676988;47.9943593820239;"T6";42.2967626946047;2;1;8;"S-8";8;"S-2"
2.06625485258306;-2.0203594958557;-551.95933477615;47.9248480947253;"T6";42.333295289427;2;1;8;"S-8";8;"S-2"
2.35188253235147;-2.05839982591848;-551.755017682975;47.7250692635496;"T6";42.4321781028993;2;1;8;"S-8";8;"S-2"
2.58352741300813;-1.98625949178317;-551.562314761432;47.5564130255351;"T6";42.5141137093306;2;1;8;"S-8";8;"S-2"
2.42034326477005;-1.73459697775992;-551.186470587459;47.267457679357;"T6";42.6595908473246;2;1;8;"S-8";8;"S-2"
2.71912366701499;-1.64578824416513;-550.972780995401;47.1143119144743;"T6";42.747879808303;2;1;8;"S-8";8;"S-2"
2.8445858940323;-1.28169100852296;-550.677526518192;46.9356049459307;"T6";42.8564642323181;2;1;8;"S-8";8;"S-2"
2.59412750376418;-1.27706307244657;-550.583772425741;46.8933619686458;"T6";42.8894230164587;2;1;8;"S-8";8;"S-2"
2.61105741819363;-1.14795596884166;-550.504989985532;46.8545781598303;"T6";42.919792549219;2;1;8;"S-8";8;"S-2"
2.76530691152974;-1.28182879370997;-550.400105381331;46.8084654598212;"T6";42.9599619470537;2;1;8;"S-8";8;"S-2"
2.60737822980468;-1.41589983186704;-550.277447633596;46.7516087571664;"T6";43.0043178726919;2;1;8;"S-8";8;"S-2"
2.30072322190548;-1.40000026311558;-550.067126010482;46.6373965775132;"T6";43.0849818978459;2;1;8;"S-8";8;"S-2"
2.45288164947037;-1.24352515531862;-549.895625447673;46.5330377260139;"T6";43.1595239206217;2;1;8;"S-8";8;"S-2"
2.66098277325536;-1.44190250388618;-549.628122475038;46.3974230804127;"T6";43.2685805368237;2;1;8;"S-8";8;"S-2"
2.97305703267184;-1.31815433758996;-549.518335747341;46.3379331208569;"T6";43.3098384994082;2;1;8;"S-8";8;"S-2"
3.07544940536856;-1.27110271657707;-549.472307247782;46.3175256191913;"T6";43.3253203751519;2;1;8;"S-8";8;"S-2"
2.81461414220987;-1.24652371748824;-548.977470831093;46.1130065942913;"T6";43.4862192720175;2;1;8;"S-8";8;"S-2"
2.71561636489041;-1.24765700420492;-548.950169816251;46.1009156429946;"T6";43.4959190082736;2;1;8;"S-8";8;"S-2"
2.51765317966142;-1.46841344143813;-548.777077766705;46.0213906000687;"T6";43.5596585157327;2;1;8;"S-8";8;"S-2"
2.5831226975559;-1.4792810631046;-548.662455413311;45.9545374664552;"T6";43.6051859753206;2;1;8;"S-8";8;"S-2"
2.59562560186709;-1.52733431823343;-548.633960616499;45.9382193049676;"T6";43.6162171186879;2;1;8;"S-8";8;"S-2"
2.34256063753565;-1.5924149947865;-548.364719489776;45.7797907502376;"T6";43.7199459178373;2;1;8;"S-8";8;"S-2"
2.60177202056857;-1.69110056268964;-548.269955181819;45.7153723089201;"T6";43.7603992177173;2;1;8;"S-8";8;"S-2"
2.65347107116398;-1.79031542754788;-548.018011502729;45.5516138803925;"T6";43.8572346349247;2;1;8;"S-8";8;"S-2"
2.92265155746564;-1.61359868736521;-547.916118364444;45.482865869753;"T6";43.8956345780753;2;1;8;"S-8";8;"S-2"
2.81827052424631;-1.72338337722829;-547.870956453366;45.4579319359595;"T6";43.9110869541764;2;1;8;"S-8";8;"S-2"
2.73302394767572;-1.41142177008835;-547.589850430662;45.2860345107132;"T6";44.0108311129734;2;1;8;"S-8";8;"S-2"
2.56430442196881;-1.36174380432896;-547.281758590302;45.1269259412324;"T6";44.1235603997484;2;1;8;"S-8";8;"S-2"
2.55523875701658;-1.32210052460249;-547.238571494204;45.1039919400918;"T6";44.1404020413756;2;1;8;"S-8";8;"S-2"
2.47872150714673;-1.34687684916405;-547.179933285927;45.0736520723547;"T6";44.1633502719924;2;1;8;"S-8";8;"S-2"
2.8752763233491;-1.14824453918032;-546.869689724811;44.9050732833036;"T6";44.2885130061768;2;1;8;"S-8";8;"S-2"
2.84822216664139;-1.16303299556716;-546.862202234029;44.9020831462052;"T6";44.2911171005107;2;1;8;"S-8";8;"S-2"
2.7649233666335;-0.958849757320494;-546.353637849158;44.6944177586863;"T6";44.4696721271612;2;1;8;"S-8";8;"S-2"
2.83143024418479;-0.973878666360321;-546.335306074525;44.6880604694138;"T6";44.4763022474945;2;1;8;"S-8";8;"S-2"
2.09343793495917;-1.07418199784739;-546.079587246046;44.6001052347216;"T6";44.5666166138835;2;1;8;"S-8";8;"S-2"
2.59987836281409;-1.11795535471676;-545.954060778435;44.5356952660716;"T6";44.6265784907155;2;1;8;"S-8";8;"S-2"
2.95810963701042;-0.943440584412381;-545.684808878251;44.4199161558317;"T6";44.7301417589188;2;1;8;"S-8";8;"S-2"
2.94214141121637;-0.840883385213133;-545.620528494196;44.3994149809125;"T6";44.7518719825894;2;1;8;"S-8";8;"S-2"
2.66810033687697;-1.10900097856184;-545.397350572448;44.3356292615622;"T6";44.8277275892906;2;1;8;"S-8";8;"S-2"
2.74396171795188;-0.829979719748783;-545.049571605979;44.1910742728286;"T6";44.9580746237189;2;1;8;"S-8";8;"S-2"
2.71284295456729;-0.94764230128558;-544.857241999501;44.1328993821809;"T6";45.0281665660441;2;1;8;"S-8";8;"S-2"
2.64343999545176;-0.936145955075878;-544.837460233873;44.1259892741439;"T6";45.0354584609158;2;1;8;"S-8";8;"S-2"
2.65008208219089;-0.891605489820218;-544.757378686644;44.0976292521104;"T6";45.0657529057935;2;1;8;"S-8";8;"S-2"
2.50188430125129;-0.980519049188664;-544.633221118046;44.055857123425;"T6";45.1126033673063;2;1;8;"S-8";8;"S-2"
2.74561857005886;-1.02610589046521;-544.200668329082;43.8863343964358;"T6";45.2854941715486;2;1;8;"S-8";8;"S-2"
2.74433156550053;-1.0258414854558;-543.980029156267;43.8038760544939;"T6";45.3658546321094;2;1;8;"S-8";8;"S-2"
2.90556346894789;-0.921243977988954;-543.608696862822;43.6650706432622;"T6";45.5011634621769;2;1;8;"S-8";8;"S-2"
2.90285583291328;-0.973714773706419;-543.320854941455;43.5738068868492;"T6";45.6002292456105;2;1;8;"S-8";8;"S-2"
2.87702605906942;-1.07419209507834;-543.186656144808;43.5287921295103;"T6";45.6464591668919;2;1;8;"S-8";8;"S-2"
2.86399767932883;-0.897438113068209;-543.062879378593;43.4825777327365;"T6";45.6894816365093;2;1;8;"S-8";8;"S-2"
3.11095123086428;-1.02676965979458;-542.909639499139;43.4345597789313;"T6";45.7429872243665;2;1;8;"S-8";8;"S-2"
3.24835281651522;-1.01453725773552;-542.804627725877;43.3999006362108;"T6";45.7767427433282;2;1;8;"S-8";8;"S-2"
3.31759861108383;-0.947302429097585;-542.689664656896;43.3639949562145;"T6";45.8121339324862;2;1;8;"S-8";8;"S-2"
3.2540999362828;-0.88577235648059;-542.539157849811;43.3210194547566;"T6";45.8575001219288;2;1;8;"S-8";8;"S-2"
2.96549498589389;-0.879117917945879;-542.413026233268;43.2866861824542;"T6";45.896260952577;2;1;8;"S-8";8;"S-2"
2.86650951366915;-0.686222242989797;-541.722862331149;43.0820878083014;"T6";46.1289923870936;2;1;8;"S-8";8;"S-2"
2.4219788068088;-0.773405845862927;-541.592557358149;43.0508937130372;"T6";46.1744501022622;2;1;8;"S-8";8;"S-2"
2.29047258212165;-1.01823650031077;-541.539672498405;43.0340060922337;"T6";46.1962854955345;2;1;8;"S-8";8;"S-2"
2.3390042742154;-0.9355001134774;-541.422181026074;42.9817749035538;"T6";46.2475812295452;2;1;8;"S-8";8;"S-2"
2.3064709687006;-1.42068239718589;-541.294753063438;42.9308092534181;"T6";46.3020608061925;2;1;8;"S-8";8;"S-2"
2.55710582503087;-1.42674925035721;-541.147123834989;42.8398762874222;"T6";46.3660673471168;2;1;8;"S-8";8;"S-2"
2.8957085349229;-1.05722163612483;-541.063840228825;42.7934078067286;"T6";46.3986368267797;2;1;8;"S-8";8;"S-2"
3.1127278238;-1.10823843503013;-540.993016355805;42.7675500485987;"T6";46.4230950456113;2;1;8;"S-8";8;"S-2"
3.06766226077476;-0.884596911315876;-540.65286443563;42.646444236261;"T6";46.5323728043586;2;1;8;"S-8";8;"S-2"
2.52409119120258;-0.997857903017034;-540.368638684677;42.5644843593134;"T6";46.6250250348821;2;1;8;"S-8";8;"S-2"
2.36940029146336;-0.801932190148633;-540.222264611037;42.5066177787844;"T6";46.6830158373341;2;1;8;"S-8";8;"S-2"
2.00058008676801;-0.894180964903978;-540.00120392132;42.4317989802476;"T6";46.7763139982708;2;1;8;"S-8";8;"S-2"
1.97156450455196;-1.34277761602152;-539.585871249824;42.2461615386819;"T6";46.9839201192372;2;1;8;"S-8";8;"S-2"
2.07968033739856;-1.0846778941479;-539.066060109941;41.8921326638556;"T6";47.2475742571987;2;1;8;"S-8";8;"S-2"
2.04673687208677;-1.15838620557319;-539.057389035853;41.8876101792161;"T6";47.2517436835915;2;1;8;"S-8";8;"S-2"
2.13200004389005;-1.35606640868899;-538.881272348783;41.7879338878197;"T6";47.3377912305295;2;1;8;"S-8";8;"S-2"
2.06060495402624;-1.37341241189283;-538.86685138075;41.7787613784732;"T6";47.3445552866906;2;1;8;"S-8";8;"S-2"
2.06021587452717;-1.33584402649182;-538.812763111396;41.7427110427094;"T6";47.370804019738;2;1;8;"S-8";8;"S-2"
2.16086816649867;-1.61878216461209;-538.762103360394;41.7098632588452;"T6";47.3953935550526;2;1;8;"S-8";8;"S-2"
2.29988493487525;-1.38833768058738;-538.357731688342;41.4069342506162;"T6";47.5825274479575;2;1;8;"S-8";8;"S-2"
1.97062451710116;-1.32205573269101;-538.278408106482;41.3590501517269;"T6";47.6170176872984;2;1;8;"S-8";8;"S-2"
2.01546224754754;-1.35591079899245;-538.27438912597;41.356353891643;"T6";47.6190571323968;2;1;8;"S-8";8;"S-2"
1.84380795792977;-1.98450786677948;-537.956735638493;41.1426511569321;"T6";47.7766653872095;2;1;8;"S-8";8;"S-2"
1.87650186016662;-1.94752154149652;-537.944596399564;41.1295855797676;"T6";47.7832491742447;2;1;8;"S-8";8;"S-2"
2.04268114674771;-1.93701789501603;-537.747465407167;40.9249938005956;"T6";47.8883015573956;2;1;8;"S-8";8;"S-2"
2.24898978390585;-2.31486558674564;-537.323978568518;40.5234129733228;"T6";48.0956206680275;2;1;8;"S-8";8;"S-2"
2.60333864939801;-2.25881872810958;-537.109516411495;40.3026689439348;"T6";48.1909799971618;2;1;8;"S-8";8;"S-2"
2.71976201471134;-2.02071935580019;-536.891090332079;40.1131488755388;"T6";48.2748822891153;2;1;8;"S-8";8;"S-2"
2.66786969883144;-1.81133173280892;-535.860492183065;39.3474386345322;"T6";48.653811821714;2;1;8;"S-8";8;"S-2"
2.66010132652646;-1.67823719298651;-535.770390673478;39.2862648359913;"T6";48.6875846516341;2;1;8;"S-8";8;"S-2"
2.60418035660877;-1.70614631104817;-535.760810488697;39.2802207720849;"T6";48.6911860876717;2;1;8;"S-8";8;"S-2"
2.56001589479845;-1.81874136275447;-535.676858108159;39.2252188041931;"T6";48.7234236323275;2;1;8;"S-8";8;"S-2"
2.585036167883;-1.82666102156915;-535.658232107264;39.2119861214124;"T6";48.7306993687525;2;1;8;"S-8";8;"S-2"
2.6360767299686;-1.53630491234321;-535.503239832315;39.1024641151785;"T6";48.7906568567269;2;1;8;"S-8";8;"S-2"
2.66882182657565;-1.87616287198202;-535.170101702615;38.9083112897582;"T6";48.9170333486982;2;1;8;"S-8";8;"S-2"
2.76217471945638;-1.72067108297677;-535.108186801755;38.8647855522739;"T6";48.9402326871641;2;1;8;"S-8";8;"S-2"
3.04813134620369;-1.31000082735315;-534.675905996287;38.5955002400688;"T6";49.0967328543775;2;1;8;"S-8";8;"S-2"
2.83105898319633;-1.38055344237036;-534.634273456818;38.5776077495705;"T6";49.1103912354447;2;1;8;"S-8";8;"S-2"
2.91594261813122;-1.20053469503952;-534.512583793753;38.5182663214187;"T6";49.1533750318922;2;1;8;"S-8";8;"S-2"
2.74777362187912;-1.4731973539222;-534.431873927071;38.4850369311758;"T6";49.1810538573191;2;1;8;"S-8";8;"S-2"
2.46683806118845;-1.55260120291416;-534.152534669087;38.3352713710028;"T6";49.2827140726149;2;1;8;"S-8";8;"S-2"
2.40704801000349;-1.31187056083291;-533.947525454074;38.2062407877451;"T6";49.3658201419748;2;1;8;"S-8";8;"S-2"
2.46781802096895;-1.4258360014218;-533.773210025189;38.1112367502258;"T6";49.4382389006205;2;1;8;"S-8";8;"S-2"
2.96611636114038;-1.17139521276627;-533.444450522181;37.9212887349286;"T6";49.5714575983584;2;1;8;"S-8";8;"S-2"
2.882374353195;-1.13792330315815;-533.396348864424;37.9022921600264;"T6";49.587674648501;2;1;8;"S-8";8;"S-2"
2.66061695123223;-1.2034156534262;-533.32997039825;37.8760868187933;"T6";49.6107037412003;2;1;8;"S-8";8;"S-2"
2.70755493159679;-1.63213932225492;-533.012057362438;37.7322925294471;"T6";49.7301922063343;2;1;8;"S-8";8;"S-2"
2.75762803218466;-1.61858210018049;-533.007182434128;37.7293538772721;"T6";49.7319926973432;2;1;8;"S-8";8;"S-2"
2.72017068362426;-1.43445212588788;-532.910813130314;37.6727901825535;"T6";49.7669391450472;2;1;8;"S-8";8;"S-2"
2.41173933161381;-1.27862107432606;-532.669137583204;37.5453452378618;"T6";49.8557848739438;2;1;8;"S-8";8;"S-2"
2.19969991329755;-1.11129087060164;-532.588057855167;37.5023595604257;"T6";49.8894036514685;2;1;8;"S-8";8;"S-2"
2.45679714855572;-1.33230169836056;-532.411607493425;37.4132166391877;"T6";49.9696193030104;2;1;8;"S-8";8;"S-2"
2.40829796291636;-1.1857723800928;-532.376774449332;37.394326954367;"T6";49.9837975366972;2;1;8;"S-8";8;"S-2"
2.30980280799128;-1.21623781106302;-532.337754089966;37.3751145208931;"T6";50;2;1;8;"S-8";8;"S-2"
