"Vx";"Vy";"X";"Y";"Traj";"Time";"TrueMovMode";"TrueTrajClust";"firstEstMovMode";"firstSegment";"finalEstMovMode";"finalSegment"
0;0;0;0;"T7";0;1;2;1;"S-1-NA";2;"S-1"
-0.75271661428345;1.21973670769191;0;0;"T7";0.0262479297816753;1;2;1;"S-1-NA";2;"S-1"
-1.17926384872615;1.53787669340932;-0.00642731121657429;0.0104151114428085;"T7";0.0347867491655052;1;2;7;"S-2-NA";3;"S-2"
-18.0946612766533;7.45109194360881;-0.667056237884248;0.871940571085857;"T7";0.594991259276867;1;2;4;"S-3-NA";2;"S-3"
-18.3365529138713;7.39294177365585;-0.922032389625555;0.97693566997192;"T7";0.6090824957937;1;2;4;"S-3-NA";2;"S-3"
-18.923845279063;7.36215702832989;-1.43889785715802;1.18532578147376;"T7";0.637270207516849;1;2;4;"S-3-NA";2;"S-3"
-22.1959388697742;4.7985479516746;-10.2750533043545;4.62295502487952;"T7";1.10420255223289;1;2;4;"S-3-NA";2;"S-3"
-22.3520185497582;3.70990991665072;-13.3987883096286;5.29827641133119;"T7";1.2449370813556;1;2;4;"S-3-NA";2;"S-3"
-22.470067864478;3.57433569482555;-15.5080123982189;5.64835805363478;"T7";1.33930100128055;1;2;4;"S-3-NA";2;"S-3"
-22.1917343193215;3.24663131128227;-17.1567372768491;5.91062233428482;"T7";1.41267527360469;1;2;2;"S-4";2;"S-3"
-21.827414724131;2.4154064116597;-22.5239175511373;6.69583611167891;"T7";1.65453020017594;1;2;2;"S-4";2;"S-3"
-22.1426188670754;2.1691109955788;-23.8217090276961;6.83944880668176;"T7";1.71398714883253;1;2;2;"S-4";2;"S-3"
-22.2504887905437;1.77912119437401;-30.3224104844873;7.47626340813199;"T7";2.00757037382573;1;2;2;"S-4";2;"S-3"
-22.2068731090674;1.85623296072325;-30.4544752643227;7.48682314239434;"T7";2.01350573915988;1;2;2;"S-4";2;"S-3"
-21.6611271708939;1.54450198604443;-36.2075526057812;7.96771262802143;"T7";2.2725731600076;1;2;2;"S-4";2;"S-3"
-21.6274287679175;1.55349232667613;-36.2930269549026;7.97380720015206;"T7";2.27651913883165;1;2;2;"S-4";2;"S-3"
-20.9512521774031;2.39386514612081;-39.4563638733007;8.20102883071004;"T7";2.42278418736532;1;2;2;"S-4";2;"S-3"
-20.6819949976223;2.85602579723713;-43.3786640009754;8.6491861765699;"T7";2.60999496094882;1;2;2;"S-4";2;"S-3"
-20.9284958165801;2.736403065378;-49.6520130145892;9.51548783750798;"T7";2.9133191332221;1;2;2;"S-4";2;"S-3"
-20.8502881589865;3.12635669683619;-52.3039998590837;9.8622354009362;"T7";3.04003568599001;1;2;2;"S-4";2;"S-3"
-21.3009921377443;2.81561417166428;-60.2632778579945;11.0556741622682;"T7";3.42177036218345;1;2;2;"S-4";2;"S-3"
-21.0662605103196;2.81527154382504;-62.075169916121;11.2951742251478;"T7";3.50683175493032;1;2;2;"S-4";2;"S-3"
-20.9831379690684;2.5258837945038;-65.4328189745462;11.7438866980475;"T7";3.66621690336615;1;2;2;"S-4";2;"S-3"
-21.1098989618047;2.63239550055234;-65.8768558450397;11.7973384523559;"T7";3.68737850803882;1;2;2;"S-4";2;"S-3"
-21.2810655065746;3.35419325635823;-73.2461801030929;12.7162900804101;"T7";4.03647180646658;1;2;2;"S-4";2;"S-3"
-21.1993157223548;3.45081624015068;-73.3549784589303;12.7334382213873;"T7";4.0415842551738;1;2;2;"S-4";2;"S-3"
-21.411992462852;3.10393920970657;-76.5959930243993;13.2610092922447;"T7";4.19446723535657;1;2;2;"S-4";2;"S-3"
-21.3671921770712;2.83365777477244;-78.3062085562486;13.5089266710484;"T7";4.2743390891701;1;2;2;"S-4";2;"S-3"
-21.5931735543086;2.70388085007842;-78.9232370708756;13.590755281623;"T7";4.30321646854281;1;2;2;"S-4";2;"S-3"
-21.4168220050428;2.34163719282376;-81.802137308552;13.9512489905427;"T7";4.43654102273285;1;2;2;"S-4";2;"S-3"
-21.3703355672208;2.56999868920378;-84.4193290378005;14.2374031871138;"T7";4.55874364124611;1;2;2;"S-4";2;"S-3"
-21.4330602392237;2.6976666692638;-85.995021404204;14.4268961084349;"T7";4.6324763330631;1;2;2;"S-4";2;"S-3"
-21.7229762459179;2.38440328257469;-89.3708316949286;14.8517916110556;"T7";4.78998115286231;1;2;2;"S-4";2;"S-3"
-20.9627220828278;2.43995441558768;-100.403540163776;16.0627871022353;"T7";5.29786314582452;1;2;2;"S-4";2;"S-3"
-21.286115977519;2.36485301129214;-103.972712859667;16.4782206821361;"T7";5.46812599059194;1;2;2;"S-4";2;"S-3"
-21.346328992485;2.17069789033392;-106.873347631811;16.8004765076144;"T7";5.60439485125244;1;2;2;"S-4";2;"S-3"
-21.3749500575617;2.27239509384712;-112.217725827384;17.3439437463307;"T7";5.85476006381214;1;2;2;"S-4";2;"S-3"
-21.7434205895533;2.05434695953483;-114.295573421071;17.5648420719381;"T7";5.95196953509003;1;2;2;"S-4";2;"S-3"
-21.5317733065645;2.4996117063896;-118.141317207072;17.9281930001595;"T7";6.12883884459734;1;2;2;"S-4";2;"S-3"
-21.476870866639;2.6415894006339;-122.537258217058;18.4385153713229;"T7";6.33299950277433;1;2;2;"S-4";2;"S-3"
-21.4529306425699;2.4918922043709;-124.935741912314;18.7335215268436;"T7";6.44467702368274;1;2;2;"S-4";2;"S-3"
-20.9702601740336;2.47830073327498;-125.928328370717;18.8488166582673;"T7";6.49094512918964;1;2;2;"S-4";2;"S-3"
-21.0930331166648;2.40736469436255;-127.453378108042;19.0290496096435;"T7";6.56366953626275;1;2;2;"S-4";2;"S-3"
-21.3060172756778;2.14674208729943;-129.714371049437;19.2870985375152;"T7";6.67086099274457;1;2;2;"S-4";2;"S-3"
-20.979174336981;2.64494836357384;-132.99937789713;19.6180877771165;"T7";6.82504310971126;1;2;2;"S-4";2;"S-3"
-20.7365587963843;2.98685586366244;-139.58862624944;20.4488269361835;"T7";7.13912831852213;1;2;2;"S-4";2;"S-3"
-20.7335584238893;2.9886004571692;-140.381135763262;20.5629785517727;"T7";7.17734630452469;1;2;2;"S-4";2;"S-3"
-21.0146909975696;2.82325504949761;-144.511817513442;21.1583880379122;"T7";7.37657316494733;1;2;2;"S-4";2;"S-3"
-21.2717255876849;2.47613210751003;-150.512899835128;21.9646138334334;"T7";7.66213921597227;1;2;2;"S-4";2;"S-3"
-21.1282828497989;2.53678407389915;-150.749021253953;21.9920995126752;"T7";7.6732394634746;1;2;2;"S-4";2;"S-3"
-21.2951910555582;2.46241884073775;-153.961341383589;22.3777892823105;"T7";7.82527832780033;1;2;2;"S-4";2;"S-3"
-21.3701737580539;2.46498686631681;-155.017896821965;22.4999615610636;"T7";7.87489307112992;1;2;2;"S-4";2;"S-3"
-21.126564061294;2.92643642940905;-160.428849101833;23.1240990367411;"T7";8.12809420749545;1;2;2;"S-4";2;"S-3"
-21.1773517144396;2.87247620669573;-160.692064729623;23.1605594758225;"T7";8.14055319642648;1;2;2;"S-4";2;"S-3"
-21.1894495846442;2.81265828601933;-161.57500578536;23.2803207759471;"T7";8.18224590038881;1;2;2;"S-4";2;"S-3"
-21.4406874086057;2.70158253169596;-167.074359324378;24.0102973729079;"T7";8.44177852850407;1;2;2;"S-4";2;"S-3"
-21.3173163207976;2.73297817958689;-167.151038944999;24.0199592050898;"T7";8.44535488868132;1;2;2;"S-4";2;"S-3"
-21.4569840094764;3.00279730759739;-168.644158081797;24.2113839585148;"T7";8.51539743598551;1;2;2;"S-4";2;"S-3"
-21.3733763033404;2.97004640741919;-168.912455355217;24.2489308164471;"T7";8.52790139615536;1;2;2;"S-4";2;"S-3"
-21.5719252314491;2.79993763853936;-169.941940850993;24.3919882190224;"T7";8.57606811914593;1;2;2;"S-4";2;"S-3"
-21.5420781074405;2.70972331606638;-172.74317787686;24.755576025815;"T7";8.70592379942536;1;2;2;"S-4";2;"S-3"
-21.8777186376019;2.28847187085385;-174.102152792823;24.926518030452;"T7";8.76900847069919;1;2;2;"S-4";2;"S-3"
-21.7268038818855;1.9952219833737;-177.230795821776;25.2537830293444;"T7";8.91201437916607;1;2;2;"S-4";2;"S-3"
-21.8035715484249;1.86180532447572;-178.442016186737;25.3650121595938;"T7";8.96776212612167;1;2;2;"S-4";2;"S-3"
-21.6829313228878;1.75055923335783;-180.142777519739;25.5102400411091;"T7";9.0457659214735;1;2;2;"S-4";2;"S-3"
-21.7315632777078;1.83337184173965;-180.958501413058;25.5760970496498;"T7";9.08338647568598;1;2;2;"S-4";2;"S-3"
-21.8799053602939;1.77097587809665;-184.006939270446;25.833276897119;"T7";9.22366344602779;1;2;2;"S-4";2;"S-3"
-21.8914256161652;1.82334566471692;-184.403193996332;25.8653500505249;"T7";9.2417738866061;1;2;2;"S-4";2;"S-3"
-21.5008256916583;1.53804885661842;-186.911116473397;26.0742359246648;"T7";9.35633574845269;1;2;2;"S-4";2;"S-3"
-21.6408787840585;1.60802588525095;-187.110929247911;26.0885294133795;"T7";9.36562900897115;1;2;2;"S-4";2;"S-3"
-21.3792732935934;1.93875415244169;-189.253153224844;26.2477074043144;"T7";9.46461870335042;1;2;2;"S-4";2;"S-3"
-21.25452969422;1.9424105595997;-189.482761648444;26.2685291730704;"T7";9.47535847080871;1;2;2;"S-4";2;"S-3"
-21.388546946393;2.4847387925921;-195.252734902311;26.7958359231213;"T7";9.74682875676081;1;2;2;"S-4";2;"S-3"
-21.3595270364819;2.54249014526144;-195.474974553031;26.8216538285068;"T7";9.75721934810281;1;2;2;"S-4";2;"S-3"
-21.5896502035901;2.76305525345824;-195.941726541616;26.8772127521305;"T7";9.77907151682302;1;2;2;"S-4";2;"S-3"
-21.51181676143;2.80099813067711;-196.954815396447;27.0068684184413;"T7";9.82599626295269;1;2;2;"S-4";2;"S-3"
-21.7533329981769;3.0124224275722;-198.959514110379;27.2678950631253;"T7";9.91918684449047;1;2;2;"S-4";2;"S-3"
-21.7157575963312;3.02053064100904;-201.00430069099;27.5510590709372;"T7";10.013185616117;1;2;2;"S-4";2;"S-3"
-21.8175372349714;2.91218206802233;-201.459978618343;27.6144411167119;"T7";10.034169361461;1;2;2;"S-4";2;"S-3"
-22.1135454959391;2.80205873290569;-203.399320997778;27.8733025106593;"T7";10.1230585132726;1;2;2;"S-4";2;"S-3"
-21.9604141852252;2.61411836918198;-207.510798705694;28.394277404474;"T7";10.3089842712507;1;2;2;"S-4";2;"S-3"
-21.931540232262;2.7899617896778;-207.835783353845;28.4329628468918;"T7";10.3237829287536;1;2;2;"S-4";2;"S-3"
-21.7511040864683;2.51291087168727;-210.513338171212;28.7735807675262;"T7";10.4458698770031;1;2;2;"S-4";2;"S-3"
-21.6441805237798;2.67578494674055;-215.037615691372;29.2962717592912;"T7";10.653872077819;1;2;2;"S-4";2;"S-3"
-21.5602982594111;2.55766124525464;-215.566042854898;29.361599132072;"T7";10.6782863615081;1;2;2;"S-4";2;"S-3"
-21.1687032081175;2.35465737582174;-217.623054288826;29.605618874392;"T7";10.7736937352456;1;2;2;"S-4";2;"S-3"
-21.366390075091;2.3614321270942;-223.012256070166;30.205075704575;"T7";11.0282771987841;1;2;2;"S-4";2;"S-3"
-21.190628385097;2.28652926145022;-224.224147790454;30.3390150379293;"T7";11.0849967342801;1;2;2;"S-4";2;"S-3"
-21.1187660390874;2.27479766597497;-226.150964875448;30.5469240987763;"T7";11.1759245279245;1;2;2;"S-4";2;"S-3"
-21.0118886043431;2.39501048269046;-230.023948397793;30.9641006450141;"T7";11.3593151443638;1;2;2;"S-4";2;"S-3"
-21.0284944485633;2.40650093349747;-230.300111048969;30.9955786552467;"T7";11.3724583061412;1;2;2;"S-4";2;"S-3"
-21.2614847775992;2.27851220985101;-234.747832326661;31.504575884358;"T7";11.5839675650932;1;2;2;"S-4";2;"S-3"
-21.4026981031636;2.28927932525629;-235.100712792303;31.542392737602;"T7";11.6005647345446;1;2;2;"S-4";2;"S-3"
-20.8774235067773;2.54042016774127;-239.958013129234;32.0619401883159;"T7";11.8275127722882;1;2;2;"S-4";2;"S-3"
-20.8451704165478;2.67905669428025;-240.529147469634;32.1314373270011;"T7";11.8548693251796;1;2;2;"S-4";2;"S-3"
-21.1601250505361;2.72794531844872;-243.921814332616;32.5674686325316;"T7";12.0176248601638;1;2;2;"S-4";2;"S-3"
-21.6034618682713;2.68901584505983;-246.51003067146;32.9011392808771;"T7";12.1399405994453;1;2;2;"S-4";2;"S-3"
-21.4270678758194;2.74917806723456;-249.069405748308;33.2197085998622;"T7";12.2584111988544;1;2;2;"S-4";2;"S-3"
-21.4400902393258;2.64321599613667;-249.58345923907;33.2856637081569;"T7";12.2824020450935;1;2;2;"S-4";2;"S-3"
-21.2898063230913;2.69599575185494;-251.403701068618;33.510070054725;"T7";12.3673010268249;1;2;2;"S-4";2;"S-3"
-21.6150862735854;2.63136838056142;-253.041812953589;33.7175093623413;"T7";12.4442445114255;1;2;2;"S-4";2;"S-3"
-22.2194450269955;2.27041571386207;-259.306186681292;34.4801190851273;"T7";12.7340593957342;1;2;2;"S-4";2;"S-3"
-22.4241836827844;2.22073016255377;-260.864245430303;34.6393238295563;"T7";12.8041808027774;1;2;2;"S-4";2;"S-3"
-22.3565684793363;2.07858415392731;-261.731835871706;34.7252437582021;"T7";12.8428707481362;1;2;2;"S-4";2;"S-3"
-22.2365756054643;1.84621514217485;-263.085146784521;34.8510667628066;"T7";12.9034037818201;1;2;2;"S-4";2;"S-3"
-22.6004094827137;1.32449730077962;-266.054382057488;35.0975906529457;"T7";13.0369331222028;1;2;2;"S-4";2;"S-3"
-22.0665068638742;1.2209658884786;-268.032746723958;35.2135327407517;"T7";13.12446979573;1;2;2;"S-4";2;"S-3"
-21.1278456487427;1.78126629916689;-272.369718932937;35.4535025356589;"T7";13.3210107451305;1;2;2;"S-4";2;"S-3"
-20.713548116061;2.40466383621899;-276.607364185816;35.8107739206487;"T7";13.5215823189355;1;2;2;"S-4";2;"S-3"
-20.9881359739474;2.71030594500901;-278.153067696202;35.9902167332522;"T7";13.5962051455863;1;2;2;"S-4";2;"S-3"
-21.009735815919;2.54159093923125;-279.036248097272;36.1042663608374;"T7";13.6382851283997;1;2;2;"S-4";2;"S-3"
-20.6250613025053;2.75550468953406;-280.319813316567;36.259541884521;"T7";13.6993789579719;1;2;2;"S-4";2;"S-3"
-20.3250290640834;2.76343109852265;-281.200502216652;36.377201772102;"T7";13.7420788989402;1;2;2;"S-4";2;"S-3"
-20.3600846549787;2.87673243818358;-281.3443839327;36.396764214418;"T7";13.7491579400375;1;2;2;"S-4";2;"S-3"
-20.8127234786651;2.84509138167211;-283.46919371585;36.6969844409908;"T7";13.8535194797441;1;2;2;"S-4";2;"S-3"
-20.6172696408831;2.94987206889303;-287.079078817606;37.1904543610788;"T7";14.026965550147;1;2;2;"S-4";2;"S-3"
-20.4902744167563;2.88027777470744;-287.630588739552;37.2693631469076;"T7";14.0537154511549;1;2;2;"S-4";2;"S-3"
-20.6163255260541;2.94524951329085;-288.146241275058;37.3418474146768;"T7";14.0788811724633;1;2;2;"S-4";2;"S-3"
-21.1332857408692;2.92227233901163;-291.54527114608;37.8274330279151;"T7";14.2437519622035;1;2;2;"S-4";2;"S-3"
-21.2454527911912;3.021734369805;-292.02971469382;37.8944210011405;"T7";14.2666752100922;1;2;2;"S-4";2;"S-3"
-21.265666049095;3.02359114936601;-292.137419324489;37.9097397984133;"T7";14.2717447481118;1;2;2;"S-4";2;"S-3"
-21.7891822654554;2.92473318298429;-295.183524888272;38.3428406381155;"T7";14.4149852916598;1;2;2;"S-4";2;"S-3"
-21.6763103089444;2.75389843507417;-297.226062698786;38.6170077931345;"T7";14.5087262033485;1;2;2;"S-4";2;"S-3"
-21.7001131606288;2.66307765906784;-298.812019116752;38.8184979376879;"T7";14.5818916265853;1;2;2;"S-4";2;"S-3"
-21.3434807794959;2.57728231148179;-301.673580262358;39.1696739661496;"T7";14.7137601161376;1;2;2;"S-4";2;"S-3"
-21.0322741893327;2.55673267984928;-309.159156747046;40.0735773202719;"T7";15.0644796900451;1;2;2;"S-4";2;"S-3"
-20.7194063295578;2.82045024945772;-312.649575656985;40.4978808460376;"T7";15.2304350631312;1;2;2;"S-4";2;"S-3"
-21.3595898360906;2.46165809177873;-316.678025750752;41.0462577102764;"T7";15.4248639009893;1;2;2;"S-4";2;"S-3"
-21.3558568172809;2.65967344287065;-317.892163813303;41.1861851531323;"T7";15.4817066621035;1;2;2;"S-4";2;"S-3"
-21.1477262444951;2.72555056474991;-322.043809791294;41.703234066053;"T7";15.6761098187417;1;2;2;"S-4";2;"S-3"
-21.2017609122027;2.64691366571375;-322.697431162284;41.7874737652168;"T7";15.7070172252133;1;2;2;"S-4";2;"S-3"
-21.0523890251009;2.88011186176937;-325.153191825487;42.0940608683385;"T7";15.8228453714401;1;2;2;"S-4";2;"S-3"
-21.1690420596845;2.83883496288189;-327.979739449147;42.4807520571178;"T7";15.9571079304442;1;2;2;"S-4";2;"S-3"
-21.1710937490238;2.88767950984204;-328.477734974809;42.5475348196831;"T7";15.9806326380931;1;2;2;"S-4";2;"S-3"
-21.5165884416093;2.80601795120597;-335.294444061792;43.4773153680283;"T7";16.3026145426556;1;2;2;"S-4";2;"S-3"
-21.7034205241561;2.82905229826572;-336.078602435464;43.5795789066503;"T7";16.3390589063056;1;2;2;"S-4";2;"S-3"
-21.7688107181051;2.59869223416423;-336.903138840377;43.6870576613807;"T7";16.3770499872044;1;2;2;"S-4";2;"S-3"
-21.8579530148013;2.59053367415833;-340.394359096726;44.103828567491;"T7";16.5374271571636;1;2;2;"S-4";2;"S-3"
-22.021335733141;2.22766353263939;-347.668315538678;44.9659142849632;"T7";16.8702102149837;1;2;2;"S-4";2;"S-3"
-21.9361870439321;2.18188764210378;-353.036739431832;45.5089804404158;"T7";17.1139930607751;1;2;2;"S-4";2;"S-3"
-21.8619052312584;2.09437437622334;-353.465323439475;45.5516096424739;"T7";17.1335308230482;1;2;2;"S-4";2;"S-3"
-21.9544246404961;1.92345085957237;-354.484105906366;45.6492091824514;"T7";17.1801316319034;1;2;2;"S-4";2;"S-3"
-21.6957026029048;2.20417512872903;-355.821352937326;45.7663668394285;"T7";17.2410417697392;1;2;2;"S-4";2;"S-3"
-21.6171155191136;2.1787369060779;-356.371766748111;45.8222861361872;"T7";17.2664114856161;1;2;2;"S-4";2;"S-3"
-21.3517759773907;2.20874963594511;-357.406581166104;45.9265825841305;"T7";17.3142816289328;1;2;2;"S-4";2;"S-3"
-21.208034963687;2.65231726955936;-359.044917897514;46.0960614913132;"T7";17.3910123296082;1;2;2;"S-4";2;"S-3"
-21.6618375885971;2.20341542191857;-360.787386033855;46.3139778771352;"T7";17.4731730832718;1;2;2;"S-4";2;"S-3"
-21.537448751953;2.17217429042218;-362.715969249943;46.5101509849522;"T7";17.5622044596821;1;2;2;"S-4";2;"S-3"
-21.4414272219094;2.06206108708319;-363.713892096418;46.6107971838546;"T7";17.6085387705825;1;2;2;"S-4";2;"S-3"
-21.2893579996755;2.31419539886374;-367.145632881776;46.9408339421918;"T7";17.7685906528495;1;2;2;"S-4";2;"S-3"
-21.105382466006;2.93455604407147;-373.627905866422;47.6454698600751;"T7";18.0730748455971;1;2;2;"S-4";2;"S-3"
-21.5316152079053;2.75147473265704;-375.698979795923;47.9334382267855;"T7";18.1712049758062;1;2;2;"S-4";2;"S-3"
-21.3329244025348;2.16521693797601;-379.922132722456;48.4731050588975;"T7";18.3673422783613;1;2;2;"S-4";2;"S-3"
-21.0055104692888;1.96398427578539;-384.795878566711;48.9677731528844;"T7";18.5958034940995;1;2;2;"S-4";2;"S-3"
-21.2693266456128;1.98914673218882;-385.072551367762;48.9936416520859;"T7";18.6089749331586;1;2;2;"S-4";2;"S-3"
-20.8750785410451;2.09112344871141;-389.386558049302;49.3970955289389;"T7";18.8118025427684;1;2;2;"S-4";2;"S-3"
-21.2466440707531;2.13148350851037;-394.630691832033;49.9224171989718;"T7";19.0630175871775;1;2;2;"S-4";2;"S-3"
-21.2636206885133;2.52330817887605;-396.963622527335;50.1564590216227;"T7";19.1728199017234;1;2;2;"S-4";2;"S-3"
-21.1463422981681;2.68969214234806;-398.138558652127;50.2958861670168;"T7";19.2280755960383;1;2;2;"S-4";2;"S-3"
-20.7201130684583;3.31587881339714;-403.375450810413;50.9619884881586;"T7";19.4757256191224;1;2;2;"S-4";2;"S-3"
-20.7744150460791;3.35942312839861;-405.207538605512;51.2551809569439;"T7";19.5641463622451;1;2;2;"S-4";2;"S-3"
-20.8163441731547;3.24539925344203;-406.230551387144;51.4206119831191;"T7";19.6133902412839;1;2;2;"S-4";2;"S-3"
-20.9383633109412;3.19287869515381;-410.032288173485;52.0133267088915;"T7";19.7960225399584;1;2;2;"S-4";2;"S-3"
-20.847308212419;3.20525916985491;-410.651276000463;52.1077157982375;"T7";19.8255849187262;1;2;2;"S-4";2;"S-3"
-20.7703347315094;3.22582942319145;-410.814018996656;52.1327374209604;"T7";19.8333913460374;1;2;2;"S-4";2;"S-3"
-20.8742800889325;3.37456654875725;-412.078051227731;52.3290535812714;"T7";19.8942489223555;1;2;2;"S-4";2;"S-3"
-20.8644648337955;3.20182928115451;-412.563676461746;52.4075604645246;"T7";19.9175132089294;1;2;2;"S-4";2;"S-3"
-22.311934042878;2.23370724476053;-418.903557785897;53.3804690832892;"T7";20.2213734504767;1;2;2;"S-4";2;"S-3"
-21.7552849505877;2.27354928558505;-424.701295395345;53.960896063602;"T7";20.4812226234935;1;2;2;"S-4";2;"S-3"
-21.9415787914246;2.16375705121559;-424.843686719048;53.9757767554897;"T7";20.4877677606419;1;2;2;"S-4";2;"S-3"
-21.1407602409272;2.20238455907997;-431.061982350549;54.5889906516776;"T7";20.7711701397784;1;2;2;"S-4";2;"S-3"
-21.3357915051847;2.35342286214585;-432.31366197034;54.7193870913575;"T7";20.8303770748898;1;2;2;"S-4";2;"S-3"
-21.2654520526235;2.47521602004417;-433.308500624476;54.8291217610191;"T7";20.8770047640428;1;2;2;"S-4";2;"S-3"
-21.4637380507752;2.74293487538132;-439.968639894151;55.6043361028177;"T7";21.1901953443885;1;2;2;"S-4";2;"S-3"
-21.4294900199226;2.74849807433656;-440.269409122965;55.642772576707;"T7";21.2042082450353;1;2;2;"S-4";2;"S-3"
-21.5108912283007;2.69618792034375;-442.078221785323;55.8747668105736;"T7";21.2886158842593;1;2;2;"S-4";2;"S-3"
-21.7401956967033;2.65550658334926;-442.746297808213;55.9585038572479;"T7";21.3196734548546;1;2;2;"S-4";2;"S-3"
-21.9635889977009;2.64811312637913;-445.389000440596;56.2813028943877;"T7";21.4412318193354;1;2;2;"S-4";2;"S-3"
-21.9437157264655;2.35629858377356;-447.431553575282;56.5275701036246;"T7";21.5342290583067;1;2;2;"S-4";2;"S-3"
-21.408115918823;2.32362711559461;-449.537436480832;56.7536981199457;"T7";21.6301965294406;1;2;2;"S-4";2;"S-3"
-21.6361133370622;2.42561813180825;-456.992872609156;57.5629077492305;"T7";21.9784493208863;1;2;2;"S-4";2;"S-3"
-21.7272289256545;2.60637290983703;-464.891757107215;58.4484493047339;"T7";22.3435280378908;1;2;2;"S-4";2;"S-3"
-21.9134769056881;2.34745303339639;-467.953914388199;58.8157821022171;"T7";22.4844644311816;1;2;2;"S-4";2;"S-3"
-21.6062661642438;2.50021940224522;-468.807687296549;58.9072414270958;"T7";22.5234255194664;1;2;2;"S-4";2;"S-3"
-21.642254265312;2.43825595165402;-469.02727176635;58.9326511553502;"T7";22.5335885188542;1;2;2;"S-4";2;"S-3"
-21.5878153178175;2.41059764705604;-469.430699558978;58.9781020683827;"T7";22.5522292661481;1;2;2;"S-4";2;"S-3"
-21.6833535018884;2.46352495155127;-471.514282645156;59.2107648186908;"T7";22.6487458916381;1;2;2;"S-4";2;"S-3"
-21.5813723400276;2.1882867312913;-472.775377660289;59.3540424272851;"T7";22.7069054846652;1;2;2;"S-4";2;"S-3"
-22.0199399197047;2.03344941407834;-477.209457374702;59.8036448738609;"T7";22.9123641387559;1;2;2;"S-4";2;"S-3"
-21.979763634698;2.09600376901673;-477.655474013081;59.8448326461839;"T7";22.9326192638837;1;2;2;"S-4";2;"S-3"
-21.862014722583;2.16454636881976;-477.876607727501;59.8659200931003;"T7";22.9426800506189;1;2;2;"S-4";2;"S-3"
-21.1878518323164;2.04935162821526;-487.075692596027;60.776716559085;"T7";23.3634594245814;1;2;2;"S-4";2;"S-3"
-21.3069759173258;2.48590025835572;-489.336158103401;60.9953554614486;"T7";23.4701462904923;1;2;2;"S-4";2;"S-3"
-21.0364244264274;2.39561797220523;-490.264540870681;61.1036705489574;"T7";23.5137180658057;1;2;2;"S-4";2;"S-3"
-20.9783896966511;2.4886882702934;-490.349498305367;61.1133454610661;"T7";23.5177566530183;1;2;2;"S-4";2;"S-3"
-21.0454934470193;2.54989881807158;-491.653381580846;61.2680264952369;"T7";23.5799102927558;1;2;2;"S-4";2;"S-3"
-21.0345387201869;2.75520291870931;-498.274477760146;62.0702469499123;"T7";23.8945190329105;1;2;2;"S-4";2;"S-3"
-21.5426710906248;2.11144602244492;-500.467570403491;62.3575085500987;"T7";23.998780536931;1;2;2;"S-4";2;"S-3"
-21.2530145802396;2.0203822561478;-502.40127534768;62.5470353546353;"T7";24.0885421517305;1;2;2;"S-4";2;"S-3"
-21.2724009924299;2.05427880444035;-502.471915314432;62.553750624832;"T7";24.0918659139425;1;2;2;"S-4";2;"S-3"
-20.5956799936282;2.32017948163763;-508.83442300197;63.1681789016518;"T7";24.3909627432004;1;2;2;"S-4";2;"S-3"
-20.7711729204329;2.36346904107014;-510.029045554817;63.3027575480609;"T7";24.4489662931301;1;2;2;"S-4";2;"S-3"
-21.1461288709483;2.56434946289952;-513.113787228765;63.6537580175097;"T7";24.5974770048633;1;2;2;"S-4";2;"S-3"
-20.9863240652033;2.55398722247018;-513.37794451572;63.6857918522158;"T7";24.6099689975381;1;2;2;"S-4";2;"S-3"
-21.4142362474129;2.39518479145707;-518.683918874281;64.3315166905636;"T7";24.8627990949899;1;2;2;"S-4";2;"S-3"
-21.0514427596265;2.5536917482677;-519.99143448065;64.4777624617779;"T7";24.9238573363982;1;2;2;"S-4";2;"S-3"
-21.1498858448791;2.71347124479751;-521.009836044744;64.6013019122728;"T7";24.9722341424786;1;2;2;"S-4";2;"S-3"
-21.1476042705955;2.71686795113781;-521.411018702518;64.6527725260514;"T7";24.9912026920356;1;2;2;"S-4";2;"S-3"
-21.1206043588163;2.79630461348685;-522.605282985621;64.806201648066;"T7";25.0476754852571;1;2;2;"S-4";2;"S-3"
-20.7244067269517;2.98847273838565;-525.785660592216;65.227274095751;"T7";25.1982572372071;1;2;2;"S-4";2;"S-3"
-20.6954439209041;2.77566267932602;-526.817620137596;65.3760833238807;"T7";25.2480516443029;1;2;2;"S-4";2;"S-3"
-20.8684215623614;2.88286797686826;-527.461141795388;65.462392129611;"T7";25.2791464910842;1;2;2;"S-4";2;"S-3"
-20.6455061312574;2.85257405511902;-528.101131112522;65.5508034501505;"T7";25.3098143264651;1;2;2;"S-4";2;"S-3"
-20.7451221034568;2.8434982260317;-529.18360871785;65.7003685667707;"T7";25.3622459596954;1;2;2;"S-4";2;"S-3"
-20.7818313128312;2.92352033324852;-529.491025995368;65.7425057245524;"T7";25.377064733766;1;2;2;"S-4";2;"S-3"
-21.3335261955663;2.64138318700375;-530.766896446282;65.9219910234989;"T7";25.4384582862258;1;2;2;"S-4";2;"S-3"
-21.3254182505934;2.67784040635453;-530.814404509537;65.9278731734247;"T7";25.4406852065586;1;2;2;"S-4";2;"S-3"
-21.3626640113041;2.70156077245918;-531.295432151324;65.9882759866599;"T7";25.4632417461835;1;2;2;"S-4";2;"S-3"
-21.3632283271137;2.76385869856209;-533.733412893128;66.2965874000951;"T7";25.5773651879281;1;2;2;"S-4";2;"S-3"
-20.6660741234787;2.36032192916757;-542.259299508247;67.3996204025671;"T7";25.976456864737;1;2;2;"S-4";2;"S-3"
-20.6949568253913;2.34652068170409;-542.399142772251;67.4155922374064;"T7";25.9832236682996;1;2;2;"S-4";2;"S-3"
-20.6449959641534;2.84442939050158;-546.742043850292;67.9080169031932;"T7";26.1930767796002;1;2;2;"S-4";2;"S-3"
-20.6727571543864;2.43322379396453;-549.909402339391;68.3444097023148;"T7";26.3464969350025;1;2;2;"S-4";2;"S-3"
-21.7225758543292;2.40411995754233;-557.549458405131;69.2436591864328;"T7";26.7160681542009;1;2;2;"S-4";2;"S-3"
-21.6699798452379;2.10001095920262;-558.407510731075;69.3386230956511;"T7";26.7555686412379;1;2;2;"S-4";2;"S-3"
-21.6246598150533;2.28860003092533;-558.668406156951;69.3639061488638;"T7";26.7676081275567;1;2;2;"S-4";2;"S-3"
-20.6732835891944;2.53002682898784;-563.253652373705;69.8491759622719;"T7";26.9796459702775;1;2;2;"S-4";2;"S-3"
-20.8950803313209;2.66873528713481;-566.403588769115;70.2346698077759;"T7";27.1320134634152;1;2;2;"S-4";2;"S-3"
-20.8333260477238;2.99172554424579;-569.673858421728;70.6523510936091;"T7";27.2885225364007;1;2;2;"S-4";2;"S-3"
-17.0164371104528;-0.169498930609461;-572.178883895961;71.0120799570215;"T7";27.4087638012134;3;2;1;"S-5-NA";3;"S-4"
-16.5647856177416;-0.614468274357587;-572.606654629684;71.0078189779786;"T7";27.4339024792425;3;2;1;"S-5-NA";3;"S-4"
-15.9647603899695;-0.924172017971917;-572.97080866328;70.9943107379212;"T7";27.4558861041442;3;2;1;"S-5-NA";3;"S-4"
-7.34566191402491;-2.14343324147613;-579.117384302049;70.6384962394295;"T7";27.8408950543962;3;2;7;"S-6-NA";3;"S-4"
-3.85207453911994;2.3400280446984;-586.125216915652;68.5936401664841;"T7";28.7949047400616;3;2;3;"S-7";3;"S-4"
-4.28397813737811;2.14775780665752;-586.545247586227;68.8487971056345;"T7";28.9039448602125;3;2;3;"S-7";3;"S-4"
-4.34040074016461;1.94566916637469;-587.392091881423;69.2733596005178;"T7";29.1016219416633;3;2;3;"S-7";3;"S-4"
-4.35739263436389;1.79635603791238;-587.578671516626;69.3569975558631;"T7";29.144608671777;3;2;3;"S-7";3;"S-4"
-4.32103324688354;1.78303511829499;-587.603076905687;69.3670587946994;"T7";29.150209587533;3;2;3;"S-7";3;"S-4"
-4.62159828203366;1.81177853548778;-587.769859847453;69.4358802606104;"T7";29.1888075182214;3;2;3;"S-7";3;"S-4"
-4.08251707235546;2.20680661818444;-589.562813084129;70.1387613833535;"T7";29.5767584233545;3;2;3;"S-7";3;"S-4"
-4.12012446288284;2.27249285115878;-589.67987580388;70.2020396942856;"T7";29.6054325764999;3;2;3;"S-7";3;"S-4"
-3.99007781425883;2.33335062042501;-589.739560218234;70.2349591864435;"T7";29.6199186472222;3;2;3;"S-7";3;"S-4"
-4.11224267017723;2.43405224590577;-589.875769738149;70.3146129131613;"T7";29.6540557057597;3;2;3;"S-7";3;"S-4"
-4.595895247739;1.95948348320133;-590.493634739134;70.6803295826129;"T7";29.804305837024;3;2;3;"S-7";3;"S-4"
-4.65832012407374;1.96797653299022;-590.512683880181;70.6884512814854;"T7";29.8084506532177;3;2;3;"S-7";3;"S-4"
-4.90473119556335;1.9693161825973;-590.720834284093;70.7763875115685;"T7";29.8531342297792;3;2;3;"S-7";3;"S-4"
-4.94449800060744;1.83796258928125;-590.841856164713;70.8249794401474;"T7";29.8778087482788;3;2;3;"S-7";3;"S-4"
-4.61825950320197;1.48942578504744;-592.070810830296;71.2818049255631;"T7";30.1263586850837;3;2;3;"S-7";3;"S-4"
-4.63797560563921;1.53422841711879;-592.135068190917;71.3025284404978;"T7";30.1402724464424;3;2;3;"S-7";3;"S-4"
-4.60585554341081;1.67743724841532;-592.57379519175;71.4476580162587;"T7";30.2348669501953;3;2;3;"S-7";3;"S-4"
-4.78664160419886;1.21122621823329;-594.747644302033;72.2393666218923;"T7";30.7068420457654;3;2;3;"S-7";3;"S-4"
-4.63212564102239;1.19010371226145;-594.904899213908;72.2791588787517;"T7";30.7396949152462;3;2;3;"S-7";3;"S-4"
-4.49430162667061;1.26567470312471;-594.992238904497;72.3015985313116;"T7";30.7585501228459;3;2;3;"S-7";3;"S-4"
-4.30703544527649;1.3539648280819;-595.246849936628;72.3733014941462;"T7";30.8152020908892;3;2;3;"S-7";3;"S-4"
-4.20059003205524;1.52303117591926;-595.311087377491;72.393495253097;"T7";30.8301166282035;3;2;3;"S-7";3;"S-4"
-4.13664399277081;1.44470516905681;-595.488519988862;72.4578279769956;"T7";30.8723565540276;3;2;3;"S-7";3;"S-4"
-4.31151012298974;1.77437544346456;-596.492636708812;72.8085114339676;"T7";31.115093594417;3;2;3;"S-7";3;"S-4"
-4.27932587753103;1.85934257430417;-596.704051787021;72.8955180076395;"T7";31.16412863601;3;2;3;"S-7";3;"S-4"
-4.04586842539804;1.98722545547377;-597.256489265763;73.1355489268222;"T7";31.2932231463492;3;2;3;"S-7";3;"S-4"
-4.016669093531;1.79161099281751;-598.169695540076;73.5840921228937;"T7";31.5189364366233;3;2;3;"S-7";3;"S-4"
-4.32932642588115;1.74816796081427;-598.588110048718;73.7707233877009;"T7";31.6231059608981;3;2;3;"S-7";3;"S-4"
-4.45552478598963;1.79081648925187;-598.613453634756;73.7809570454955;"T7";31.6289598937146;3;2;3;"S-7";3;"S-4"
-4.14715875124119;2.0551648663548;-599.195671243123;74.0149687373785;"T7";31.7596330773085;3;2;3;"S-7";3;"S-4"
-3.80069949183265;2.32070834306542;-599.302755076987;74.0680351730548;"T7";31.785454088822;3;2;3;"S-7";3;"S-4"
-3.80578813983636;1.99995709495743;-599.471572372455;74.1711150684501;"T7";31.8298715166748;3;2;3;"S-7";3;"S-4"
-3.58018444866612;2.27726830880797;-600.29748860671;74.6051373975566;"T7";32.0468873367645;3;2;3;"S-7";3;"S-4"
-3.7032656916058;2.44641438808926;-600.744950343227;74.8897569322724;"T7";32.1718702092767;3;2;3;"S-7";3;"S-4"
-4.5152715517988;2.80555320811463;-601.701876785255;75.5219121193618;"T7";32.4302709079348;3;2;3;"S-7";3;"S-4"
-4.45257206847215;2.99810994184317;-601.879905258351;75.6325296864565;"T7";32.4696989846416;3;2;3;"S-7";3;"S-4"
-4.72666767970038;2.86088242796239;-602.016091659033;75.7242298982779;"T7";32.5002849916928;3;2;3;"S-7";3;"S-4"
-4.59087224140648;2.74427407439247;-602.242249847887;75.8611153389889;"T7";32.5481322710402;3;2;3;"S-7";3;"S-4"
-4.36110688255088;2.69468336739471;-603.731728161864;76.7514770189658;"T7";32.8725756960921;3;2;3;"S-7";3;"S-4"
-4.46480641728947;2.36871989726623;-604.892201190246;77.4685214418858;"T7";33.1386716803536;3;2;3;"S-7";3;"S-4"
-4.60931221736605;2.08116990489795;-605.466845902927;77.7733884926756;"T7";33.2673770841211;3;2;3;"S-7";3;"S-4"
-4.23088119019769;2.38323708846007;-606.367224216986;78.1799220842126;"T7";33.4627160569653;3;2;3;"S-7";3;"S-4"
-3.76568296209485;2.49413514777193;-607.332140809065;78.7234554301364;"T7";33.6907812161371;3;2;3;"S-7";3;"S-4"
-3.95764607689996;3.12173044108926;-608.160508157975;79.2721102534393;"T7";33.9107592008077;3;2;3;"S-7";3;"S-4"
-4.15142199235011;3.143745295539;-608.300728349741;79.3827137871018;"T7";33.94618940074;3;2;3;"S-7";3;"S-4"
-4.15641440057559;3.04745788399291;-608.560257559153;79.5792473441935;"T7";34.0087051386945;3;2;3;"S-7";3;"S-4"
-3.94455056903614;2.76161970217013;-610.095149617627;80.7046209123411;"T7";34.3779878690839;3;2;3;"S-7";3;"S-4"
-4.1932617421593;2.78336976380943;-610.187428282173;80.7692261376101;"T7";34.4013818306848;3;2;3;"S-7";3;"S-4"
-3.96944759887253;2.76781160058342;-610.57188218697;81.0244158777193;"T7";34.4930655672215;3;2;3;"S-7";3;"S-4"
-4.62969049821394;2.84825652853821;-611.442686638812;81.63160934825;"T7";34.7124423016794;3;2;3;"S-7";3;"S-4"
-4.6601875469666;2.40573226921565;-611.816493606366;81.8615811219915;"T7";34.7931835451163;3;2;3;"S-7";3;"S-4"
-4.1536488682288;2.39580468830314;-612.990434603089;82.4676056026608;"T7";35.0450920755975;3;2;3;"S-7";3;"S-4"
-4.29345340425371;2.47322176154969;-614.02461894012;83.0641181538733;"T7";35.2940742042847;3;2;3;"S-7";3;"S-4"
-4.45073968195893;2.61922353047589;-614.282804402719;83.2128445623122;"T7";35.3542088880204;3;2;3;"S-7";3;"S-4"
-4.51415045645444;2.47105416490125;-614.472404662591;83.3244227487552;"T7";35.3968086070381;3;2;3;"S-7";3;"S-4"
-4.28038351851721;2.46662894171518;-614.579441975783;83.3830151685498;"T7";35.4205201147124;3;2;3;"S-7";3;"S-4"
-4.18436702014352;2.55695616876528;-615.910496364627;84.1500532772422;"T7";35.7314862660132;3;2;3;"S-7";3;"S-4"
-4.13612182097002;2.57278650810216;-615.935098486706;84.1650869842547;"T7";35.737365798559;3;2;3;"S-7";3;"S-4"
-4.18553850527019;2.59012832406845;-615.991632431758;84.2002527209944;"T7";35.7510341447778;3;2;3;"S-7";3;"S-4"
-4.28616956456499;2.46591083657151;-616.116769973907;84.2776913329952;"T7";35.7809317414649;3;2;3;"S-7";3;"S-4"
-4.54434529263314;2.48828246248241;-616.398799084915;84.4399477791271;"T7";35.8467315440066;3;2;3;"S-7";3;"S-4"
-4.71222873914244;2.43130434221011;-616.754775175011;84.6348645394103;"T7";35.9250654000789;3;2;3;"S-7";3;"S-4"
-4.53377803058934;1.4679780584854;-618.638647067824;85.6068602057319;"T7";36.3248490262777;3;2;3;"S-7";3;"S-4"
-4.39243596620011;1.60974770674921;-618.755158291758;85.6445850169487;"T7";36.3505475106649;3;2;3;"S-7";3;"S-4"
-4.15615267576027;2.1154541643765;-619.70369186316;85.9922052789373;"T7";36.5664945566095;3;2;3;"S-7";3;"S-4"
-4.47973377853009;1.91723398155955;-621.631195354272;86.9732917801395;"T7";37.0302656549029;3;2;3;"S-7";3;"S-4"
-3.96480117290742;2.05882175577605;-622.272747972361;87.2478631143233;"T7";37.1734778746031;3;2;3;"S-7";3;"S-4"
-3.9182142417405;2.162170268222;-622.419723117074;87.3241836187561;"T7";37.2105478658341;3;2;3;"S-7";3;"S-4"
-3.91339890092421;2.15285266378967;-622.519640393667;87.3793205131173;"T7";37.2360485838726;3;2;3;"S-7";3;"S-4"
-3.5744780857418;2.57382966972966;-622.931542112769;87.6059173246456;"T7";37.341302796267;3;2;3;"S-7";3;"S-4"
-2.96604543369705;2.97555941466454;-623.276240356185;87.8541198719063;"T7";37.4377359636128;3;2;3;"S-7";3;"S-4"
-2.85300840695924;3.19063648502427;-623.578758058557;88.1576079396111;"T7";37.5397295807488;3;2;3;"S-7";3;"S-4"
-3.05103989564434;3.15663793208379;-623.77678588356;88.3790705900412;"T7";37.6091397600248;3;2;3;"S-7";3;"S-4"
-3.54047639496869;3.16308445458921;-623.924981418531;88.5323952475522;"T7";37.6577118993737;3;2;3;"S-7";3;"S-4"
-3.52672339948337;3.04875020394045;-624.004132317992;88.6031091718163;"T7";37.6800679019652;3;2;3;"S-7";3;"S-4"
-3.42816221888228;3.20921111137381;-624.075090861548;88.6644507769361;"T7";37.7001881483011;3;2;3;"S-7";3;"S-4"
-3.78758406328095;3.1402439968989;-624.258129578449;88.835799110704;"T7";37.7535808132961;3;2;3;"S-7";3;"S-4"
-3.74202506758846;3.15932078051921;-624.265458410999;88.8418753645989;"T7";37.7555157756433;3;2;3;"S-7";3;"S-4"
-4.10606340909125;3.20381612957622;-624.52080991652;89.0574637968409;"T7";37.8237546305172;3;2;3;"S-7";3;"S-4"
-4.56485841065248;2.89130566068137;-624.957557664147;89.3982426253669;"T7";37.9301211680286;3;2;3;"S-7";3;"S-4"
-4.62983450676625;2.78243733619271;-625.091711903114;89.4832136968954;"T7";37.9595096455887;3;2;3;"S-7";3;"S-4"
-4.5266484903547;2.53675199030276;-625.443479328531;89.6946188382033;"T7";38.0354880471714;3;2;3;"S-7";3;"S-4"
-3.81260288495564;2.40684460289575;-626.651318385904;90.3714966959134;"T7";38.3023165981285;3;2;3;"S-7";3;"S-4"
-3.64955213666724;2.50619129103809;-626.767130431385;90.4446072728676;"T7";38.3326927083544;3;2;3;"S-7";3;"S-4"
-4.35990192598415;2.2898111982866;-628.18316561582;91.4170156435767;"T7";38.720695162192;3;2;3;"S-7";3;"S-4"
-4.17806385635811;2.17084214474336;-628.250717963381;91.4524939925261;"T7";38.7361891684122;3;2;3;"S-7";3;"S-4"
-4.27819929609347;2.07990776232006;-628.268865101197;91.4619228985771;"T7";38.7405326007865;3;2;3;"S-7";3;"S-4"
-4.22121429458347;2.16610762074291;-628.347160529626;91.4999873406646;"T7";38.7588336248882;3;2;3;"S-7";3;"S-4"
-4.39681111061858;1.86189274240675;-629.282324850735;91.9798650301718;"T7";38.9803727972321;3;2;3;"S-7";3;"S-4"
-4.29556390429342;2.02811857453226;-629.449490629883;92.0506537775492;"T7";39.0183925745077;3;2;3;"S-7";3;"S-4"
-4.21139316671446;1.70789743969251;-629.991703737537;92.3066556668209;"T7";39.1446188674308;3;2;3;"S-7";3;"S-4"
-3.29015598743953;2.32146942936728;-630.763526639473;92.6196623859588;"T7";39.3278890755028;3;2;3;"S-7";3;"S-4"
-3.28144970175674;2.34421340088377;-630.770059812927;92.6242720648032;"T7";39.3298747483641;3;2;3;"S-7";3;"S-4"
-3.01082905934158;2.64978393185564;-631.092256428646;92.8544439988369;"T7";39.4280620268546;3;2;3;"S-7";3;"S-4"
-3.26557289449185;2.83355602223014;-632.074137672348;93.7185824441865;"T7";39.7541785961948;3;2;3;"S-7";3;"S-4"
-3.3151402466998;3.02760811578401;-632.214609165775;93.8404703514578;"T7";39.797194476705;3;2;3;"S-7";3;"S-4"
-3.7363065757565;2.88777152122837;-632.558599767833;94.154625609167;"T7";39.9009579909034;3;2;3;"S-7";3;"S-4"
-4.26873125190514;2.73677416690647;-633.089449114074;94.5649162512906;"T7";40.0430366280489;3;2;3;"S-7";3;"S-4"
-4.19049901191479;2.72964761664072;-633.245733325865;94.6651133750458;"T7";40.0796480244026;3;2;3;"S-7";3;"S-4"
-4.71299101909174;2.63356986782281;-634.091969091155;95.2163425802723;"T7";40.2815895504318;3;2;3;"S-7";3;"S-4"
-4.967017711805;2.35735859184886;-634.238356200657;95.2981421591515;"T7";40.3126498917118;3;2;3;"S-7";3;"S-4"
-4.49839072647551;2.56471517197586;-635.108557037277;95.7111415760779;"T7";40.4878457309678;3;2;3;"S-7";3;"S-4"
-4.41567184841862;2.5195078850889;-635.391407264511;95.8724059733468;"T7";40.5507238232531;3;2;3;"S-7";3;"S-4"
-4.0618038229705;2.14857475978114;-636.289895017239;96.3850679317903;"T7";40.7542008440942;3;2;3;"S-7";3;"S-4"
-4.94312179690261;2.13615956717333;-637.047535529758;96.7858374797878;"T7";40.9407289349474;3;2;3;"S-7";3;"S-4"
-4.99474817853644;2.02605164999597;-637.121311349935;96.817719543506;"T7";40.9556538797915;3;2;3;"S-7";3;"S-4"
-4.80202318105814;1.96122558081508;-637.602066500328;97.0127313300627;"T7";41.0519060096703;3;2;3;"S-7";3;"S-4"
-4.49953524165892;2.06293328162485;-637.792802021421;97.0906308672023;"T7";41.0916258348152;3;2;3;"S-7";3;"S-4"
-3.94229129369365;2.93887979175236;-641.279777717906;98.6893289171469;"T7";41.8665893608704;3;2;3;"S-7";3;"S-4"
-4.34031495079049;2.91832448736379;-642.134266821156;99.3263292224847;"T7";42.08333871793;3;2;3;"S-7";3;"S-4"
-4.59591112035872;2.9960210044688;-643.239931011877;100.069751513071;"T7";42.3380815656856;3;2;3;"S-7";3;"S-4"
-4.41776666736891;3.04139350398469;-643.406692321775;100.178461271398;"T7";42.3743662773632;3;2;3;"S-7";3;"S-4"
-4.34486228346284;3.22255745712725;-643.511114257872;100.25035012883;"T7";42.398003092967;3;2;3;"S-7";3;"S-4"
-5.03030010867366;2.52465749674166;-644.685963292653;101.121728384579;"T7";42.6684026955627;3;2;3;"S-7";3;"S-4"
-4.60022867857358;2.46044127880872;-646.177800214587;101.870466469287;"T7";42.9649728583172;3;2;3;"S-7";3;"S-4"
-4.81515458851322;2.38826727934666;-646.759945378444;102.181827945312;"T7";43.0915198638104;3;2;3;"S-7";3;"S-4"
-4.7535033999308;2.31174452248666;-646.939950680886;102.271108728728;"T7";43.1289029424079;3;2;3;"S-7";3;"S-4"
-4.82600069499126;2.41792747562328;-647.496557573394;102.54180022228;"T7";43.2459969772026;3;2;3;"S-7";3;"S-4"
-4.90214824924135;2.34034854273743;-648.382227414104;102.985539371428;"T7";43.4295174316503;3;2;3;"S-7";3;"S-4"
-4.57376498476868;2.51797723087626;-648.647834619798;103.112343663176;"T7";43.4836992295459;3;2;3;"S-7";3;"S-4"
-4.84417931316147;1.99373464689601;-649.17514794684;103.40264343928;"T7";43.5989900957793;3;2;3;"S-7";3;"S-4"
-4.73863780209928;1.95065388952383;-649.208732181549;103.41646581207;"T7";43.6059230007231;3;2;3;"S-7";3;"S-4"
-4.78917202910827;2.05144815099182;-649.270537011458;103.441907687328;"T7";43.6189657426439;3;2;3;"S-7";3;"S-4"
-4.68023294582561;2.03900382384534;-649.498930629172;103.539740394508;"T7";43.6666553257965;3;2;3;"S-7";3;"S-4"
-4.63340577000547;1.6928027377469;-649.883268073944;103.707181957483;"T7";43.748774623964;3;2;3;"S-7";3;"S-4"
-4.71912827200716;1.61989768432487;-650.183744244867;103.816960144418;"T7";43.8136245822534;3;2;3;"S-7";3;"S-4"
-4.57757958779136;1.56835221345156;-650.571985049542;103.950228482171;"T7";43.8958941842429;3;2;3;"S-7";3;"S-4"
-4.50355763977256;1.6475344813279;-650.773233447111;104.019179412183;"T7";43.9398581162095;3;2;3;"S-7";3;"S-4"
-4.44830473613616;1.66836473617966;-650.797574024582;104.028083914775;"T7";43.9452628605068;3;2;3;"S-7";3;"S-4"
-3.98408081136232;1.79156247992177;-651.063978239953;104.128000495329;"T7";44.0051517914981;3;2;3;"S-7";3;"S-4"
-4.13031963252769;1.90674966968997;-651.520806210546;104.333427014178;"T7";44.1198151209392;3;2;3;"S-7";3;"S-4"
-4.2888453426284;1.90724198735895;-652.131805920816;104.615493197765;"T7";44.2677454906516;3;2;3;"S-7";3;"S-4"
-4.22083191542546;2.03679051944301;-652.18199707731;104.63781311686;"T7";44.2794482107274;3;2;3;"S-7";3;"S-4"
-4.32807070889519;1.77656319812349;-652.675210103233;104.875816343568;"T7";44.3963002995588;3;2;3;"S-7";3;"S-4"
-4.32376269100434;1.97914351424932;-652.920426449756;104.976471431276;"T7";44.45295749465;3;2;3;"S-7";3;"S-4"
-4.48439206404446;2.10224381305095;-653.769641250532;105.365187946329;"T7";44.6493639261462;3;2;3;"S-7";3;"S-4"
-4.63391033127472;1.94346801039092;-654.056093658786;105.499474332172;"T7";44.7132415720262;3;2;3;"S-7";3;"S-4"
-4.65782554238183;1.89813707608606;-654.24692752324;105.579510302735;"T7";44.7544236085378;3;2;3;"S-7";3;"S-4"
-4.28914706914355;1.89466884586543;-654.585306051236;105.717404868321;"T7";44.8270709253848;3;2;3;"S-7";3;"S-4"
-4.18884090814669;2.31618046326409;-655.703214038077;106.211224595429;"T7";45.0877073570155;3;2;3;"S-7";3;"S-4"
-4.11381201092505;2.31946346420818;-655.738379405826;106.230668957139;"T7";45.0961023685522;3;2;3;"S-7";3;"S-4"
-3.95849670064343;2.6756087430456;-655.884874612172;106.313266382082;"T7";45.1317129423842;3;2;3;"S-7";3;"S-4"
-3.84473938609499;2.73288886711878;-656.137438025654;106.483977873941;"T7";45.1955158030614;3;2;3;"S-7";3;"S-4"
-3.91348933218279;2.70837062838669;-656.275806236824;106.582331729924;"T7";45.2315047732554;3;2;3;"S-7";3;"S-4"
-3.55791899121658;3.0760204838671;-656.542584229957;106.766958189732;"T7";45.2996736043133;3;2;3;"S-7";3;"S-4"
-3.50613883914267;3.69235627505141;-657.158470619925;107.299426510668;"T7";45.4727765871212;3;2;3;"S-7";3;"S-4"
-3.70564789363192;3.67489893467314;-657.37904251423;107.53171338104;"T7";45.5356867867522;3;2;3;"S-7";3;"S-4"
-4.06963788322658;3.33853812658862;-657.672529473797;107.822765025992;"T7";45.6148866913281;3;2;3;"S-7";3;"S-4"
-4.1517704916298;3.17862193790531;-657.823136785177;107.94631612946;"T7";45.6518942373805;3;2;3;"S-7";3;"S-4"
-4.54655613686255;2.78001840026036;-658.546854181685;108.500398778783;"T7";45.8262096042745;3;2;3;"S-7";3;"S-4"
-4.46900464828899;2.77549502046772;-658.702357800834;108.595482378221;"T7";45.8604121115059;3;2;3;"S-7";3;"S-4"
-4.60634139908413;2.22843846980485;-659.216023955845;108.914497006224;"T7";45.975351834204;3;2;3;"S-7";3;"S-4"
-4.33281049274533;2.43707229757848;-659.812456294707;109.203036793748;"T7";46.1048325407319;3;2;3;"S-7";3;"S-4"
-3.73146366345726;2.88493168949572;-660.517957613223;109.599859530893;"T7";46.2676601833664;3;2;3;"S-7";3;"S-4"
-3.58701444915844;2.91946685154698;-660.557645354615;109.630543582287;"T7";46.2782961549237;3;2;3;"S-7";3;"S-4"
-3.52969037881216;2.82208823917853;-660.655597401387;109.710266638228;"T7";46.3056035572663;3;2;3;"S-7";3;"S-4"
-3.56634840758721;2.85902946335366;-660.681765714281;109.731188951557;"T7";46.3130173273385;3;2;3;"S-7";3;"S-4"
-3.4102638653909;2.76440027857749;-661.107965280688;110.072859752714;"T7";46.4325231965631;3;2;3;"S-7";3;"S-4"
-4.0328563016574;2.65936441510712;-661.533474209853;110.417782330189;"T7";46.5572962188162;3;2;3;"S-7";3;"S-4"
-4.37501231276714;2.7583381005457;-661.642303895873;110.489547295925;"T7";46.5842819772661;3;2;3;"S-7";3;"S-4"
-4.43442387559987;2.75600093419799;-661.785264852726;110.5796806775;"T7";46.6169586754404;3;2;3;"S-7";3;"S-4"
-3.99338567069804;3.09657659754113;-662.697718525588;111.146771971739;"T7";46.8227246776223;3;2;3;"S-7";3;"S-4"
-4.2281180034356;3.13785453689569;-662.809524738488;111.233469458753;"T7";46.8507225275971;3;2;3;"S-7";3;"S-4"
-4.15461789077613;3.19820448891284;-663.118329878598;111.462646035452;"T7";46.9237586017698;3;2;3;"S-7";3;"S-4"
-4.15479845298651;3.22247442259068;-663.426098528545;111.699564833688;"T7";46.9978372915648;3;2;3;"S-7";3;"S-4"
-4.22092512845533;3.34391104800385;-663.493667625808;111.751971632754;"T7";47.0141001977026;3;2;3;"S-7";3;"S-4"
-4.68527437796729;2.35971637418764;-664.362459693159;112.440248089696;"T7";47.2199299721979;3;2;3;"S-7";3;"S-4"
-5.01815905313664;2.28202177059675;-664.932588292633;112.727390673682;"T7";47.3416151828133;3;2;3;"S-7";3;"S-4"
-4.30990813312781;2.57188011264469;-665.266994824296;112.879462972986;"T7";47.4082544678822;3;2;3;"S-7";3;"S-4"
-4.58646746131607;2.40101610845414;-665.457146258092;112.992933301324;"T7";47.4523740704171;3;2;3;"S-7";3;"S-4"
-4.62237835453602;2.21752226734555;-665.7761725785;113.159943607356;"T7";47.5219322484918;3;2;3;"S-7";3;"S-4"
-4.6496125651133;2.18862083841804;-665.795499863548;113.169215605811;"T7";47.5261134910397;3;2;3;"S-7";3;"S-4"
-4.78298751288499;2.21856020871668;-665.833925550335;113.187302974953;"T7";47.5343777681701;3;2;3;"S-7";3;"S-4"
-4.21051583813799;2.1316086027989;-666.172594881996;113.344392722963;"T7";47.6051848381758;3;2;3;"S-7";3;"S-4"
-4.1830900568447;2.1270650041546;-666.204676659094;113.360634388993;"T7";47.612804279197;3;2;3;"S-7";3;"S-4"
-4.00015630422985;2.06955603745431;-666.298031863103;113.408104700343;"T7";47.6351215620525;3;2;3;"S-7";3;"S-4"
-3.92447424725316;2.31030739413342;-666.484891902832;113.504780253488;"T7";47.6818347466178;3;2;3;"S-7";3;"S-4"
-4.23055459526312;1.95283408292375;-667.706234868636;114.22377533586;"T7";47.9930466157384;3;2;3;"S-7";3;"S-4"
-4.60879997431321;1.97450838605915;-667.884873440518;114.306235326351;"T7";48.035272420384;3;2;3;"S-7";3;"S-4"
-4.51098126060346;1.93677424024687;-667.93928564779;114.329546678581;"T7";48.0470785754733;3;2;3;"S-7";3;"S-4"
-4.50829479355498;2.20429381150342;-668.173402841653;114.430064088005;"T7";48.0989779694937;3;2;3;"S-7";3;"S-4"
-4.13297953316609;2.01233056868042;-669.199280795934;114.931658710702;"T7";48.3265314018354;3;2;3;"S-7";3;"S-4"
-4.05982745615323;1.94872845427627;-669.597146134662;115.125377691625;"T7";48.4227973851375;3;2;3;"S-7";3;"S-4"
-4.04837976079127;1.83263987209204;-669.981279063201;115.309762564172;"T7";48.5174154280685;3;2;3;"S-7";3;"S-4"
-4.04926853070487;2.49831108645594;-671.034139307439;115.786376364592;"T7";48.777484963648;3;2;3;"S-7";3;"S-4"
-4.34285565307555;2.59644935087607;-671.123840480588;115.841720047937;"T7";48.7996374024078;3;2;3;"S-7";3;"S-4"
-4.76540418917656;2.51797873407811;-671.431175137758;116.025465245765;"T7";48.8704052753747;3;2;3;"S-7";3;"S-4"
-4.01735836037507;2.96969126031485;-671.884879965793;116.26519708449;"T7";48.9656133227982;3;2;3;"S-7";3;"S-4"
-4.47791341222044;1.49283320456641;-673.865503415137;117.729303499668;"T7";49.4586296961643;3;2;3;"S-7";3;"S-4"
-4.32706081018735;2.13826206818284;-674.81885129808;118.047127728086;"T7";49.6715297224;3;2;3;"S-7";3;"S-4"
-4.01056374041484;2.31927734531355;-675.673661416284;118.46954103158;"T7";49.8690795502625;3;2;3;"S-7";3;"S-4"
-4.0917415713785;2.29391580882915;-675.793485880856;118.538834573358;"T7";49.8989567626268;3;2;3;"S-7";3;"S-4"
-3.92955231663916;2.26293752997829;-676.206928695723;118.770619252943;"T7";50;3;2;3;"S-7";3;"S-4"
