"Vx";"Vy";"X";"Y";"Traj";"Time";"TrueMovMode";"TrueTrajClust";"firstEstMovMode";"firstSegment";"finalEstMovMode";"finalSegment"
0;0;0;0;"T8";0;1;2;1;"S-1-NA";8;"S-1"
-1.87924900528539;1.93174314762993;0;0;"T8";0.0451511121354997;1;2;7;"S-2-NA";3;"S-2"
-8.798703959974;6.93500560312632;-0.366080187443131;0.376306115681012;"T8";0.239952432457358;1;2;1;"S-3-NA";2;"S-3"
-9.6662323582855;7.34968305503572;-0.599996486440931;0.560675410476232;"T8";0.26653774548322;1;2;1;"S-3-NA";2;"S-3"
-12.2191389303486;7.88876684944539;-1.31108168637803;1.10134634108806;"T8";0.340101588517427;1;2;1;"S-3-NA";2;"S-3"
-14.5679528300778;8.11880392006104;-2.39454149723378;1.80083604222868;"T8";0.428770668804646;1;2;1;"S-3-NA";2;"S-3"
-19.7922626365179;6.90817802029319;-7.58342039421005;4.69262810257323;"T8";0.784955162089318;1;2;4;"S-4-NA";2;"S-3"
-20.9706667335058;6.3145852082181;-10.4570516253509;5.69562389309837;"T8";0.930144789163023;1;2;4;"S-4-NA";2;"S-3"
-21.6754394126572;4.86146025595758;-15.372872847837;7.17585207907964;"T8";1.16455894894898;1;2;4;"S-4-NA";2;"S-3"
-21.5366050449647;4.83709880138929;-15.6902390240791;7.24703232244233;"T8";1.17920069023967;1;2;4;"S-4-NA";2;"S-3"
-21.522857996429;4.25436929699186;-17.3333548509446;7.61607440591283;"T8";1.25549478689209;1;2;4;"S-4-NA";2;"S-3"
-21.5588925894746;4.17846586285771;-17.5771172303452;7.66425830336993;"T8";1.26682053087279;1;2;4;"S-4-NA";2;"S-3"
-21.7511318328146;4.05462244699665;-19.7604219817382;8.08741846032366;"T8";1.36809218674898;1;2;4;"S-4-NA";2;"S-3"
-21.8939937350061;3.93521492343213;-22.7656551775693;8.64762314612733;"T8";1.50625663809478;1;2;4;"S-4-NA";2;"S-3"
-22.3700460589207;3.10477628526745;-24.6141704781746;8.97987431442396;"T8";1.59068688517436;1;2;2;"S-5";2;"S-3"
-22.6337433198135;2.85389171600423;-27.7419223106912;9.41398024743014;"T8";1.73050563316792;1;2;2;"S-5";2;"S-3"
-22.1810916075193;2.74190474716387;-30.3580056163759;9.74384254059908;"T8";1.84608895797282;1;2;2;"S-5";2;"S-3"
-22.1856295526946;2.91135823912367;-31.2963627969682;9.85983710270301;"T8";1.88839333131909;1;2;2;"S-5";2;"S-3"
-21.7591349163386;2.58722210039376;-33.4377794568958;10.1408492336172;"T8";1.9849160220474;1;2;2;"S-5";2;"S-3"
-21.7324288596475;2.37763785087685;-37.4621899671379;10.6193629177866;"T8";2.16986871091649;1;2;2;"S-5";2;"S-3"
-21.7085872545613;1.89198660344309;-45.4668064125184;11.4951085219803;"T8";2.53819461213425;1;2;2;"S-5";2;"S-3"
-21.7768712405067;1.59739898296334;-48.5451024703157;11.7633938246805;"T8";2.67999545903876;1;2;2;"S-5";2;"S-3"
-21.3208515312818;1.84201350539883;-52.3301568594837;12.0410389448147;"T8";2.85380621207878;1;2;2;"S-5";2;"S-3"
-20.9203609963956;2.24132971984901;-54.8729791599896;12.260725903025;"T8";2.9730707872659;1;2;2;"S-5";2;"S-3"
-21.1912277742799;2.29120486690034;-56.8481819248208;12.4723417857676;"T8";3.06748611619696;1;2;2;"S-5";2;"S-3"
-21.2454177124947;2.32485992798178;-57.3368852087696;12.5251805997608;"T8";3.09054770041257;1;2;2;"S-5";2;"S-3"
-21.0604183713082;2.3924907867673;-58.1083913452398;12.6096055673065;"T8";3.12686170218512;1;2;2;"S-5";2;"S-3"
-21.2886749798734;2.25043268740833;-60.860849131548;12.9222883345054;"T8";3.25755510712042;1;2;2;"S-5";2;"S-3"
-21.5682372939627;2.71041253928771;-66.2602479087705;13.4930605179364;"T8";3.51118285907432;1;2;2;"S-5";2;"S-3"
-21.5747237672592;2.49705943751709;-67.3369000791481;13.6283600096505;"T8";3.56110127177089;1;2;2;"S-5";2;"S-3"
-21.6535274565916;2.28683094393191;-68.5710045220009;13.7711953098449;"T8";3.61830267356709;1;2;2;"S-5";2;"S-3"
-21.3020298381672;2.26430028816912;-69.3774696986362;13.8563661682572;"T8";3.65554672898725;1;2;2;"S-5";2;"S-3"
-20.9625629044376;2.26579374739091;-70.0761897812374;13.9306366531079;"T8";3.68834736291319;1;2;2;"S-5";2;"S-3"
-21.4604856067798;1.75025021477037;-75.7890553709635;14.5481267563884;"T8";3.9608744205907;1;2;2;"S-5";2;"S-3"
-21.6641077066328;1.61841236983245;-77.0250441011031;14.6489301389408;"T8";4.01846811873838;1;2;2;"S-5";2;"S-3"
-21.3545911864526;1.56149029822409;-79.592789030583;14.8407529554038;"T8";4.1369934217073;1;2;2;"S-5";2;"S-3"
-21.2093885109485;1.63471345828592;-83.8185343355586;15.1497478801426;"T8";4.33487804839388;1;2;2;"S-5";2;"S-3"
-21.2098933394803;1.69920451369853;-84.1750666243118;15.1772276035886;"T8";4.35168816475198;1;2;2;"S-5";2;"S-3"
-21.6300155992163;1.69022923989141;-85.6631319729964;15.2964421284658;"T8";4.42184718558565;1;2;2;"S-5";2;"S-3"
-21.3947103941317;1.9889145747845;-87.834476237559;15.4661169744686;"T8";4.52223288593814;1;2;2;"S-5";2;"S-3"
-21.2830794549029;1.74624711748963;-94.825507877938;16.1160236320573;"T8";4.84899737639353;1;2;2;"S-5";2;"S-3"
-21.4883592221731;1.74740931745316;-95.2130871032341;16.1478239693349;"T8";4.86720805056393;1;2;2;"S-5";2;"S-3"
-21.5703683842571;1.84225407660387;-96.0337640597385;16.2145605007559;"T8";4.90539974998683;1;2;2;"S-5";2;"S-3"
-21.5331792606407;1.86694036773488;-96.1814338167931;16.2271724880469;"T8";4.91224570432678;1;2;2;"S-5";2;"S-3"
-21.4570050609318;1.82861907906807;-96.7285604716913;16.2746087177801;"T8";4.93765424471349;1;2;2;"S-5";2;"S-3"
-21.3117204092115;2.13624739981176;-101.714685351368;16.6995386210774;"T8";5.17003173008561;1;2;2;"S-5";2;"S-3"
-21.2223393527431;2.22125398735175;-101.914153408771;16.7195329298798;"T8";5.17939127748832;1;2;2;"S-5";2;"S-3"
-21.3429608994934;2.33431674948838;-103.254148295274;16.8597846210437;"T8";5.24253204930574;1;2;2;"S-5";2;"S-3"
-21.5096484558989;2.06723820381571;-104.888043652978;17.0384865976982;"T8";5.31908634584397;1;2;2;"S-5";2;"S-3"
-21.5866603455128;2.40646375763792;-109.196322573976;17.4525444469672;"T8";5.51938152639195;1;2;2;"S-5";2;"S-3"
-21.5693739939766;2.43366985691524;-110.280681552889;17.5734279250623;"T8";5.56961435358971;1;2;2;"S-5";2;"S-3"
-21.7410348505089;2.24309606677629;-111.421262162057;17.7021194971352;"T8";5.622493987903;1;2;2;"S-5";2;"S-3"
-21.8305460447993;2.07983395124738;-112.103536211284;17.7725120173998;"T8";5.65387584501877;1;2;2;"S-5";2;"S-3"
-21.8254944866516;2.13267988999895;-112.955048607538;17.8536370789535;"T8";5.69288139231503;1;2;2;"S-5";2;"S-3"
-22.1269336881404;1.84116297690165;-116.308781151618;18.181347315144;"T8";5.84654263220727;1;2;2;"S-5";2;"S-3"
-21.9420142271551;2.09906887783506;-117.487375453085;18.2794171255945;"T8";5.89980777585879;1;2;2;"S-5";2;"S-3"
-21.6914703197867;2.25278857159337;-118.99696738507;18.4238312805512;"T8";5.96860692603514;1;2;2;"S-5";2;"S-3"
-21.7600493465022;1.87059737900839;-120.476478842779;18.5774873699878;"T8";6.03681398788467;1;2;2;"S-5";2;"S-3"
-21.4346842460481;1.87368138253899;-121.965945296522;18.7055289934293;"T8";6.10526357777417;1;2;2;"S-5";2;"S-3"
-21.2008746831709;2.00570489049628;-122.603068064866;18.7612221427071;"T8";6.13498749444261;1;2;2;"S-5";2;"S-3"
-21.296953669136;1.96000404900713;-123.402180035661;18.8368219852526;"T8";6.17267990019172;1;2;2;"S-5";2;"S-3"
-21.077603855466;1.94306485444462;-126.363517959905;19.1093602276779;"T8";6.31172973662615;1;2;2;"S-5";2;"S-3"
-21.1426732422735;1.79941559644722;-127.565090882743;19.2201287065063;"T8";6.36873682960868;1;2;2;"S-5";2;"S-3"
-21.2194453939273;2.12678836912673;-130.058115814825;19.432305657534;"T8";6.48665119661018;1;2;2;"S-5";2;"S-3"
-21.0746820302218;2.18274955885414;-130.595461972431;19.4861629349969;"T8";6.51197448605672;1;2;2;"S-5";2;"S-3"
-21.4384154965555;2.12040702302116;-132.097515556638;19.6417338135327;"T8";6.58324738033116;1;2;2;"S-5";2;"S-3"
-21.8396775653886;1.98081012831752;-134.767093053656;19.9057734238334;"T8";6.70777045888826;1;2;2;"S-5";2;"S-3"
-21.3471029973545;2.04587768351702;-136.211868134739;20.0368113068417;"T8";6.77392414072528;1;2;2;"S-5";2;"S-3"
-21.034321844653;2.29279490300534;-139.403421512845;20.3426854965539;"T8";6.92343170521781;1;2;2;"S-5";2;"S-3"
-21.0495811793285;2.17643381633559;-140.161936687982;20.4253655915078;"T8";6.95949253858998;1;2;2;"S-5";2;"S-3"
-21.5883416626426;1.99004162987677;-141.41045444065;20.5544568182668;"T8";7.01880572596565;1;2;2;"S-5";2;"S-3"
-21.3521458804471;2.026532743426;-144.665289159074;20.8544917486589;"T8";7.16957389377058;1;2;2;"S-5";2;"S-3"
-21.5259551506754;2.21728109019074;-145.883561897203;20.9701180472083;"T8";7.22663011401892;1;2;2;"S-5";2;"S-3"
-22.4095955054143;2.12981217207455;-149.512494940553;21.3439163088076;"T8";7.3952141799964;1;2;2;"S-5";2;"S-3"
-22.0744991276145;1.76760522270155;-150.712625573879;21.4579769499432;"T8";7.44876849930733;1;2;2;"S-5";2;"S-3"
-21.8092646060259;1.61002492007006;-153.382545009236;21.6717695035521;"T8";7.56971889641136;1;2;2;"S-5";2;"S-3"
-21.4978771721803;1.66910804965302;-155.491910743709;21.8274891694552;"T8";7.66643768874928;1;2;2;"S-5";2;"S-3"
-21.3275248024451;1.464797389735;-156.678762771269;21.9196370711797;"T8";7.72164555964991;1;2;2;"S-5";2;"S-3"
-21.2644392608109;1.63505311573031;-157.633544483685;21.9852125082296;"T8";7.76641314150766;1;2;2;"S-5";2;"S-3"
-21.0963182756907;2.05778649069186;-163.143644527015;22.408891972961;"T8";8.02553589455783;1;2;2;"S-5";2;"S-3"
-21.1167621853845;1.99605393703043;-163.263658687092;22.4205984477151;"T8";8.03122476208955;1;2;2;"S-5";2;"S-3"
-21.3234402929907;2.0947743443666;-166.158057478877;22.6941903958062;"T8";8.16829117247835;1;2;2;"S-5";2;"S-3"
-21.0791144977704;2.47460832342819;-168.070790346958;22.8820936461556;"T8";8.25799212325364;1;2;2;"S-5";2;"S-3"
-20.1676561674342;2.80517947778206;-175.717196007471;23.7797527529371;"T8";8.62074007745832;1;2;2;"S-5";2;"S-3"
-19.8892329651777;2.86549966537821;-177.117800384836;23.9745669952694;"T8";8.69018812663853;1;2;2;"S-5";2;"S-3"
-19.7137384280802;2.89999256062396;-177.507457274198;24.0307059971119;"T8";8.70977947488427;1;2;2;"S-5";2;"S-3"
-19.9620701397459;2.85858666896953;-177.904958346062;24.089180454174;"T8";8.72994313249364;1;2;2;"S-5";2;"S-3"
-20.2715828129445;2.93064239240449;-178.854760410743;24.225192976986;"T8";8.77752347150818;1;2;2;"S-5";2;"S-3"
-20.3477679756572;2.94303848980787;-179.251043845381;24.2824832756111;"T8";8.79707218846306;1;2;2;"S-5";2;"S-3"
-20.3323076180282;2.85644857505075;-179.653170204939;24.3406455937269;"T8";8.81683486513793;1;2;2;"S-5";2;"S-3"
-20.2177636581062;2.97555081993274;-182.465177453957;24.7356993303902;"T8";8.95513728028163;1;2;2;"S-5";2;"S-3"
-20.2552304828462;3.0296664816955;-183.681993178131;24.9147842720781;"T8";9.01532275602221;1;2;2;"S-5";2;"S-3"
-20.6410920970233;3.30387096363388;-186.654747952481;25.3594326559006;"T8";9.16208755224943;1;2;2;"S-5";2;"S-3"
-20.9833497498161;3.31486628347977;-187.903315974865;25.5592819475895;"T8";9.2225769883953;1;2;2;"S-5";2;"S-3"
-21.0861820092271;3.35805594083493;-188.173761900767;25.6020059212146;"T8";9.23546558478847;1;2;2;"S-5";2;"S-3"
-20.9421756686433;3.38460534599472;-189.005912194755;25.7345290701266;"T8";9.27492983173579;1;2;2;"S-5";2;"S-3"
-21.1090322300029;3.42671266005471;-190.177472500092;25.9238727818468;"T8";9.33087245794013;1;2;2;"S-5";2;"S-3"
-21.2153207641147;3.43346223735583;-191.149009959118;26.0815862987095;"T8";9.37689718557522;1;2;2;"S-5";2;"S-3"
-21.2057986634738;3.39086736997668;-192.055819194864;26.2283432250853;"T8";9.41964031662792;1;2;2;"S-5";2;"S-3"
-21.6093904830629;3.23033888774246;-195.526191604829;26.7832656193495;"T8";9.58329236600548;1;2;2;"S-5";2;"S-3"
-21.6998821752901;3.10960929337669;-196.325336596994;26.9027279960027;"T8";9.62027374189347;1;2;2;"S-5";2;"S-3"
-22.5114096189952;2.82245413912787;-200.734664972941;27.5345880395107;"T8";9.82346970122308;1;2;2;"S-5";2;"S-3"
-22.3122125767813;2.63347216268322;-202.486083797805;27.754178877901;"T8";9.90127108525485;1;2;2;"S-5";2;"S-3"
-22.0775335069841;2.83563220014339;-203.493162401789;27.8730426373825;"T8";9.9464068422094;1;2;2;"S-5";2;"S-3"
-22.1103158156308;2.78172769896079;-203.907511256976;27.9262614879162;"T8";9.96517473831773;1;2;2;"S-5";2;"S-3"
-21.9610790317202;2.97507570869778;-207.029030803037;28.3189839373163;"T8";10.1063540671021;1;2;2;"S-5";2;"S-3"
-21.8265395457571;2.92479156592639;-207.27566735886;28.3523958851102;"T8";10.1175846881233;1;2;2;"S-5";2;"S-3"
-21.7277003201872;2.534641057316;-212.426378609078;29.0425995150341;"T8";10.3535685571842;1;2;2;"S-5";2;"S-3"
-21.6043599502789;2.44582209918733;-213.041948016997;29.11440865599;"T8";10.3818996460177;1;2;2;"S-5";2;"S-3"
-21.6195529194313;2.47006774910123;-213.88520605708;29.2098736063286;"T8";10.4209314915352;1;2;2;"S-5";2;"S-3"
-21.1535671863228;2.5722941208883;-224.663907266035;30.4413570848565;"T8";10.9194941236638;1;2;2;"S-5";2;"S-3"
-21.2898673790563;2.49340489829265;-224.919947904979;30.472491872879;"T8";10.9315980225801;1;2;2;"S-5";2;"S-3"
-21.5854989596067;2.53746023862146;-227.830424808004;30.8133581280398;"T8";11.0683051636443;1;2;2;"S-5";2;"S-3"
-21.5762727964334;2.59821017981249;-228.092987891405;30.8442234504263;"T8";11.0804690280929;1;2;2;"S-5";2;"S-3"
-21.6150362459132;2.69220769045374;-231.684260756764;31.2766837648325;"T8";11.2469144980423;1;2;2;"S-5";2;"S-3"
-21.7401209189741;2.51107910198344;-232.527253589269;31.3816806642523;"T8";11.2859147950076;1;2;2;"S-5";2;"S-3"
-21.7959243604562;1.99234096431332;-234.218784037293;31.5770598332197;"T8";11.3637216505595;1;2;2;"S-5";2;"S-3"
-21.3634011992133;2.1606770486171;-236.824571846346;31.8152519699893;"T8";11.4832755527459;1;2;2;"S-5";2;"S-3"
-21.4609013350733;2.06190768988264;-237.075264688125;31.8406068404255;"T8";11.4950102404691;1;2;2;"S-5";2;"S-3"
-21.1819665404162;2.51640903140436;-244.157664643867;32.5210654429589;"T8";11.8250243365765;1;2;2;"S-5";2;"S-3"
-21.2322762223949;2.48604058062704;-244.879909116617;32.6068677933044;"T8";11.8591214763001;1;2;2;"S-5";2;"S-3"
-21.3441554713058;2.39520851118591;-245.912251257071;32.7277424667205;"T8";11.907742836047;1;2;2;"S-5";2;"S-3"
-21.1605422557875;2.64533399029222;-247.857515746111;32.9460370751401;"T8";11.9988808757626;1;2;2;"S-5";2;"S-3"
-22.2032281018204;1.75539314543653;-251.544115506524;33.4069084241319;"T8";12.1731013525277;1;2;2;"S-5";2;"S-3"
-21.4610243327975;1.82653509014089;-253.831035172731;33.5877129039046;"T8";12.2761007747613;1;2;2;"S-5";2;"S-3"
-21.3674658802224;1.73968048122268;-254.182776294899;33.6176493828128;"T8";12.2924905386753;1;2;2;"S-5";2;"S-3"
-21.2357415142441;1.90429120949901;-256.225408654882;33.7839549085543;"T8";12.3880859813653;1;2;2;"S-5";2;"S-3"
-21.2611286651187;1.92110188891649;-256.369978184619;33.7969190183526;"T8";12.3948938213289;1;2;2;"S-5";2;"S-3"
-21.2323031980748;2.24524658477961;-257.332271125606;33.8838693781261;"T8";12.4401544919237;1;2;2;"S-5";2;"S-3"
-21.6809804719432;2.20108259377396;-258.312049025741;33.9874776849404;"T8";12.4863001168706;1;2;2;"S-5";2;"S-3"
-20.9613313130924;2.41021523660571;-261.659283218279;34.3272934477937;"T8";12.6406858558767;1;2;2;"S-5";2;"S-3"
-20.9624540824353;2.55413030860216;-262.279133782611;34.3985662716548;"T8";12.6702570007183;1;2;2;"S-5";2;"S-3"
-21.1998819406036;2.51850528269993;-262.848619667041;34.4679541950355;"T8";12.697423947975;1;2;2;"S-5";2;"S-3"
-21.4542628735762;2.58763937589918;-263.369277924188;34.5298073966136;"T8";12.7219834364951;1;2;2;"S-5";2;"S-3"
-21.2359065308633;2.3915082904433;-268.187853392025;35.1109849318099;"T8";12.9465810139664;1;2;2;"S-5";2;"S-3"
-21.0313074344703;2.53932500186588;-268.612221481434;35.1587756772884;"T8";12.9665645305067;1;2;2;"S-5";2;"S-3"
-21.202725552944;2.7321989749129;-269.747066985232;35.2957971900987;"T8";13.0205243476667;1;2;2;"S-5";2;"S-3"
-20.9815929889875;2.8858319339392;-270.148298175961;35.3475001395744;"T8";13.0394479143433;1;2;2;"S-5";2;"S-3"
-21.2078904017994;2.64122589269287;-273.651509074531;35.8293357126753;"T8";13.2064138306305;1;2;2;"S-5";2;"S-3"
-21.1250490636833;2.49078857294115;-284.51795984855;37.1826410439578;"T8";13.7187915621325;1;2;2;"S-5";2;"S-3"
-20.6942732276376;2.4377840188549;-290.261483397229;37.85984197165;"T8";13.9906737022102;1;2;2;"S-5";2;"S-3"
-20.861880696604;2.56279245927677;-291.394532875142;37.9933151252826;"T8";14.0454255393706;1;2;2;"S-5";2;"S-3"
-20.8302014740945;2.75951637263978;-295.467614404635;38.4936757007078;"T8";14.2406659200788;1;2;2;"S-5";2;"S-3"
-21.0383554748345;2.82901731999907;-297.445621991669;38.7557156204087;"T8";14.3356245593168;1;2;2;"S-5";2;"S-3"
-21.1615062823351;2.89632938539124;-298.390967242646;38.8828357316546;"T8";14.3805589294061;1;2;2;"S-5";2;"S-3"
-21.3721971810956;2.4266731073242;-306.371620807534;39.9751304448107;"T8";14.7576896240935;1;2;2;"S-5";2;"S-3"
-21.2244277306988;2.55830312942826;-307.205478980115;40.0698095826447;"T8";14.7967056487687;1;2;2;"S-5";2;"S-3"
-21.6081559498157;2.24983299700337;-311.209899025664;40.5524855098385;"T8";14.9853759910911;1;2;2;"S-5";2;"S-3"
-21.5969655081854;1.90053944322796;-314.935288688109;40.9403716676731;"T8";15.1577826356515;1;2;2;"S-5";2;"S-3"
-21.3673673151695;2.15034636336871;-315.83311129966;41.0193803268121;"T8";15.1993543375283;1;2;2;"S-5";2;"S-3"
-21.467017436793;2.19138988443125;-316.01208364159;41.0373915548187;"T8";15.2077303035185;1;2;2;"S-5";2;"S-3"
-21.6325437484646;2.10311012857387;-316.945815543572;41.1327085056154;"T8";15.2512264205143;1;2;2;"S-5";2;"S-3"
-21.6531266418387;1.76507066200401;-321.36941179217;41.5627693520569;"T8";15.4557144502178;1;2;2;"S-5";2;"S-3"
-21.2371153456192;2.17217224132486;-332.356005803355;42.45834970335;"T8";15.9631051006727;1;2;2;"S-5";2;"S-3"
-20.9056281680267;2.59541194967513;-333.145537055766;42.5391044500392;"T8";16.0002820543014;1;2;2;"S-5";2;"S-3"
-20.8836151492226;2.45104178815966;-333.837988814862;42.625071614273;"T8";16.0334047977813;1;2;2;"S-5";2;"S-3"
-20.8617085648328;2.48676941170307;-334.107732053865;42.6567304983382;"T8";16.0463212989271;1;2;2;"S-5";2;"S-3"
-20.9875809345158;2.37484962245455;-334.708208971054;42.7283088940126;"T8";16.0751049872488;1;2;2;"S-5";2;"S-3"
-21.0149890170378;2.38758254860245;-334.771448527801;42.7354647657605;"T8";16.0781181766652;1;2;2;"S-5";2;"S-3"
-20.5104124180997;3.08880728507893;-341.432447107751;43.4922428898346;"T8";16.3950823480263;1;2;2;"S-5";2;"S-3"
-20.5954749149222;3.04864479294244;-342.116019230979;43.5951868244111;"T8";16.4284104015678;1;2;2;"S-5";2;"S-3"
-20.7071875215435;3.04662303449627;-342.65999422134;43.6757087122872;"T8";16.45482275635;1;2;2;"S-5";2;"S-3"
-21.4993985224744;2.75278788194005;-346.343256718765;44.2176225938839;"T8";16.6326963808388;1;2;2;"S-5";2;"S-3"
-21.3291137734277;2.4824706952341;-348.698708210307;44.5192151391654;"T8";16.7422553291544;1;2;2;"S-5";2;"S-3"
-21.3265836372192;2.49091700603311;-349.051129928755;44.5602330922648;"T8";16.7587783653289;1;2;2;"S-5";2;"S-3"
-21.1570395723179;2.95783802243882;-351.325320525878;44.8258555721565;"T8";16.8654147884808;1;2;2;"S-5";2;"S-3"
-21.1751167117918;3.14037101806885;-352.478860612912;44.9871250502503;"T8";16.919937543571;1;2;2;"S-5";2;"S-3"
-21.4276665224088;3.2301992479229;-354.46779111744;45.2820929504694;"T8";17.0138652669266;1;2;2;"S-5";2;"S-3"
-21.312669760691;3.1317718267277;-356.347420880085;45.5654452529388;"T8";17.1015850268304;1;2;2;"S-5";2;"S-3"
-21.2389965717709;3.15380651827832;-356.5416130346;45.593980651146;"T8";17.1106966095977;1;2;2;"S-5";2;"S-3"
-21.5162994115411;2.24539984606521;-363.842566281206;46.6781087953821;"T8";17.4544488778338;1;2;2;"S-5";2;"S-3"
-21.8591725960153;2.16933887139529;-364.946642889302;46.7933281181125;"T8";17.5057623768225;1;2;2;"S-5";2;"S-3"
-21.8855924504712;2.01361470133213;-368.640436036504;47.1599059939183;"T8";17.6747437566519;1;2;2;"S-5";2;"S-3"
-21.6392879795828;1.99468501292178;-369.466014004326;47.235864455489;"T8";17.712466197554;1;2;2;"S-5";2;"S-3"
-21.4511159108688;1.35198033831852;-377.576757497785;47.9835035878542;"T8";18.0872818338685;1;2;2;"S-5";2;"S-3"
-21.1549677390103;1.51302717852651;-378.116847268401;48.01754334382;"T8";18.1124595343135;1;2;2;"S-5";2;"S-3"
-21.3594586895619;1.84223915837112;-379.545265947902;48.1197054605892;"T8";18.1799812009558;1;2;2;"S-5";2;"S-3"
-20.9491119973149;2.13344022575541;-380.955103651018;48.2413030282699;"T8";18.2459865114652;1;2;2;"S-5";2;"S-3"
-21.5150065058003;2.12151908629843;-385.157424843385;48.6692639401448;"T8";18.4465831378475;1;2;2;"S-5";2;"S-3"
-21.2938822145285;2.02609068797846;-389.586400301129;49.1059896257177;"T8";18.6524383141659;1;2;2;"S-5";2;"S-3"
-21.3203057112829;2.00522502527537;-391.238977290778;49.2632306030164;"T8";18.7300463789143;1;2;2;"S-5";2;"S-3"
-21.4726169394228;1.94694851740253;-391.864703244058;49.3220816043797;"T8";18.7593952054158;1;2;2;"S-5";2;"S-3"
-21.5023533923583;2.56962688864359;-397.176921640782;49.803746962673;"T8";19.0067902207375;1;2;2;"S-5";2;"S-3"
-21.2510563119804;2.74559447858676;-397.687010910341;49.8647048996368;"T8";19.0305127063766;1;2;2;"S-5";2;"S-3"
-21.3552162014833;2.79250605239781;-397.814662697705;49.8811972582953;"T8";19.0365195507184;1;2;2;"S-5";2;"S-3"
-21.5216015831598;2.73454766168916;-398.40711833423;49.9586694756291;"T8";19.0642624511383;1;2;2;"S-5";2;"S-3"
-21.7566842696484;2.35245526663294;-403.896091531973;50.6561017166715;"T8";19.3193072802387;1;2;2;"S-5";2;"S-3"
-21.7606237995781;2.16994577854296;-406.944142625199;50.9856741716631;"T8";19.4594045053236;1;2;2;"S-5";2;"S-3"
-21.6443946324004;1.85001115621522;-409.070322995149;51.1976945696392;"T8";19.5571121992543;1;2;2;"S-5";2;"S-3"
-21.1970206984881;2.05715569300964;-410.516415665535;51.3212964360148;"T8";19.6239236160181;1;2;2;"S-5";2;"S-3"
-21.1972137004158;2.24983763321371;-412.26350912986;51.490850606739;"T8";19.7063452680595;1;2;2;"S-5";2;"S-3"
-21.043768593992;2.39233362438837;-413.084177475357;51.5779550042405;"T8";19.7450611274689;1;2;2;"S-5";2;"S-3"
-21.0574324183629;2.60481365188237;-419.549262178332;52.3129297997657;"T8";20.052281988319;1;2;2;"S-5";2;"S-3"
-21.269181929604;2.52345314622427;-420.76566787457;52.4633997194043;"T8";20.1100480859168;1;2;2;"S-5";2;"S-3"
-21.0475052362303;2.55129848746105;-421.021025537348;52.4936962818054;"T8";20.1220540795475;1;2;2;"S-5";2;"S-3"
-21.3451908996861;2.46166049606794;-422.122792173302;52.6272482405908;"T8";20.1744007412344;1;2;2;"S-5";2;"S-3"
-21.361849237835;2.61446929459068;-423.005003830861;52.7289903892926;"T8";20.215731440112;1;2;2;"S-5";2;"S-3"
-21.2486566716484;2.72374349954824;-424.0158728852;52.8527103010846;"T8";20.2630526735447;1;2;2;"S-5";2;"S-3"
-13.1004448935593;-2.47621597830967;-430.192898477449;53.6445078044949;"T8";20.5537546076812;3;2;1;"S-6-NA";3;"S-4"
-12.7408627647497;-2.62175361667122;-430.380385877474;53.6090693671407;"T8";20.5680661369115;3;2;1;"S-6-NA";3;"S-4"
-12.5938460459199;-2.64173696022877;-430.442122872958;53.5963654243872;"T8";20.5729117267765;3;2;1;"S-6-NA";3;"S-4"
-6.53206952133382;-2.81050548996298;-434.649445566546;52.7138201064014;"T8";20.9069893928245;3;2;7;"S-7-NA";3;"S-4"
-5.31745747622315;-2.2769742591155;-435.308351082337;52.4303176783502;"T8";21.0078617907129;3;2;7;"S-7-NA";3;"S-4"
-3.62429296516365;-0.750508016040305;-436.340883709233;51.9881796408292;"T8";21.2020396720618;3;2;7;"S-7-NA";3;"S-4"
-3.60428775307425;0.0180630181031711;-436.634581179982;51.9273616252311;"T8";21.283075469546;3;2;7;"S-7-NA";3;"S-4"
-3.38474277164909;0.420791957664486;-436.973084071283;51.9290580446827;"T8";21.3769921916537;3;2;7;"S-7-NA";3;"S-4"
-2.93767550419858;0.681320926675172;-437.096069222619;51.9443475854501;"T8";21.4133273460902;3;2;7;"S-7-NA";3;"S-4"
-2.83374793130569;1.61668519023545;-437.523761610962;52.0435402205594;"T8";21.5589160565287;3;2;7;"S-7-NA";3;"S-4"
-2.74936404828355;1.54799040484429;-437.599646230633;52.0868332528839;"T8";21.5856949449517;3;2;7;"S-7-NA";3;"S-4"
-2.554856969261;1.62419840156969;-437.634523027327;52.1064701382455;"T8";21.5983803500421;3;2;7;"S-7-NA";3;"S-4"
-2.76179770044922;1.57804858849166;-437.760516356614;52.1865678370594;"T8";21.6476955683902;3;2;7;"S-7-NA";3;"S-4"
-2.88135265804106;2.30105402418625;-438.313338390933;52.5024418168233;"T8";21.8478630296886;3;2;3;"S-8";3;"S-4"
-3.00118724948397;2.51054624908676;-438.417543487761;52.5856602166009;"T8";21.8840283690952;3;2;3;"S-8";3;"S-4"
-2.97213703005784;2.55480154561877;-438.438684969032;52.6033454398453;"T8";21.8910727417096;3;2;3;"S-8";3;"S-4"
-2.88774087994576;2.81606912688475;-438.73660387342;52.8594317742576;"T8";21.9913100125268;3;2;3;"S-8";3;"S-4"
-3.94388761577998;3.20575884246554;-440.121531847287;54.2099867832787;"T8";22.4708987399936;3;2;3;"S-8";3;"S-4"
-4.01806881793973;3.01614307313074;-441.2480211073;55.1256449505604;"T8";22.7565278881229;3;2;3;"S-8";3;"S-4"
-4.01138534777143;3.00931601776206;-441.261681616223;55.1358991426192;"T8";22.7599276578985;3;2;3;"S-8";3;"S-4"
-3.99566510344973;2.98963018461034;-441.436112082225;55.2667557793712;"T8";22.8034115047194;3;2;3;"S-8";3;"S-4"
-3.89280899396798;2.76287003380539;-442.082854383626;55.7506602748359;"T8";22.9652724927291;3;2;3;"S-8";3;"S-4"
-4.06870716147894;2.64754326545368;-442.164928473726;55.8089112818702;"T8";22.9863560060039;3;2;3;"S-8";3;"S-4"
-4.54088078458285;2.35873095585085;-442.70418969605;56.1598132664125;"T8";23.118894721847;3;2;3;"S-8";3;"S-4"
-4.77027554711768;2.27426858642589;-443.013504057648;56.3204845974605;"T8";23.1870124232955;3;2;3;"S-8";3;"S-4"
-4.78386118509745;2.39316812067467;-443.088473812522;56.3562270523269;"T8";23.202728445176;3;2;3;"S-8";3;"S-4"
-4.34576058344448;2.26689166350106;-443.586373188086;56.6053055407695;"T8";23.3068074216135;3;2;3;"S-8";3;"S-4"
-4.36140983958458;2.11865541158884;-443.738266822201;56.6845382564937;"T8";23.3417595620267;3;2;3;"S-8";3;"S-4"
-4.11470879309874;1.99523533472791;-444.403466043127;57.0076741187574;"T8";23.4942788723856;3;2;3;"S-8";3;"S-4"
-3.9253606556285;1.97361681373557;-444.459311736791;57.0347538726096;"T8";23.5078510828316;3;2;3;"S-8";3;"S-4"
-4.32493416968687;2.1544340586113;-444.898833146422;57.2557391323467;"T8";23.6198207712732;3;2;3;"S-8";3;"S-4"
-4.39951585992587;2.3883778683509;-446.016707091149;57.8125997931712;"T8";23.8782926695421;3;2;3;"S-8";3;"S-4"
-4.02699016153268;2.53250110266164;-446.199935210415;57.9120693709261;"T8";23.9199400064535;3;2;3;"S-8";3;"S-4"
-4.12308920512304;2.40473039200018;-446.268837771133;57.955400942148;"T8";23.9370501949452;3;2;3;"S-8";3;"S-4"
-4.45530615293275;2.22283704931651;-446.752839138635;58.2376875336573;"T8";24.0544382366352;3;2;3;"S-8";3;"S-4"
-5.06138102641977;2.03875859357448;-446.973371937298;58.3477155448936;"T8";24.1039371467195;3;2;3;"S-8";3;"S-4"
-5.11237199266419;2.04326215306196;-447.807919241398;58.683876857211;"T8";24.2688224418089;3;2;3;"S-8";3;"S-4"
-4.28440956464938;1.77744917982085;-451.167205301376;60.0264830051029;"T8";24.9259119620547;3;2;3;"S-8";3;"S-4"
-4.1619163597725;2.17491246443365;-452.011491393989;60.37674728311;"T8";25.1229720422998;3;2;3;"S-8";3;"S-4"
-4.18654443595087;2.10209589809849;-452.129234115619;60.4382766582183;"T8";25.1512625487521;3;2;3;"S-8";3;"S-4"
-4.19911501433848;2.04508383185678;-452.428586457806;60.5885837528223;"T8";25.2227659919299;3;2;3;"S-8";3;"S-4"
-4.20384262405685;2.05268251264984;-452.585724404211;60.6651142294741;"T8";25.2601876738481;3;2;3;"S-8";3;"S-4"
-4.38965190373967;2.1468667583534;-452.731439605961;60.7362650962424;"T8";25.2948500565253;3;2;3;"S-8";3;"S-4"
-3.92445478782635;2.37850171344624;-453.110741583737;60.9217720169102;"T8";25.3812582697719;3;2;3;"S-8";3;"S-4"
-4.08976825787863;2.47296586087335;-453.591555054275;61.2131795436495;"T8";25.503775535617;3;2;3;"S-8";3;"S-4"
-4.08674175399872;2.45424023690526;-453.742876775051;61.304679459022;"T8";25.5407756078057;3;2;3;"S-8";3;"S-4"
-4.28182173258792;2.30298844877646;-453.811332647038;61.3457897531377;"T8";25.5575263290666;3;2;3;"S-8";3;"S-4"
-4.47176959291362;2.13432200927853;-453.919444484338;61.4039379732241;"T8";25.5827753571793;3;2;3;"S-8";3;"S-4"
-3.89658495907291;2.19817625289214;-455.183518424831;62.0072653085204;"T8";25.8654540404677;3;2;3;"S-8";3;"S-4"
-4.13016987613116;2.27044560267592;-455.409419554732;62.1347026682766;"T8";25.9234281722456;3;2;3;"S-8";3;"S-4"
-4.16602402710256;2.33242509708873;-456.045224093029;62.4842184657934;"T8";26.0773696703836;3;2;3;"S-8";3;"S-4"
-4.22972482014926;2.26516577873795;-456.116940148061;62.5243700168966;"T8";26.0945841786452;3;2;3;"S-8";3;"S-4"
-3.98562366775909;2.42688703914641;-456.360693462514;62.6549084537527;"T8";26.1522128246725;3;2;3;"S-8";3;"S-4"
-3.95060683023592;2.42047250138688;-456.498399711125;62.7387591977825;"T8";26.186763565056;3;2;3;"S-8";3;"S-4"
-3.87917485762952;2.39694270069405;-456.980282856667;63.0340011575081;"T8";26.308740559034;3;2;3;"S-8";3;"S-4"
-4.06982877624553;2.44850937360747;-457.071463352767;63.0903415991211;"T8";26.3322456856258;3;2;3;"S-8";3;"S-4"
-4.06845437057555;2.45393207858949;-457.127729282478;63.1241925702278;"T8";26.34607082;3;2;3;"S-8";3;"S-4"
-3.86751147517694;2.63998600718665;-457.508679847914;63.353967007331;"T8";26.4397060265765;3;2;3;"S-8";3;"S-4"
-4.13035776640537;2.71920082128399;-457.781762185085;63.5403746116961;"T8";26.510315341875;3;2;3;"S-8";3;"S-4"
-4.09346091417965;2.95825475401466;-457.995615274603;63.6811637465696;"T8";26.5620912658051;3;2;3;"S-8";3;"S-4"
-4.17658795501597;2.99848174246991;-458.02931648503;63.7055188749195;"T8";26.5703242039308;3;2;3;"S-8";3;"S-4"
-4.26366431362029;2.88854124383919;-458.076878313827;63.7396647559167;"T8";26.5817119274288;3;2;3;"S-8";3;"S-4"
-4.72296636282808;3.01044141414887;-459.591377509468;64.7657055200541;"T8";26.9369226298295;3;2;3;"S-8";3;"S-4"
-4.66290517673171;1.89286039883601;-461.907624117697;66.2420922183954;"T8";27.427344629541;3;2;3;"S-8";3;"S-4"
-4.67093799144139;1.91077030948419;-462.021932064415;66.2884944027451;"T8";27.4518589489162;3;2;3;"S-8";3;"S-4"
-4.38875396508044;1.9219263922946;-463.191355481911;66.7668778772121;"T8";27.7022205293179;3;2;3;"S-8";3;"S-4"
-4.15577513485542;2.07250138363615;-463.912558628301;67.0827076941219;"T8";27.8665503486991;3;2;3;"S-8";3;"S-4"
-4.30634541171437;2.05877037243527;-464.051441191552;67.1519689739462;"T8";27.899969520513;3;2;3;"S-8";3;"S-4"
-4.02855703678835;1.91431979643712;-464.623215117998;67.4253216911469;"T8";28.0327442684211;3;2;3;"S-8";3;"S-4"
-4.34326895273551;2.5923127784254;-465.431731848871;67.8095187049973;"T8";28.2334406278096;3;2;3;"S-8";3;"S-4"
-4.26565577422788;2.68892253488615;-465.845449821948;68.056449392446;"T8";28.3286956022494;3;2;3;"S-8";3;"S-4"
-4.16016908937709;2.68073906194098;-466.121738549544;68.2306122937886;"T8";28.3934661187232;3;2;3;"S-8";3;"S-4"
-4.19568639812724;2.46216034344114;-466.724265657143;68.6188700589218;"T8";28.5382984788157;3;2;3;"S-8";3;"S-4"
-4.25247872253564;2.4937580406746;-466.842878370568;68.6884757185232;"T8";28.5665686358698;3;2;3;"S-8";3;"S-4"
-4.39101594843849;3.12174948520965;-467.480092456175;69.0621537198245;"T8";28.716413967777;3;2;3;"S-8";3;"S-4"
-4.39757490522663;2.6155946891456;-468.552192108888;69.8243523950862;"T8";28.9605715079233;3;2;3;"S-8";3;"S-4"
-4.28944779595315;2.17308105558657;-469.077954246568;70.1370658075248;"T8";29.0801287977956;3;2;3;"S-8";3;"S-4"
-4.52524639076325;2.24045312647676;-469.149485752517;70.1733044489189;"T8";29.0968049550429;3;2;3;"S-8";3;"S-4"
-4.58231065824585;2.23410678982893;-469.461651952735;70.3278581856361;"T8";29.1657882044092;3;2;3;"S-8";3;"S-4"
-4.40598459353297;1.81415252471895;-470.236088088415;70.7054347311938;"T8";29.3347937986255;3;2;3;"S-8";3;"S-4"
-4.37893002051304;1.83335362996418;-470.311044099999;70.7362976710817;"T8";29.3518061167561;3;2;3;"S-8";3;"S-4"
-4.36174702568822;1.79756041487632;-470.331549679221;70.7448828683617;"T8";29.3564888997935;3;2;3;"S-8";3;"S-4"
-4.58666587273228;1.48478419707915;-470.518339642778;70.8218626295464;"T8";29.3993134750053;3;2;3;"S-8";3;"S-4"
-4.88112551830252;1.36630090259281;-470.684714979087;70.8757212442766;"T8";29.4355871737935;3;2;3;"S-8";3;"S-4"
-4.36782449937054;1.20375795737821;-471.41896930274;71.0812501415314;"T8";29.58601443097;3;2;3;"S-8";3;"S-4"
-4.13297126690345;1.31105163073873;-471.536633594053;71.1136780302865;"T8";29.6129533089697;3;2;3;"S-8";3;"S-4"
-3.90115763854764;1.35676770663956;-471.576484497211;71.1263194420451;"T8";29.6225955011323;3;2;3;"S-8";3;"S-4"
-3.70330356857323;1.421750309568;-471.817795097171;71.2102438715685;"T8";29.6844516531564;3;2;3;"S-8";3;"S-4"
-3.56577597505943;1.54721612404788;-471.860241099362;71.2265394886135;"T8";29.6959133120254;3;2;3;"S-8";3;"S-4"
-3.57358820850378;1.78612174448721;-472.2980053262;71.4164885698327;"T8";29.8186816042289;3;2;3;"S-8";3;"S-4"
-3.86225121114997;1.42441651742328;-472.840436714359;71.6876022070941;"T8";29.9704706063494;3;2;3;"S-8";3;"S-4"
-3.32019134633564;1.7697232442479;-473.786181454768;72.0363973412935;"T8";30.2153393859044;3;2;3;"S-8";3;"S-4"
-3.31956494566825;2.38076562377744;-474.191128602948;72.252241642441;"T8";30.3373043891042;3;2;3;"S-8";3;"S-4"
-3.11985469682539;2.91437934526092;-474.719909568875;72.6314791530159;"T8";30.4965966381133;3;2;3;"S-8";3;"S-4"
-3.58246868894033;2.98532431478696;-475.217318727725;73.0961286702429;"T8";30.6560300756246;3;2;3;"S-8";3;"S-4"
-4.15291101789991;2.77885788059356;-475.998490022613;73.7470903012099;"T8";30.8740839827806;3;2;3;"S-8";3;"S-4"
-3.91819415878098;2.80502683783655;-476.635334977472;74.1732255142931;"T8";31.0274330317043;3;2;3;"S-8";3;"S-4"
-4.15362394373015;2.53737197894618;-478.940995595523;75.8238430310593;"T8";31.6158828441985;3;2;3;"S-8";3;"S-4"
-3.70041378819692;2.56991455466924;-479.273147958119;76.0267487608529;"T8";31.6958497278392;3;2;3;"S-8";3;"S-4"
-3.93865739303107;2.52380159998631;-479.586034714472;76.2440466835013;"T8";31.7804042599164;3;2;3;"S-8";3;"S-4"
-3.88836388004983;2.52125846401303;-479.752205367486;76.3505250384584;"T8";31.8225939292461;3;2;3;"S-8";3;"S-4"
-3.8668943206733;2.55297041332375;-479.76091627423;76.3561732874478;"T8";31.8248341791332;3;2;3;"S-8";3;"S-4"
-4.42904683707321;2.26115460785403;-480.561883087709;76.8849812680369;"T8";32.031968573574;3;2;3;"S-8";3;"S-4"
-4.21714186939114;2.37220295252984;-480.5888844437;76.8987662296242;"T8";32.0380649995059;3;2;3;"S-8";3;"S-4"
-3.81698351353115;2.40380599361854;-480.931926312725;77.091732214584;"T8";32.1194096351974;3;2;3;"S-8";3;"S-4"
-3.66447776710471;2.69734874720874;-481.263402128145;77.3004843742466;"T8";32.2062519844621;3;2;3;"S-8";3;"S-4"
-3.91950244368588;2.84203119339696;-481.993447379399;77.8378560733065;"T8";32.4054741649888;3;2;3;"S-8";3;"S-4"
-3.88827505746961;2.93248825223412;-482.21132163135;77.9958366918106;"T8";32.4610613868572;3;2;3;"S-8";3;"S-4"
-3.8309338463369;3.09838290947284;-482.271619051967;78.0413122497342;"T8";32.4765688856132;3;2;3;"S-8";3;"S-4"
-3.7211149519105;3.21717100947568;-482.340947039749;78.0973833439132;"T8";32.4946657754481;3;2;3;"S-8";3;"S-4"
-3.76521727951723;3.24119744281193;-482.35648357106;78.1108157905772;"T8";32.4988410109654;3;2;3;"S-8";3;"S-4"
-5.03433784378101;2.53748281256517;-483.192860678345;78.8307910642772;"T8";32.7209735056385;3;2;3;"S-8";3;"S-4"
-4.8484154769206;2.44987204084148;-483.343682090556;78.906810344891;"T8";32.7509320457466;3;2;3;"S-8";3;"S-4"
-4.36411261219665;2.58851209899056;-483.723035617233;79.0984951547069;"T8";32.8291748301126;3;2;3;"S-8";3;"S-4"
-4.35693963713165;2.74489641857975;-484.46748523081;79.5400549866982;"T8";32.9997592489235;3;2;3;"S-8";3;"S-4"
-4.24707106994289;2.85407812858869;-484.736053904264;79.7092547579376;"T8";33.061400835868;3;2;3;"S-8";3;"S-4"
-4.55211250150305;2.55388327040265;-487.50370989073;81.5691497981531;"T8";33.7130631087348;3;2;3;"S-8";3;"S-4"
-4.65175555725072;2.37012633935213;-488.235672897329;81.9798048679675;"T8";33.8738594437018;3;2;3;"S-8";3;"S-4"
-4.06471785702382;2.09502709661629;-489.359019224994;82.5521635584974;"T8";34.1153481276706;3;2;3;"S-8";3;"S-4"
-4.27016249392319;1.86952747505748;-489.624902252237;82.6892043485833;"T8";34.1807605465874;3;2;3;"S-8";3;"S-4"
-4.20544387950864;1.89410784271683;-490.030240049256;82.8666660141019;"T8";34.2756838188507;3;2;3;"S-8";3;"S-4"
-3.95334940192508;1.5594707260848;-490.484827221592;83.0714094735297;"T8";34.3837787513621;3;2;3;"S-8";3;"S-4"
-3.77594051792167;1.79376660300554;-490.564548615053;83.1028570301976;"T8";34.4039442832582;3;2;3;"S-8";3;"S-4"
-3.51777074211928;1.87649399349717;-491.496329562173;83.5455010645325;"T8";34.6507121925242;3;2;3;"S-8";3;"S-4"
-3.29609914575085;1.89008110811916;-491.682879225088;83.6450127574801;"T8";34.703742840793;3;2;3;"S-8";3;"S-4"
-3.3070440661211;1.85177579449799;-491.739703793107;83.6775976518473;"T8";34.7209827858023;3;2;3;"S-8";3;"S-4"
-3.05776230752881;1.85680887298289;-491.902917516234;83.7689890018792;"T8";34.7703361418098;3;2;3;"S-8";3;"S-4"
-2.6653207582077;1.92445870155958;-492.098932038136;83.8880177120589;"T8";34.8344400525093;3;2;7;"S-9-NA";3;"S-4"
-2.63662910056731;2.06174551189553;-492.118664901484;83.9022655583864;"T8";34.8418436129577;3;2;7;"S-9-NA";3;"S-4"
-2.42935384866109;2.10608439894158;-492.293660842093;84.0391058500572;"T8";34.9082147004083;3;2;7;"S-9-NA";3;"S-4"
-2.38806204159532;2.13283371751844;-492.297965836955;84.0428379875231;"T8";34.9099867744371;3;2;7;"S-9-NA";3;"S-4"
-3.46674746871312;2.89908478654178;-492.710401609256;84.4111939624319;"T8";35.0826940848492;3;2;3;"S-10";3;"S-4"
-3.49621161907579;2.91304269205385;-493.135837075785;84.7669664840247;"T8";35.2054129936732;3;2;3;"S-10";3;"S-4"
-3.42794201680862;3.01427655876361;-493.249667551592;84.861810009478;"T8";35.2379712276161;3;2;3;"S-10";3;"S-4"
-3.98977123587283;2.98830282016099;-493.936668158738;85.4659071079183;"T8";35.4383831960149;3;2;3;"S-10";3;"S-4"
-3.96228795211527;2.96154317014488;-493.998844130971;85.5124763526657;"T8";35.453967039939;3;2;3;"S-10";3;"S-4"
-3.4042413593531;3.28113527055573;-494.201244460798;85.6637569566198;"T8";35.5050487210974;3;2;3;"S-10";3;"S-4"
-3.23618787659166;3.3996278307509;-494.625550947623;86.07271943386;"T8";35.6296892627142;3;2;3;"S-10";3;"S-4"
-3.09500096093532;3.28613235596412;-494.729313565558;86.1817224637137;"T8";35.6617524870671;3;2;3;"S-10";3;"S-4"
-3.34811274705957;3.05117127904743;-495.240011708838;86.7239587065925;"T8";35.8267599134706;3;2;3;"S-10";3;"S-4"
-3.7484386719132;3.09858184060477;-495.619401179965;87.069700425981;"T8";35.9400743385777;3;2;3;"S-10";3;"S-4"
-4.20432041000639;2.9509296906202;-496.150417380329;87.5086557616635;"T8";36.0817376407795;3;2;3;"S-10";3;"S-4"
-4.38251555549601;3.01437410115177;-497.207922287388;88.2508976280996;"T8";36.3332657841966;3;2;3;"S-10";3;"S-4"
-4.50807143315798;2.86248948854422;-497.394218524012;88.3790355762044;"T8";36.3757747574709;3;2;3;"S-10";3;"S-4"
-4.33953102403882;2.93596419858566;-497.471033444827;88.4278107357504;"T8";36.3928141770884;3;2;3;"S-10";3;"S-4"
-4.4122927173179;2.62255994229174;-497.944825988808;88.7483610300054;"T8";36.5019947639666;3;2;3;"S-10";3;"S-4"
-4.43830416534273;2.51979144960105;-498.626638940464;89.1536141375635;"T8";36.6565205389634;3;2;3;"S-10";3;"S-4"
-4.40297389310928;2.20901324828595;-499.256239604399;89.5110620074134;"T8";36.7983766715042;3;2;3;"S-10";3;"S-4"
-4.46890650286853;1.80165678340534;-502.297494320568;91.0368879883357;"T8";37.489104073029;3;2;3;"S-10";3;"S-4"
-4.76670067288578;1.73555336593112;-502.615399090466;91.1650525146681;"T8";37.5602411106229;3;2;3;"S-10";3;"S-4"
-4.66546014371664;1.72755365178821;-502.683333859961;91.1897875307625;"T8";37.5744930584915;3;2;3;"S-10";3;"S-4"
-4.63480198213099;1.59918093699428;-503.577993980343;91.5210674711039;"T8";37.7662555198185;3;2;3;"S-10";3;"S-4"
-3.72219987819506;2.37601943742617;-505.608681295956;92.2217309420881;"T8";38.2043944788165;3;2;3;"S-10";3;"S-4"
-3.81026211504531;2.36616154402354;-506.077098238271;92.5207390008116;"T8";38.3302385918796;3;2;3;"S-10";3;"S-4"
-3.88090198030906;2.29890858736321;-506.507258726439;92.7878673962154;"T8";38.4431338403374;3;2;3;"S-10";3;"S-4"
-3.95496566448752;2.24199548983675;-506.571598878594;92.8259802187121;"T8";38.4597124997526;3;2;3;"S-10";3;"S-4"
-3.97556398918877;2.17235178740679;-506.640656281793;92.8651275589539;"T8";38.4771734359674;3;2;3;"S-10";3;"S-4"
-4.00322356158942;2.23580536246423;-506.675568201148;92.8842043416739;"T8";38.485955062788;3;2;3;"S-10";3;"S-4"
-4.2522356243088;2.31014278034074;-507.644065758478;93.4251114378926;"T8";38.7278844835237;3;2;3;"S-10";3;"S-4"
-4.42384358010329;2.38929911658355;-507.894887791484;93.5613773365615;"T8";38.7868704041466;3;2;3;"S-10";3;"S-4"
-4.05199811582851;2.95690753039582;-508.578064737069;93.9303583014173;"T8";38.9413010329008;3;2;3;"S-10";3;"S-4"
-4.13059771069532;2.9371059508962;-508.596219289169;93.9436064151333;"T8";38.9457814279012;3;2;3;"S-10";3;"S-4"
-4.23074845446629;2.84729030263776;-508.771595368667;94.0683094636544;"T8";38.9882392250001;3;2;3;"S-10";3;"S-4"
-3.70173835446946;2.90056156722033;-509.179014966665;94.3425025249928;"T8";39.0845388756134;3;2;3;"S-10";3;"S-4"
-3.50114460172799;2.91528711932259;-509.426615098574;94.5365139212302;"T8";39.1514264047146;3;2;3;"S-10";3;"S-4"
-3.39389028968811;2.92992570642677;-509.474060778688;94.576020367218;"T8";39.1649778815918;3;2;3;"S-10";3;"S-4"
-3.75020158594278;3.14704880492766;-510.511834555599;95.4719244203529;"T8";39.4707549363375;3;2;3;"S-10";3;"S-4"
-4.27485471132151;2.88026212870598;-511.375849248471;96.1969778193048;"T8";39.7011464694515;3;2;3;"S-10";3;"S-4"
-4.43988600241277;3.06342462553892;-511.789385917139;96.4756057694995;"T8";39.7978834807873;3;2;3;"S-10";3;"S-4"
-4.33093936716994;3.04149838490905;-511.85810538332;96.5230207042158;"T8";39.8133612354286;3;2;3;"S-10";3;"S-4"
-4.2785573999994;3.38032147084091;-512.253811251278;96.800913940823;"T8";39.9047284503467;3;2;3;"S-10";3;"S-4"
-4.00126862205905;3.13172332961039;-512.922841963869;97.3294890354157;"T8";40.0610967422836;3;2;3;"S-10";3;"S-4"
-4.8281794406527;2.90196054126593;-513.453438165744;97.7447774504079;"T8";40.1937037357129;3;2;3;"S-10";3;"S-4"
-4.81863234541827;2.8756445194359;-513.463517783715;97.7508357699019;"T8";40.1957914000377;3;2;3;"S-10";3;"S-4"
-4.49487677549374;2.42598583991859;-514.508261327171;98.3743137258015;"T8";40.4126046923921;3;2;3;"S-10";3;"S-4"
-3.74153429113757;2.20584150941987;-515.712230093847;99.024122680651;"T8";40.6804582569748;3;2;3;"S-10";3;"S-4"
-3.8493016276445;2.33386312391187;-516.238282060418;99.3342594250132;"T8";40.8210561843589;3;2;3;"S-10";3;"S-4"
-3.92721619174179;2.34003165883314;-516.259280496773;99.346990949069;"T8";40.8265113132074;3;2;3;"S-10";3;"S-4"
-3.79314730810418;2.40709944680155;-516.355982234069;99.4046106765522;"T8";40.8511347952299;3;2;3;"S-10";3;"S-4"
-3.58697513865037;2.87724531241093;-516.938074353204;99.7740014500044;"T8";41.0045936703682;3;2;3;"S-10";3;"S-4"
-3.69483619480785;2.82993494378444;-517.702622044641;100.387273406533;"T8";41.2177391932346;3;2;3;"S-10";3;"S-4"
-3.7405279320913;2.81628817081739;-517.797609264103;100.46002565789;"T8";41.2434472935274;3;2;3;"S-10";3;"S-4"
-3.77518838759128;3.04257827449447;-518.010859648102;100.620584419857;"T8";41.3004580652341;3;2;3;"S-10";3;"S-4"
-4.01671425722281;3.25828267338175;-518.501886934341;101.016323334028;"T8";41.4305250276811;3;2;3;"S-10";3;"S-4"
-3.74987836119487;3.23965013857741;-518.73122422028;101.202357404983;"T8";41.4876207709312;3;2;3;"S-10";3;"S-4"
-4.17547566454307;2.75272971159234;-520.95023268471;103.119435877098;"T8";42.0793755562045;3;2;3;"S-10";3;"S-4"
-4.04038967730691;2.93703851256284;-521.093178679197;103.213674645993;"T8";42.1136102173477;3;2;3;"S-10";3;"S-4"
-3.9912607426001;3.46329139445044;-521.780498833996;103.713301148962;"T8";42.2837225603871;3;2;3;"S-10";3;"S-4"
-3.90974966056886;3.36851100345561;-521.842507932648;103.767107600504;"T8";42.2992587788031;3;2;3;"S-10";3;"S-4"
-3.77400952530896;3.49886738073801;-521.911946753235;103.826933791826;"T8";42.3170192050748;3;2;3;"S-10";3;"S-4"
-3.78376613702968;3.50278202127901;-522.004883170381;103.91309472922;"T8";42.3416445846669;3;2;3;"S-10";3;"S-4"
-4.0310821010826;3.56518614839088;-522.306081133022;104.191925600415;"T8";42.4212472746149;3;2;3;"S-10";3;"S-4"
-5.17756782775856;3.11025658772715;-523.182072634428;104.966673593288;"T8";42.6385565428063;3;2;3;"S-10";3;"S-4"
-4.64370363034468;2.5383085112078;-525.166009616725;106.158459635325;"T8";43.021735874936;3;2;3;"S-10";3;"S-4"
-4.89970546330704;2.51091004766338;-525.664237724435;106.430797567932;"T8";43.1290269829333;3;2;3;"S-10";3;"S-4"
-4.63454710233389;2.36369958171134;-526.388368255998;106.801886532592;"T8";43.2768176076934;3;2;3;"S-10";3;"S-4"
-4.68139202258246;2.40452910665851;-526.494272941775;106.855899763215;"T8";43.2996687479317;3;2;3;"S-10";3;"S-4"
-4.73507827599657;2.56251806028285;-527.174042398631;107.205053484362;"T8";43.4448754414916;3;2;3;"S-10";3;"S-4"
-4.70178294840618;0.81256909960311;-530.242652809844;108.86571654849;"T8";44.092934508808;3;2;3;"S-10";3;"S-4"
-4.72893722505471;0.832765920194414;-530.487346021639;108.908004792113;"T8";44.1449771518819;3;2;3;"S-10";3;"S-4"
-3.57112768735339;1.23424031845474;-531.105965251353;109.016943648259;"T8";44.2757928511128;3;2;3;"S-10";3;"S-4"
-3.85980255348994;1.31390357981801;-531.994697862707;109.324104219735;"T8";44.5246589486487;3;2;3;"S-10";3;"S-4"
-3.84932900190327;1.65018541616537;-532.419407213814;109.468678230728;"T8";44.6346929064021;3;2;3;"S-10";3;"S-4"
-3.99537157174877;1.66176793521791;-532.49967874758;109.503090180003;"T8";44.6555462898687;3;2;3;"S-10";3;"S-4"
-4.35043407034017;1.85467699616309;-533.165698166849;109.780103142451;"T8";44.8222440318204;3;2;3;"S-10";3;"S-4"
-4.25321791083791;1.91391976325492;-533.271378713206;109.825156871597;"T8";44.8465359862894;3;2;3;"S-10";3;"S-4"
-3.97311262130475;1.9719614984282;-533.932321925996;110.122576920103;"T8";45.0019343756139;3;2;3;"S-10";3;"S-4"
-3.58236873945273;2.16939152634303;-534.409078072026;110.359203679452;"T8";45.1219300040975;3;2;3;"S-10";3;"S-4"
-4.01105235034098;2.36541183591219;-534.80375289329;110.59820872756;"T8";45.232101471629;3;2;3;"S-10";3;"S-4"
-4.54349446768918;2.53282204353028;-536.099855695958;111.362551010384;"T8";45.5552343279123;3;2;3;"S-10";3;"S-4"
-4.84204816564039;2.54554602151809;-536.231972317718;111.4362009057;"T8";45.5843125237152;3;2;3;"S-10";3;"S-4"
-4.50029522545002;2.42982180148137;-536.927873791454;111.802047995039;"T8";45.728033001069;3;2;3;"S-10";3;"S-4"
-4.46831888618996;2.58180982587816;-537.142662782717;111.918017936463;"T8";45.7757607568055;3;2;3;"S-10";3;"S-4"
-4.87421478014576;2.27450600821662;-537.883198072839;112.345901741792;"T8";45.941490936093;3;2;3;"S-10";3;"S-4"
-4.80664306185008;2.22704594591097;-538.065269936179;112.430863846618;"T8";45.9788450272754;3;2;3;"S-10";3;"S-4"
-4.86139290444629;2.17131594863299;-538.137200358512;112.464191130001;"T8";45.9938098210841;3;2;3;"S-10";3;"S-4"
-4.845531237291;2.31793557865731;-538.363321536874;112.565186982538;"T8";46.0403234814294;3;2;3;"S-10";3;"S-4"
-5.03394325042296;2.25769448186275;-538.850837249308;112.798397741001;"T8";46.1409348878078;3;2;3;"S-10";3;"S-4"
-4.95261437510607;2.24474497559728;-539.066879329992;112.895291366763;"T8";46.1838519549929;3;2;3;"S-10";3;"S-4"
-4.9604618779064;1.94867870433963;-539.199036959146;112.955191078624;"T8";46.2105363723822;3;2;3;"S-10";3;"S-4"
-4.28706347084808;2.22588775091008;-540.649880489481;113.525143627496;"T8";46.5030179126188;3;2;3;"S-10";3;"S-4"
-4.43593096010414;2.24804721231906;-541.076692848808;113.746749024529;"T8";46.6025761212222;3;2;3;"S-10";3;"S-4"
-4.24267571523926;2.30760094793348;-541.144192275033;113.780956476881;"T8";46.6177926398814;3;2;3;"S-10";3;"S-4"
-4.24128568451097;2.34597649964665;-541.395317125584;113.917543852885;"T8";46.6769828461111;3;2;3;"S-10";3;"S-4"
-4.0930471426195;2.35228216419767;-541.575813053158;114.017381316303;"T8";46.7195397359319;3;2;3;"S-10";3;"S-4"
-4.97429927606994;2.35152403359438;-542.55284604568;114.578884079907;"T8";46.9582452671602;3;2;3;"S-10";3;"S-4"
-5.15704023112026;1.99781470679099;-543.114199008934;114.844255122371;"T8";47.0710959285498;3;2;3;"S-10";3;"S-4"
-4.79047418687064;2.36746585131938;-543.723111835247;115.080145273513;"T8";47.1891700173728;3;2;3;"S-10";3;"S-4"
-5.0510888794932;2.06119814959533;-544.06602199811;115.249612442937;"T8";47.2607516916469;3;2;3;"S-10";3;"S-4"
-4.6563657471985;2.01495631937907;-544.366073368755;115.372054424204;"T8";47.3201549961232;3;2;3;"S-10";3;"S-4"
-4.6288196714226;2.04944024725219;-545.128906913563;115.702156558614;"T8";47.4839809467085;3;2;3;"S-10";3;"S-4"
-3.5719641297022;2.35143718860665;-546.006777169998;116.090839368296;"T8";47.6736341021024;3;2;3;"S-10";3;"S-4"
-3.77231820690925;2.24962192635411;-546.268289183702;116.26299369347;"T8";47.74684648728;3;2;3;"S-10";3;"S-4"
-3.4747195804765;2.37625706964594;-546.799418372799;116.579732580271;"T8";47.8876429842785;3;2;3;"S-10";3;"S-4"
-3.3050607550102;2.41870824964541;-546.888903357864;116.640928692206;"T8";47.9133961373009;3;2;3;"S-10";3;"S-4"
-3.54840659672262;2.3634470039501;-547.047819815014;116.757226870789;"T8";47.9614789015613;3;2;3;"S-10";3;"S-4"
-3.57722761647569;2.40326014802717;-547.079200195611;116.778128045579;"T8";47.970322414767;3;2;3;"S-10";3;"S-4"
-3.45781926202274;2.75450656131784;-547.649105618013;117.161003036115;"T8";48.1296372483484;3;2;3;"S-10";3;"S-4"
-4.36497700832377;2.24607764461481;-548.167867836148;117.57425017986;"T8";48.2796630822122;3;2;3;"S-10";3;"S-4"
-4.92973419606852;2.4883945574596;-549.370973251482;118.193329770049;"T8";48.5552900587209;3;2;3;"S-10";3;"S-4"
-4.63572102692422;2.5038293282488;-549.635761736206;118.326987731728;"T8";48.6090025864542;3;2;3;"S-10";3;"S-4"
-4.03276976532817;2.72386095508567;-549.895235163526;118.467133606221;"T8";48.6649752012454;3;2;3;"S-10";3;"S-4"
-4.13282647484734;2.62124083113573;-550.334463988583;118.763802723612;"T8";48.7738901283592;3;2;3;"S-10";3;"S-4"
-4.10440439279137;2.91347067257517;-550.718105404;119.007126886561;"T8";48.8667179830372;3;2;3;"S-10";3;"S-4"
-4.2076409753312;3.04660584362444;-550.874286873152;119.117990750456;"T8";48.9047701470554;3;2;3;"S-10";3;"S-4"
-4.28757884255574;2.90920525865109;-551.085290604577;119.270771181333;"T8";48.954917897936;3;2;3;"S-10";3;"S-4"
-3.74636936680957;3.08563958378571;-551.433105791531;119.506770519907;"T8";49.0360394818708;3;2;3;"S-10";3;"S-4"
-3.54658833115916;3.37452916682044;-552.462203654447;120.354371167492;"T8";49.3107315269299;3;2;3;"S-10";3;"S-4"
-3.58788014139452;3.32908358988664;-552.643058782533;120.526452291014;"T8";49.3617256404832;3;2;3;"S-10";3;"S-4"
-3.89628990455612;2.99933821181742;-552.756709782021;120.631905556581;"T8";49.3934020050801;3;2;3;"S-10";3;"S-4"
-3.83807318837904;3.00582186743856;-552.773388569885;120.644744777222;"T8";49.397682689596;3;2;3;"S-10";3;"S-4"
-3.89036152928547;2.99665790347953;-552.858460802433;120.711369868604;"T8";49.419848038815;3;2;3;"S-10";3;"S-4"
-4.2020764198449;2.92697116365921;-553.074616097895;120.877869426459;"T8";49.4754097890109;3;2;3;"S-10";3;"S-4"
-4.47697466136247;2.85575038628911;-553.21842839105;120.978042386916;"T8";49.5096338912845;3;2;3;"S-10";3;"S-4"
-4.21196922361454;2.77941705042676;-553.48661111783;121.149109454195;"T8";49.5695365592837;3;2;3;"S-10";3;"S-4"
-4.43016636049382;2.60364043377588;-553.966207188476;121.465587905318;"T8";49.68340160558;3;2;3;"S-10";3;"S-4"
-4.48245652945916;2.62159312160933;-554.034335001502;121.505627107963;"T8";49.6987797669135;3;2;3;"S-10";3;"S-4"
-4.28220867786558;2.2082014458008;-555.26850129471;122.227437089596;"T8";49.9741123407148;3;2;3;"S-10";3;"S-4"
-4.29023698493805;2.28207020522337;-555.379357653951;122.284602256258;"T8";50;3;2;3;"S-10";3;"S-4"
