"Vx";"Vy";"X";"Y";"Traj";"Time";"TrueMovMode";"TrueTrajClust";"firstEstMovMode";"firstSegment";"finalEstMovMode";"finalSegment"
0;0;0;0;"T9";0;1;1;1;"S-1-NA";2;"S-1"
-0.689103259998487;1.245516262601;0;0;"T9";0.0267482595518231;1;1;1;"S-1-NA";2;"S-1"
-2.86384645202155;3.24602210822051;-0.03879716995351;0.0701237520195417;"T9";0.0830492121167481;1;1;3;"S-2-NA";2;"S-1"
-3.28116770658607;3.60707543200537;-0.0737892725931304;0.109785493905581;"T9";0.0952677801251411;1;1;3;"S-2-NA";2;"S-1"
-7.31816442716962;5.99820014451674;-0.407207343209237;0.476320897960658;"T9";0.196883454918861;1;1;1;"S-3-NA";2;"S-1"
-7.73925335760455;6.41392656372396;-0.497937086102288;0.550685878735426;"T9";0.209281337447464;1;1;1;"S-3-NA";2;"S-1"
-7.87949929245912;6.47804265607566;-0.517765312300515;0.567118573318215;"T9";0.211843370925635;1;1;1;"S-3-NA";2;"S-1"
-12.30244160928;7.93096030714819;-1.59986188745352;1.45675223043945;"T9";0.349173997528851;1;1;1;"S-3-NA";2;"S-1"
-17.8744427055513;8.08420786406793;-4.67361781792136;3.43829679310682;"T9";0.599023257382214;1;1;4;"S-4-NA";2;"S-1"
-19.4125086330743;7.23114336546025;-7.00457172372018;4.4925347465053;"T9";0.729430338833481;1;1;4;"S-4-NA";2;"S-1"
-19.6272600074723;7.14142562620384;-7.26896600279599;4.59102139617753;"T9";0.743050128221512;1;1;4;"S-4-NA";2;"S-1"
-21.6069442139324;5.63084235838732;-12.8600145523967;6.62533782008321;"T9";1.02791151730344;1;1;4;"S-4-NA";2;"S-1"
-21.689796909535;5.60689009592986;-12.9142277692229;6.63946596678768;"T9";1.03042058181018;1;1;4;"S-4-NA";2;"S-1"
-21.7115443316326;5.5959122670106;-12.9923406704457;6.65965843120111;"T9";1.03402194799855;1;1;4;"S-4-NA";2;"S-1"
-21.8276511527886;4.93194482655543;-15.3940346388903;7.27866869294669;"T9";1.14464024081826;1;1;4;"S-4-NA";2;"S-1"
-21.9174012927614;4.54141808856603;-17.2103679785257;7.68906813331755;"T9";1.2278527370654;1;1;4;"S-4-NA";2;"S-1"
-21.8146561259177;4.25485331391986;-18.4400547999032;7.94386667896991;"T9";1.28395823994651;1;1;4;"S-4-NA";2;"S-1"
-21.8455780955292;3.97991325706765;-18.8322167355352;8.02035615016698;"T9";1.30193523364142;1;1;4;"S-4-NA";2;"S-1"
-21.7333266897905;4.03212037588442;-20.3735250508023;8.30115775543169;"T9";1.37248993851244;1;1;4;"S-4-NA";2;"S-1"
-21.7262091745904;4.01294427915322;-20.8463954917617;8.38888802182674;"T9";1.39424778753892;1;1;4;"S-4-NA";2;"S-1"
-21.9026366973496;3.62333560535492;-22.3602773869545;8.66850991268713;"T9";1.4639277709648;1;1;2;"S-5";2;"S-1"
-22.2840728748238;3.22058940031285;-24.8681647035587;9.0833876981352;"T9";1.57842938788235;1;1;2;"S-5";2;"S-1"
-22.0048291915779;2.86931008453948;-26.2510965197687;9.28325491153285;"T9";1.6404885915108;1;1;2;"S-5";2;"S-1"
-21.587758567204;2.4929197660732;-35.606786278887;10.5031859884773;"T9";2.06565388944;1;1;2;"S-5";2;"S-1"
-21.5776614850942;2.50416590218447;-35.7861899606437;10.5239032381615;"T9";2.07396432524547;1;1;2;"S-5";2;"S-1"
-22.1081721318856;2.51657089065257;-38.1380056743126;10.7968399844562;"T9";2.18295740196481;1;1;2;"S-5";2;"S-1"
-21.7788556473107;2.33327393499519;-40.5951986990784;11.0765420060413;"T9";2.29410150786862;1;1;2;"S-5";2;"S-1"
-21.7212756975856;2.49631168918642;-42.829869299295;11.3159530545015;"T9";2.39670885493979;1;1;2;"S-5";2;"S-1"
-22.1712448194331;2.27804870751228;-44.0838660473511;11.4600682889821;"T9";2.45444012107328;1;1;2;"S-5";2;"S-1"
-21.8840336810997;2.31023749668853;-46.1995800340033;11.6774534449357;"T9";2.54986615618691;1;1;2;"S-5";2;"S-1"
-21.8323059293824;2.67902996144666;-49.0631021691052;11.979747633727;"T9";2.68071598839015;1;1;2;"S-5";2;"S-1"
-21.7184020433198;2.61945298379498;-49.7298752731929;12.0615669857055;"T9";2.71125665167347;1;1;2;"S-5";2;"S-1"
-21.8806352045715;2.33677265742886;-55.3005019818215;12.7334393787305;"T9";2.96775004826486;1;1;2;"S-5";2;"S-1"
-21.7131143098338;2.21730876657568;-56.0657189621685;12.8151617830372;"T9";3.00272238673642;1;1;2;"S-5";2;"S-1"
-21.5715805499157;2.1725967745697;-56.8293345634279;12.8931409960974;"T9";3.03789079189301;1;1;2;"S-5";2;"S-1"
-21.3943870399189;1.9703133933114;-60.7241572864745;13.2854107820795;"T9";3.21844421559945;1;1;2;"S-5";2;"S-1"
-21.226718578784;2.09608832302039;-61.2237728291952;13.3314228128749;"T9";3.24179686140269;1;1;2;"S-5";2;"S-1"
-21.1114915275251;2.6483647869448;-63.9444136638539;13.6000796692559;"T9";3.36996744154021;1;1;2;"S-5";2;"S-1"
-20.8500602518688;2.89674123100686;-65.7146276737629;13.8221469942049;"T9";3.45381817314774;1;1;2;"S-5";2;"S-1"
-21.1443547666503;3.12367467909389;-66.7431665504825;13.9650439899879;"T9";3.50314843235537;1;1;2;"S-5";2;"S-1"
-21.9869173835699;2.68596816252561;-70.0011873861608;14.4463543586741;"T9";3.65723309805617;1;1;2;"S-5";2;"S-1"
-21.9876432589613;2.54313311541419;-70.7911393177637;14.5428565513733;"T9";3.69316136930138;1;1;2;"S-5";2;"S-1"
-21.9878224835245;2.31332510823737;-75.0109462592167;15.0309275395675;"T9";3.88507856987417;1;1;2;"S-5";2;"S-1"
-21.9520159901027;2.20649123718431;-75.3428625180752;15.0658482424259;"T9";3.90017402824014;1;1;2;"S-5";2;"S-1"
-21.8328287952362;2.40045860833558;-76.6297572494048;15.1951995488908;"T9";3.95879710558802;1;1;2;"S-5";2;"S-1"
-22.0079482129886;2.29833461492665;-76.9354260425058;15.2288069798188;"T9";3.9727975265123;1;1;2;"S-5";2;"S-1"
-21.9695154414128;2.40216284493266;-77.0090599713398;15.2364967201723;"T9";3.97614331450313;1;1;2;"S-5";2;"S-1"
-21.7389793849972;2.31898227720246;-78.1530635511996;15.3615829061348;"T9";4.02821563184261;1;1;2;"S-5";2;"S-1"
-21.6709551487012;2.46507943525786;-81.1354988527231;15.6797309886482;"T9";4.1654086089693;1;1;2;"S-5";2;"S-1"
-21.4467745431762;2.51073669862914;-81.4796420434082;15.7188774081909;"T9";4.1812889976427;1;1;2;"S-5";2;"S-1"
-21.4634935178087;2.53423978286717;-81.5758169537742;15.7301364381423;"T9";4.18577335076407;1;1;2;"S-5";2;"S-1"
-21.7500587625471;2.23822498270814;-85.5271270273674;16.1966759217839;"T9";4.36986780259758;1;1;2;"S-5";2;"S-1"
-21.972379469428;2.03287218025061;-88.6040601198284;16.5133126993143;"T9";4.51133560854942;1;1;2;"S-5";2;"S-1"
-21.6943305979285;1.95265313476135;-89.5453297476467;16.600398435439;"T9";4.554174374789;1;1;2;"S-5";2;"S-1"
-21.7433488515364;1.79350695148272;-91.1136218175897;16.7415565326097;"T9";4.62646478554234;1;1;2;"S-5";2;"S-1"
-21.5068317010367;2.09789722197483;-92.896441667937;16.8886129872833;"T9";4.70845858799294;1;1;2;"S-5";2;"S-1"
-21.3846779262018;2.15765748934408;-94.2014288174364;17.0159087672338;"T9";4.76913638412952;1;1;2;"S-5";2;"S-1"
-21.3142547098243;2.1187018228938;-94.2895590074575;17.0248008705048;"T9";4.77325756801292;1;1;2;"S-5";2;"S-1"
-21.3405798600265;2.08200502683673;-95.1379070463595;17.1091292489041;"T9";4.8130594776012;1;1;2;"S-5";2;"S-1"
-21.4147379213382;2.204012829429;-95.3963546159787;17.1343436124617;"T9";4.82517009368166;1;1;2;"S-5";2;"S-1"
-21.5066105947612;2.27118983942149;-95.4994510350417;17.1449543344382;"T9";4.82998436782509;1;1;2;"S-5";2;"S-1"
-21.5595662741907;2.16175036192666;-97.4560880431445;17.3515835507278;"T9";4.92096276720986;1;1;2;"S-5";2;"S-1"
-21.2581198330072;2.20954732593468;-98.3948165265078;17.4457086649742;"T9";4.96450392529368;1;1;2;"S-5";2;"S-1"
-21.5333204003637;2.07391888145145;-99.4056861804252;17.5507774273213;"T9";5.01205609180033;1;1;2;"S-5";2;"S-1"
-21.1638287341647;2.33875895523461;-100.550058013615;17.6609942591024;"T9";5.0652003264986;1;1;2;"S-5";2;"S-1"
-21.2590431329607;2.16080088656262;-101.270012601246;17.7405545437906;"T9";5.09921849006787;1;1;2;"S-5";2;"S-1"
-21.5490530467999;2.02306169962742;-101.638865005411;17.7780452528947;"T9";5.11656886665151;1;1;2;"S-5";2;"S-1"
-21.5072709454744;2.05513635306422;-101.710640455484;17.7847836540533;"T9";5.11989966034889;1;1;2;"S-5";2;"S-1"
-21.4773744006453;2.30560008580161;-108.964968238024;18.4779740072478;"T9";5.4571961867623;1;1;2;"S-5";2;"S-1"
-21.2174108678115;2.38619326976329;-110.206606458904;18.6112640982614;"T9";5.51500763976946;1;1;2;"S-5";2;"S-1"
-21.2615099223765;2.45384009320324;-110.421787223765;18.6354641713095;"T9";5.52514934679493;1;1;2;"S-5";2;"S-1"
-21.238449003459;2.35984460976849;-113.542022213717;18.9955777167028;"T9";5.67190444562584;1;1;2;"S-5";2;"S-1"
-21.0042593473136;2.40625814102826;-114.41645117368;19.0927371875971;"T9";5.71307642385364;1;1;2;"S-5";2;"S-1"
-20.9721425123626;2.37026223080741;-114.672442472574;19.1220636749925;"T9";5.72526401374489;1;1;2;"S-5";2;"S-1"
-21.0136129925937;2.38355877886115;-114.938651790434;19.1521505338453;"T9";5.73795748641714;1;1;2;"S-5";2;"S-1"
-21.0754070523337;2.31827462915388;-115.038124973905;19.163433704417;"T9";5.74269123608246;1;1;2;"S-5";2;"S-1"
-21.0054922530319;2.60106368603467;-115.782980920201;19.2453671464799;"T9";5.77803365886211;1;1;2;"S-5";2;"S-1"
-21.001349515386;2.65418129364788;-115.818020255451;19.2497059899311;"T9";5.77970176236704;1;1;2;"S-5";2;"S-1"
-20.8729658362857;2.72011582266068;-116.184389020335;19.2960082107298;"T9";5.79714677296579;1;1;2;"S-5";2;"S-1"
-21.5568761590016;2.8513323102386;-121.480860112895;19.9862318682655;"T9";6.05089466553181;1;1;2;"S-5";2;"S-1"
-21.7787339344432;2.95838564119418;-122.499011674192;20.1209029784037;"T9";6.09812560724095;1;1;2;"S-5";2;"S-1"
-21.7693640367302;2.65408086494752;-123.610703569827;20.2719132874224;"T9";6.14917044294998;1;1;2;"S-5";2;"S-1"
-21.5766838842037;2.8428854750819;-124.439165454788;20.3729178382446;"T9";6.18722676299512;1;1;2;"S-5";2;"S-1"
-22.0700289433142;1.99981529238945;-134.064589138634;21.6411376133115;"T9";6.63332977565005;1;1;2;"S-5";2;"S-1"
-21.966201023843;2.06400398609971;-134.260979977271;21.6589330318586;"T9";6.6422283067368;1;1;2;"S-5";2;"S-1"
-21.5101064163401;2.04951651411447;-135.616646286992;21.7863151251048;"T9";6.7039443179965;1;1;2;"S-5";2;"S-1"
-21.4313027770202;2.03386004443592;-135.768261889791;21.8007612963937;"T9";6.71099289320409;1;1;2;"S-5";2;"S-1"
-21.4773140284509;2.00163347892015;-136.127670068965;21.8348696258253;"T9";6.72776313731447;1;1;2;"S-5";2;"S-1"
-21.304681093797;2.11192596053538;-136.70356225189;21.8885413778918;"T9";6.75457711331546;1;1;2;"S-5";2;"S-1"
-21.3350538513677;2.12519536074359;-137.812405436898;21.9984606345225;"T9";6.80662404047325;1;1;2;"S-5";2;"S-1"
-20.8541775825823;2.46505866256326;-141.131894368006;22.32911658344;"T9";6.96221253601834;1;1;2;"S-5";2;"S-1"
-20.7083657677099;2.46697140669771;-141.939219139551;22.4245460442143;"T9";7.00092539191246;1;1;2;"S-5";2;"S-1"
-21.2129672784135;2.39693618184793;-143.043525380847;22.556101182465;"T9";7.0542519679293;1;1;2;"S-5";2;"S-1"
-21.2064971173901;2.44702354091047;-144.005898110863;22.6648434431173;"T9";7.09961915854365;1;1;2;"S-5";2;"S-1"
-21.0798670073697;2.51638350495951;-146.32880315856;22.9328840961091;"T9";7.20915658166632;1;1;2;"S-5";2;"S-1"
-21.7916638620639;2.05099436129037;-150.242150510956;23.4000351802835;"T9";7.39480041665956;1;1;2;"S-5";2;"S-1"
-21.7858347446098;1.90225416260725;-150.826035826179;23.4549894736658;"T9";7.42159439250827;1;1;2;"S-5";2;"S-1"
-21.4494086870271;1.93425884383712;-153.510695010549;23.6894034480908;"T9";7.54482396878302;1;1;2;"S-5";2;"S-1"
-21.0430230894823;2.2181163675142;-154.724323780859;23.7988457276594;"T9";7.6014049584046;1;1;2;"S-5";2;"S-1"
-21.1804064788679;1.94178309338757;-155.313012101196;23.8608985607125;"T9";7.62938042171299;1;1;2;"S-5";2;"S-1"
-21.09792594279;1.95847779004038;-160.383192246757;24.3257239216848;"T9";7.86876110360026;1;1;2;"S-5";2;"S-1"
-20.4982544883238;2.91271830054892;-164.052101119646;24.6663013111741;"T9";8.04266013437882;1;1;2;"S-5";2;"S-1"
-20.5919804603056;2.90890086443265;-164.293255255468;24.7005683296202;"T9";8.05442475248128;1;1;2;"S-5";2;"S-1"
-20.7852311491974;3.24260587906682;-167.905807249599;25.2108910564114;"T9";8.2298596506007;1;1;2;"S-5";2;"S-1"
-20.7869446160572;3.34145360306097;-169.72317595859;25.494410177171;"T9";8.31729522906244;1;1;2;"S-5";2;"S-1"
-21.1598589595251;3.30741042939223;-173.557785897766;26.1108149174663;"T9";8.50176726235077;1;1;2;"S-5";2;"S-1"
-21.1539438477795;3.43968120319524;-173.759659633002;26.1423689698169;"T9";8.51130767259747;1;1;2;"S-5";2;"S-1"
-21.3440497640763;3.33928781754455;-174.009495276238;26.1829928351401;"T9";8.52311803027987;1;1;2;"S-5";2;"S-1"
-22.0345649351091;3.12162159920911;-175.583354625577;26.4292239585618;"T9";8.59685564646497;1;1;2;"S-5";2;"S-1"
-22.4775052381736;3.0299136254414;-177.445387016294;26.6930168015975;"T9";8.68136071367189;1;1;2;"S-5";2;"S-1"
-22.6466292480368;2.76049788429259;-178.672253134607;26.8583954025178;"T9";8.73594266595319;1;1;2;"S-5";2;"S-1"
-22.9095836955716;2.63241593018162;-179.62681266217;26.9747508886879;"T9";8.7780928472057;1;1;4;"S-6-NA";2;"S-1"
-22.8737935198885;2.62089245251508;-179.753678848331;26.9893283936261;"T9";8.78363053780049;1;1;4;"S-6-NA";2;"S-1"
-22.7207756023767;2.51875514210867;-180.839996060928;27.1137992463098;"T9";8.83112231967971;1;1;2;"S-7";2;"S-1"
-21.8212585271216;2.11436760410919;-184.368050737571;27.5049085118538;"T9";8.98640111554414;1;1;2;"S-7";2;"S-1"
-21.7395679860707;2.1430955318047;-184.611160206995;27.5284645677872;"T9";8.99754206184298;1;1;2;"S-7";2;"S-1"
-21.7324880735319;2.1184926819421;-184.758224822255;27.5429622579001;"T9";9.00430689798668;1;1;2;"S-7";2;"S-1"
-21.825153765944;2.27953894575778;-185.506880835312;27.6159415817394;"T9";9.03875560034066;1;1;2;"S-7";2;"S-1"
-21.3399892231083;2.44727100539087;-187.826214647542;27.8581855452822;"T9";9.14502444211394;1;1;2;"S-7";2;"S-1"
-21.6672708310803;2.43060563783554;-188.861402551725;27.9769009446458;"T9";9.19353374047205;1;1;2;"S-7";2;"S-1"
-21.4894308593926;2.47590003170797;-191.741424751705;28.2999780064012;"T9";9.3264541355893;1;1;2;"S-7";2;"S-1"
-21.8225577098334;2.40317375859347;-192.741966011499;28.4152551467339;"T9";9.37301382655278;1;1;2;"S-7";2;"S-1"
-21.2784645623081;2.15218210085653;-205.1719860397;29.7840909334347;"T9";9.94260883890092;1;1;2;"S-7";2;"S-1"
-21.3645803388838;2.24797113586568;-205.46642649603;29.8138717232105;"T9";9.95644632494077;1;1;2;"S-7";2;"S-1"
-21.6647606573245;2.30733619065627;-206.610325429409;29.9342322331665;"T9";10.0099881645292;1;1;2;"S-7";2;"S-1"
-21.685365270597;2.26012110049938;-208.963034711085;30.1848000265323;"T9";10.1185842999257;1;1;2;"S-7";2;"S-1"
-21.7541090553369;2.07899669259435;-210.040987083831;30.297147818353;"T9";10.1682930486277;1;1;2;"S-7";2;"S-1"
-21.582810784947;2.1661985828429;-210.667363816074;30.3570093898537;"T9";10.1970865391195;1;1;2;"S-7";2;"S-1"
-21.3711139539047;2.3875156162879;-211.33840564853;30.4243597401385;"T9";10.2281780331396;1;1;2;"S-7";2;"S-1"
-21.5070339550247;2.37338290936046;-211.625806776412;30.4564673168627;"T9";10.2416261448525;1;1;2;"S-7";2;"S-1"
-21.4445366514599;2.44725329785773;-211.693904723615;30.4639821840634;"T9";10.2447924553417;1;1;2;"S-7";2;"S-1"
-21.6866411220849;2.13474151561312;-213.158317097825;30.6311011137216;"T9";10.313080821652;1;1;2;"S-7";2;"S-1"
-22.0833657763585;2.04105546698932;-214.663841949405;30.779298632432;"T9";10.3825025842525;1;1;2;"S-7";2;"S-1"
-22.2688278265289;1.97778944376244;-214.931918826673;30.8040756424885;"T9";10.3946418967098;1;1;2;"S-7";2;"S-1"
-22.2011595807603;1.91211405366961;-215.929251040622;30.8926529641166;"T9";10.4394279187545;1;1;2;"S-7";2;"S-1"
-22.2206008243861;1.8631542782619;-216.064634174014;30.9043130754296;"T9";10.4455259395763;1;1;2;"S-7";2;"S-1"
-22.2149189052402;1.59803467060998;-218.660149970984;31.1219420405345;"T9";10.5623326729983;1;1;2;"S-7";2;"S-1"
-22.1517117107858;1.57085814271382;-218.819935418518;31.1334362389202;"T9";10.5695253820159;1;1;2;"S-7";2;"S-1"
-22.1174834772038;1.58798362312522;-218.928291122222;31.1411201344898;"T9";10.5744169093668;1;1;2;"S-7";2;"S-1"
-22.3566775154394;1.43344388946911;-219.465468893481;31.1796882430336;"T9";10.5987043818459;1;1;2;"S-7";2;"S-1"
-22.3093909374781;1.38522053012017;-220.967268669158;31.275979192803;"T9";10.6658789329231;1;1;2;"S-7";2;"S-1"
-22.0849473150337;1.50325182526105;-224.76548827894;31.5118158320067;"T9";10.8361309859902;1;1;2;"S-7";2;"S-1"
-21.4570588442491;1.15008843027649;-231.130811413294;31.9450830471646;"T9";11.1243509687483;1;1;2;"S-7";2;"S-1"
-21.1809503591194;1.28779182279496;-233.084293411352;32.0497887787855;"T9";11.2153924303129;1;1;2;"S-7";2;"S-1"
-21.0125114318546;1.41020685989236;-233.467743779623;32.0731023808825;"T9";11.2334959791042;1;1;2;"S-7";2;"S-1"
-20.9641446702535;1.43296396876963;-233.600784077778;32.0820310775643;"T9";11.2398274592124;1;1;2;"S-7";2;"S-1"
-20.9507965127663;1.50678397692031;-234.528414518142;32.1454374801762;"T9";11.2840758869424;1;1;2;"S-7";2;"S-1"
-21.1320982618267;1.5904482276486;-234.983538306906;32.1781700415377;"T9";11.3057993468828;1;1;2;"S-7";2;"S-1"
-20.8820241402319;1.70635762777888;-236.805020962736;32.3152588353604;"T9";11.3919944153167;1;1;2;"S-7";2;"S-1"
-20.9349501421994;2.48274830401736;-243.444756137637;32.8578193977867;"T9";11.7099585710093;1;1;2;"S-7";2;"S-1"
-21.2898230245585;3.07255028741657;-250.332362823884;33.6746445491659;"T9";12.0389589574188;1;1;2;"S-7";2;"S-1"
-21.3285167693308;3.05207510697457;-250.481590748916;33.6961811445344;"T9";12.0459683123045;1;1;2;"S-7";2;"S-1"
-21.3097975932009;2.97872523177042;-255.571394492966;34.4245235545861;"T9";12.2846067417413;1;1;2;"S-7";2;"S-1"
-21.3119549464265;2.91889492749546;-256.56566810029;34.5635050661873;"T9";12.3312647920102;1;1;2;"S-7";2;"S-1"
-21.3258096524083;2.972962625821;-256.62470489794;34.5715907725259;"T9";12.3340349178761;1;1;2;"S-7";2;"S-1"
-21.3514191698018;2.87933028951152;-257.355916867729;34.6735266846045;"T9";12.3683225712739;1;1;2;"S-7";2;"S-1"
-21.6080450135481;2.74037273972538;-258.976726126594;34.892099752533;"T9";12.444233649876;1;1;2;"S-7";2;"S-1"
-21.6594971313156;2.73980464884832;-259.414740884928;34.9476496045711;"T9";12.4645045609213;1;1;2;"S-7";2;"S-1"
-21.5083944797129;2.68454309360534;-260.45083977076;35.0787102901844;"T9";12.512340338435;1;1;2;"S-7";2;"S-1"
-21.517047101391;2.62679546556636;-260.881682734023;35.1324854105239;"T9";12.5323717249557;1;1;2;"S-7";2;"S-1"
-21.8343757711797;2.7722197296038;-264.475096539111;35.5711684251882;"T9";12.6993748359382;1;1;2;"S-7";2;"S-1"
-21.9905947763496;2.73828435281801;-265.915447054566;35.7540437296316;"T9";12.7653419389389;1;1;2;"S-7";2;"S-1"
-21.9048072541144;2.69255850881991;-266.414024994954;35.8161270059919;"T9";12.788014265243;1;1;2;"S-7";2;"S-1"
-21.9417021774073;2.53682267785603;-266.655918129792;35.8458607265801;"T9";12.7990571898408;1;1;2;"S-7";2;"S-1"
-21.5426413413312;2.72194632247604;-269.796660691297;36.2089823700566;"T9";12.9421975230798;1;1;2;"S-7";2;"S-1"
-21.4859770479416;2.72862093073146;-270.664217803051;36.3185995638102;"T9";12.9824691452086;1;1;2;"S-7";2;"S-1"
-21.8254994031774;2.4861776278746;-271.715395593082;36.4520943410502;"T9";13.0313930450939;1;1;2;"S-7";2;"S-1"
-21.9089637205869;2.46773949291985;-271.844966871017;36.4668540130497;"T9";13.0373297375627;1;1;2;"S-7";2;"S-1"
-22.0579991260627;2.36383325640417;-272.503340834902;36.5410106665779;"T9";13.0673801759258;1;1;2;"S-7";2;"S-1"
-22.00240265187;1.98801035747948;-275.201342273162;36.8301404960397;"T9";13.1896941456944;1;1;2;"S-7";2;"S-1"
-22.2509279253027;1.75891847029383;-276.098523583283;36.9112046309562;"T9";13.2304706610739;1;1;2;"S-7";2;"S-1"
-22.1911037946284;1.80886025328954;-276.150338851107;36.9153005874001;"T9";13.2327993400395;1;1;2;"S-7";2;"S-1"
-21.6770542466486;1.70112857801729;-278.15136027567;37.078409559102;"T9";13.3229715749621;1;1;2;"S-7";2;"S-1"
-21.6517944921886;1.69468764974884;-278.223210794391;37.0840481006377;"T9";13.3262861636467;1;1;2;"S-7";2;"S-1"
-21.5718422149503;1.5484816952027;-280.534032919042;37.2649163292192;"T9";13.4330127504654;1;1;2;"S-7";2;"S-1"
-21.5656154341652;1.63437619023468;-280.806942407087;37.2845064663282;"T9";13.4456639410928;1;1;2;"S-7";2;"S-1"
-21.5255560841131;1.62746088835702;-280.883511218157;37.2903093260754;"T9";13.4492144454271;1;1;2;"S-7";2;"S-1"
-20.8983383727103;2.49870460887692;-288.283647293112;37.8498039093256;"T9";13.7929981807247;1;1;2;"S-7";2;"S-1"
-20.6008663849417;2.57635344558791;-289.236970331388;37.9637877403368;"T9";13.8386153499596;1;1;2;"S-7";2;"S-1"
-20.5203543672361;2.6308227908223;-289.497738995025;37.9963995845432;"T9";13.8512734905817;1;1;2;"S-7";2;"S-1"
-20.5632035314212;2.46636812262821;-290.385688245021;38.1102395837058;"T9";13.8945451239124;1;1;2;"S-7";2;"S-1"
-20.3193824384866;2.64268774902217;-292.61782470661;38.377963929565;"T9";14.0030951588415;1;1;2;"S-7";2;"S-1"
-20.6013002575152;2.75801854195285;-293.716140870934;38.5208081661356;"T9";14.0571477939375;1;1;2;"S-7";2;"S-1"
-20.2308875567039;2.74608571600423;-294.821511213621;38.6687906654317;"T9";14.1108031617478;1;1;2;"S-7";2;"S-1"
-20.2631483372369;2.89708431225337;-296.161623888181;38.8506939192128;"T9";14.177044085227;1;1;2;"S-7";2;"S-1"
-20.2692724784127;2.90997933640899;-296.271428814395;38.8663930654585;"T9";14.1824630321935;1;1;2;"S-7";2;"S-1"
-20.6171042425753;3.2917233673111;-298.844169348967;39.2357512553747;"T9";14.3093911465257;1;1;2;"S-7";2;"S-1"
-20.9161132104155;3.27933414045431;-299.236398223006;39.2983744508932;"T9";14.3284155870788;1;1;2;"S-7";2;"S-1"
-21.1710701716673;3.38779990592703;-303.220678336557;39.9230500619908;"T9";14.5189041388221;1;1;2;"S-7";2;"S-1"
-21.9682794711472;3.16188257976814;-304.80621231099;40.1767676022886;"T9";14.5937956753187;1;1;2;"S-7";2;"S-1"
-21.7355447909416;2.64220902766418;-308.109141426457;40.6521564030419;"T9";14.7441455977969;1;1;2;"S-7";2;"S-1"
-21.6456887940726;2.59042243892146;-311.596339080324;41.0760659581472;"T9";14.9045831523836;1;1;2;"S-7";2;"S-1"
-21.9777237619562;2.31671033276561;-312.72535329035;41.2111794105919;"T9";14.9567420012318;1;1;2;"S-7";2;"S-1"
-22.0478237595787;2.33709764902249;-313.822630334528;41.3268453045529;"T9";15.00666878419;1;1;2;"S-7";2;"S-1"
-22.0004926335107;2.36438494202285;-315.10308092437;41.4625747124002;"T9";15.0647448375821;1;1;2;"S-7";2;"S-1"
-21.6396890915889;2.53910468778546;-315.975841734255;41.5563699992265;"T9";15.1044148951769;1;1;2;"S-7";2;"S-1"
-21.1890769711125;2.87529484487141;-317.699144722697;41.7585746925521;"T9";15.1840511127375;1;1;2;"S-7";2;"S-1"
-21.0911309978331;2.85994956175728;-319.160182418935;41.9568331708182;"T9";15.2530035120435;1;1;2;"S-7";2;"S-1"
-21.1793183268249;2.82211609979894;-319.618284781336;42.0189516817091;"T9";15.2747236541472;1;1;2;"S-7";2;"S-1"
-20.9752092909226;2.73965347733992;-320.372788578542;42.1194883128035;"T9";15.3103482094593;1;1;2;"S-7";2;"S-1"
-21.2787051493623;2.5172647677819;-325.826437996439;42.8318106255253;"T9";15.5703527387232;1;1;2;"S-7";2;"S-1"
-21.5715124101214;2.41689252413806;-329.168305390056;43.2271525878065;"T9";15.7274049357511;1;1;2;"S-7";2;"S-1"
-21.6295367976706;2.37464155443644;-329.247385800637;43.2360128313307;"T9";15.7310709008016;1;1;2;"S-7";2;"S-1"
-21.7659068049176;2.04707658218565;-330.680127659272;43.3933092351382;"T9";15.7973109628074;1;1;2;"S-7";2;"S-1"
-21.8125174701469;2.01689110770744;-330.828030275992;43.4072194289953;"T9";15.8041061135009;1;1;2;"S-7";2;"S-1"
-21.8108952904185;1.79387817178999;-332.193268110992;43.5334559376002;"T9";15.8666957635432;1;1;2;"S-7";2;"S-1"
-21.8925435442961;1.56140021341324;-333.013128641833;43.60088691146;"T9";15.9042852581479;1;1;2;"S-7";2;"S-1"
-21.8080274838128;1.72937024021494;-336.29017376361;43.8346093632233;"T9";16.0539729869924;1;1;2;"S-7";2;"S-1"
-21.8002259642469;1.70978982708781;-336.368880778105;43.8408508065939;"T9";16.0575820715167;1;1;2;"S-7";2;"S-1"
-21.2825391353505;1.8751063223546;-340.252698011471;44.145458254552;"T9";16.235736978706;1;1;2;"S-7";2;"S-1"
-21.6430594131294;2.22842598478748;-343.368423029985;44.4199704095058;"T9";16.3821351598017;1;1;2;"S-7";2;"S-1"
-21.4829074871508;2.3224669132463;-343.911489823189;44.4758859864281;"T9";16.4072271203622;1;1;2;"S-7";2;"S-1"
-21.5943497033536;2.191703950995;-344.560361350561;44.5460339705486;"T9";16.4374312036671;1;1;2;"S-7";2;"S-1"
-21.1284500142872;2.35850408719178;-345.422715521564;44.6335580252067;"T9";16.4773654541932;1;1;2;"S-7";2;"S-1"
-20.7715118063156;2.18365922998491;-348.029273538283;44.92452010391;"T9";16.600732668303;1;1;2;"S-7";2;"S-1"
-21.0058252009493;2.04790044372876;-350.876367268591;45.2238282409773;"T9";16.7377999052405;1;1;2;"S-7";2;"S-1"
-21.0910087295436;2.09100446950233;-351.23756506097;45.259042145321;"T9";16.754995030351;1;1;2;"S-7";2;"S-1"
-21.1030100443358;2.09863641780992;-351.282012920222;45.2634487943128;"T9";16.7571024619974;1;1;2;"S-7";2;"S-1"
-21.198120753108;2.23641331166116;-352.135913048009;45.3483668179304;"T9";16.7975658900104;1;1;2;"S-7";2;"S-1"
-20.835932821757;2.49477266607973;-357.754804246083;45.9411629067208;"T9";17.0626314240508;1;1;2;"S-7";2;"S-1"
-21.0693422971307;3.01897874956987;-359.233135366538;46.1181696240238;"T9";17.133582464885;1;1;2;"S-7";2;"S-1"
-21.2872599830303;2.96818984214026;-359.693633018156;46.1841532985427;"T9";17.1554387547076;1;1;2;"S-7";2;"S-1"
-21.3735534761464;3.02064128430344;-359.87861699874;46.2099465463617;"T9";17.1641286462545;1;1;2;"S-7";2;"S-1"
-21.2862490070993;3.03820904251917;-360.243344163633;46.2614920197436;"T9";17.1811930602416;1;1;2;"S-7";2;"S-1"
-21.3703708391945;3.11114179742708;-360.656721310931;46.3204937812316;"T9";17.2006129752845;1;1;2;"S-7";2;"S-1"
-20.9664114109171;3.74113496535635;-363.612847759461;46.7508526468641;"T9";17.3389412462711;1;1;2;"S-7";2;"S-1"
-21.3126651055644;3.37752272644854;-368.139097451245;47.5584925739834;"T9";17.5548222381622;1;1;2;"S-7";2;"S-1"
-21.525460129418;3.34796770459548;-368.454186638746;47.6084263052353;"T9";17.569606367033;1;1;2;"S-7";2;"S-1"
-21.5418147300732;3.49017782485377;-368.941271165772;47.6841851162474;"T9";17.5922346650623;1;1;2;"S-7";2;"S-1"
-21.7635961332726;3.29408396498599;-370.22712266149;47.8925171640643;"T9";17.6519256201573;1;1;2;"S-7";2;"S-1"
-21.8512283943538;3.39128077228616;-370.585326058436;47.9467339423421;"T9";17.6683844532818;1;1;2;"S-7";2;"S-1"
-21.7088473137635;3.27966938942367;-371.344274603606;48.0645217189347;"T9";17.7031169878319;1;1;2;"S-7";2;"S-1"
-21.7266622406409;3.3120248082346;-371.877459326037;48.1450727305933;"T9";17.7276776987128;1;1;2;"S-7";2;"S-1"
-21.9171556874481;3.18652525214452;-374.924973695576;48.6096375626678;"T9";17.8679438075051;1;1;2;"S-7";2;"S-1"
-22.0059727888847;2.887583322668;-376.567649976785;48.8484655167062;"T9";17.9428931442089;1;1;2;"S-7";2;"S-1"
-21.7058688467017;2.9092701793482;-379.237794349524;49.1988369560334;"T9";18.0642304010689;1;1;2;"S-7";2;"S-1"
-21.7462861278022;2.8965339176991;-379.396153640054;49.2200620894208;"T9";18.0715260910802;1;1;2;"S-7";2;"S-1"
-21.5392837322639;2.66327671907139;-382.04492411621;49.5728696207526;"T9";18.1933294399641;1;1;2;"S-7";2;"S-1"
-21.7902979915424;2.47187085635412;-382.920314604264;49.6811093902784;"T9";18.2339710183442;1;1;2;"S-7";2;"S-1"
-21.7708201344544;2.13889276463377;-385.377466928191;49.9598464328602;"T9";18.3467346127145;1;1;2;"S-7";2;"S-1"
-21.7517677694293;2.09857270623297;-386.262930941934;50.0468395989716;"T9";18.3874066686258;1;1;2;"S-7";2;"S-1"
-20.9252932358658;3.23590768204797;-390.642301882893;50.4693536872327;"T9";18.5887406929396;1;1;2;"S-7";2;"S-1"
-20.8744621770985;3.15377111699884;-392.005875260764;50.6802179995628;"T9";18.6539045767859;1;1;2;"S-7";2;"S-1"
-20.9734144364763;3.20385927039513;-392.136189275075;50.6999061989995;"T9";18.6601473251358;1;1;2;"S-7";2;"S-1"
-21.1013228029822;3.32538803875386;-392.722600397315;50.7894852570942;"T9";18.6881070607342;1;1;2;"S-7";2;"S-1"
-21.1764993088295;3.38278089569777;-393.020784256661;50.8364764835912;"T9";18.7022381112911;1;1;2;"S-7";2;"S-1"
-21.2348730895715;3.27974035365017;-394.860537581689;51.1303627539298;"T9";18.7891152338125;1;1;2;"S-7";2;"S-1"
-21.3464023755988;3.26875306216651;-395.465491585799;51.2237983045456;"T9";18.8176039373502;1;1;2;"S-7";2;"S-1"
-21.4941263282651;3.46174720235672;-396.147362249961;51.3282124714982;"T9";18.8495470560156;1;1;2;"S-7";2;"S-1"
-21.6911714534736;3.35326234663748;-396.640037650229;51.4075605530392;"T9";18.8724684529006;1;1;2;"S-7";2;"S-1"
-21.5978595428916;3.15147758883571;-397.556018352473;51.5491630296813;"T9";18.914696725551;1;1;2;"S-7";2;"S-1"
-21.7059765246499;3.08052353164506;-398.668050824644;51.7114265821016;"T9";18.9661848125979;1;1;2;"S-7";2;"S-1"
-21.7272991798449;3.08091008266296;-399.55147740348;51.8368029438375;"T9";19.0068845055066;1;1;2;"S-7";2;"S-1"
-21.636744483529;2.99641186152795;-400.604782141665;51.9861605405241;"T9";19.0553629072383;1;1;2;"S-7";2;"S-1"
-22.0871545979601;2.3018604436113;-407.436626157657;52.9322833946905;"T9";19.3711148458533;1;1;2;"S-7";2;"S-1"
-21.1396955787874;2.19827362813701;-412.563125401783;53.4665525678391;"T9";19.6032180450857;1;1;2;"S-7";2;"S-1"
-21.3602951224622;2.30628623888371;-413.123829703531;53.5248590592983;"T9";19.6297418093309;1;1;2;"S-7";2;"S-1"
-21.3848404350155;2.37019630290144;-413.722948270672;53.5895463166107;"T9";19.6577900438569;1;1;2;"S-7";2;"S-1"
-21.7769005149236;2.14523979468366;-415.212087122981;53.7545955444961;"T9";19.7274253005162;1;1;2;"S-7";2;"S-1"
-21.757714300356;2.07341506982728;-416.321483641317;53.8638820592408;"T9";19.7783690295182;1;1;2;"S-7";2;"S-1"
-21.6511792023646;2.12562869070165;-416.495210307833;53.8804374512003;"T9";19.7863536304794;1;1;2;"S-7";2;"S-1"
-21.385046814388;2.06473864097218;-417.034298528707;53.9333630391509;"T9";19.8112524230964;1;1;2;"S-7";2;"S-1"
-21.6108466837587;1.94027387168775;-418.137826133443;54.0399092677683;"T9";19.8628551908769;1;1;2;"S-7";2;"S-1"
-21.5565195922066;1.92570562404782;-424.60581587729;54.620620967128;"T9";20.1621488668025;1;1;2;"S-7";2;"S-1"
-21.590441494672;1.89972921160272;-424.677287953086;54.6270057723251;"T9";20.1654644333757;1;1;2;"S-7";2;"S-1"
-21.5881180607705;2.18779776112542;-426.731110047957;54.8077202718421;"T9";20.2605908853002;1;1;2;"S-7";2;"S-1"
-21.5158481449762;2.04201739034865;-428.09093208378;54.9455282825788;"T9";20.3235802589916;1;1;2;"S-7";2;"S-1"
-21.3812070921929;2.09309239157299;-428.69006960836;55.0023909837913;"T9";20.351426594425;1;1;2;"S-7";2;"S-1"
-21.6050885000014;1.90735609060262;-429.012542732232;55.0339591753885;"T9";20.3665086766705;1;1;2;"S-7";2;"S-1"
-21.1373154033323;2.08789953938812;-431.776651396185;55.2779822209445;"T9";20.4944465309381;1;1;2;"S-7";2;"S-1"
-21.1906343864242;2.08599938313868;-435.062149496566;55.6025168101083;"T9";20.6498824525625;1;1;2;"S-7";2;"S-1"
-21.2660791692668;2.33245741738709;-437.782643095904;55.8703213442514;"T9";20.7782643381506;1;1;2;"S-7";2;"S-1"
-21.3187748178821;2.37055686776019;-444.571402607012;56.6149105254777;"T9";21.0974938236177;1;1;2;"S-7";2;"S-1"
-21.2131574077241;2.69466036028247;-448.308643808595;57.0304758134725;"T9";21.272796636913;1;1;2;"S-7";2;"S-1"
-21.3916781979487;2.69493484256901;-448.946668084744;57.1115226229027;"T9";21.302873454988;1;1;2;"S-7";2;"S-1"
-21.2967373436668;2.72271281922321;-450.300265343535;57.282049515733;"T9";21.3661502697505;1;1;2;"S-7";2;"S-1"
-21.3689220786222;2.6391161647236;-450.54918370332;57.3138728508378;"T9";21.3778383680619;1;1;2;"S-7";2;"S-1"
-21.4051423288383;2.73801427533136;-452.203662828705;57.5182052260478;"T9";21.4552629156969;1;1;2;"S-7";2;"S-1"
-21.0974426209107;2.62569023688757;-460.262783704723;58.5490784464248;"T9";21.8317668768577;1;1;2;"S-7";2;"S-1"
-21.0985503898745;2.50060177737575;-461.95111584489;58.7592004643733;"T9";21.9117923174053;1;1;2;"S-7";2;"S-1"
-21.1874258543517;2.04445685258094;-465.628548476613;59.1950500561766;"T9";22.086090198718;1;1;2;"S-7";2;"S-1"
-21.044134306965;2.05288360770878;-468.509918507783;59.4730846199572;"T9";22.2220845404081;1;1;2;"S-7";2;"S-1"
-21.1023384371794;2.27157629640966;-471.322045049442;59.7474113466338;"T9";22.3557144869119;1;1;2;"S-7";2;"S-1"
-21.226220917434;2.47580508006169;-473.07753148902;59.9363819385275;"T9";22.4389036768116;1;1;2;"S-7";2;"S-1"
-20.9950890496304;2.59935869152077;-477.330729960615;60.4324707347124;"T9";22.6392784155905;1;1;2;"S-7";2;"S-1"
-21.1129118096158;2.55365231681809;-477.819820272294;60.4930239978873;"T9";22.6625738781877;1;1;2;"S-7";2;"S-1"
-20.8660127832645;2.57092498869996;-478.670942792377;60.5959691063074;"T9";22.7028867695481;1;1;2;"S-7";2;"S-1"
-20.7856039305689;2.40822576503783;-481.039357486027;60.8877841541919;"T9";22.8163926280104;1;1;2;"S-7";2;"S-1"
-20.7983065724806;2.39112024948978;-481.153020276737;60.9009531562585;"T9";22.8218609699979;1;1;2;"S-7";2;"S-1"
-20.7159203449287;2.45382588287218;-481.264900764298;60.9138157274682;"T9";22.8272402775474;1;1;2;"S-7";2;"S-1"
-21.0528525040422;2.4288423245238;-483.690821516734;61.2011689820186;"T9";22.9443444521166;1;1;2;"S-7";2;"S-1"
-21.2103392163799;2.418644977903;-485.84344894125;61.4495150242754;"T9";23.0465931817889;1;1;2;"S-7";2;"S-1"
-21.1844452470197;2.55487540325336;-488.747576872589;61.7806768394951;"T9";23.1835135724396;1;1;2;"S-7";2;"S-1"
-21.0167336508312;2.46949268925402;-490.094768644803;61.9431501581098;"T9";23.2471070135944;1;1;2;"S-7";2;"S-1"
-21.0371499389816;2.48382149837664;-490.743755641703;62.0194069480987;"T9";23.277986550238;1;1;2;"S-7";2;"S-1"
-20.9548501978609;2.447531212631;-491.23712881038;62.0776587020976;"T9";23.3014390221797;1;1;2;"S-7";2;"S-1"
-21.3227552905805;2.4687616838161;-493.70253815697;62.3656190678705;"T9";23.4190924209543;1;1;2;"S-7";2;"S-1"
-21.7013125606862;2.17829256201704;-495.400916491342;62.562258352962;"T9";23.4987433999777;1;1;2;"S-7";2;"S-1"
-21.4348625397118;2.25649002916097;-497.596153100241;62.7826075859247;"T9";23.599900258705;1;1;2;"S-7";2;"S-1"
-21.3666112668924;2.15990693110512;-498.193792560595;62.8455222643289;"T9";23.6277819145471;1;1;2;"S-7";2;"S-1"
-21.2439704026896;2.28339815488262;-500.36061327627;63.0645617284623;"T9";23.7291934434325;1;1;2;"S-7";2;"S-1"
-21.2752353064756;2.2276516528201;-500.444110135049;63.0735363490092;"T9";23.7331238226034;1;1;2;"S-7";2;"S-1"
-21.1038769814758;2.36455920352425;-501.323622675887;63.1656268729001;"T9";23.7744635553099;1;1;2;"S-7";2;"S-1"
-20.9598968264279;2.54206220364286;-502.409158358609;63.2872544483255;"T9";23.8259012927301;1;1;2;"S-7";2;"S-1"
-21.2188295992064;2.46707470348302;-504.676535276926;63.5622468880878;"T9";23.9340782049112;1;1;2;"S-7";2;"S-1"
-21.0960850332405;2.49571619242414;-505.279619517201;63.6323663952122;"T9";23.9625003305264;1;1;2;"S-7";2;"S-1"
-21.1471729318497;2.23674540499382;-507.194915243532;63.8589503585378;"T9";24.053289485164;1;1;2;"S-7";2;"S-1"
-21.0666072270731;2.53689169939451;-509.250366926015;64.0763563503834;"T9";24.1504869540222;1;1;2;"S-7";2;"S-1"
-21.0600308718425;2.53720755151;-510.916453213383;64.2769904832242;"T9";24.2295735515654;1;1;2;"S-7";2;"S-1"
-21.0737665592116;2.57349131552114;-515.254907035413;64.7996657758728;"T9";24.4355777045712;1;1;2;"S-7";2;"S-1"
-20.9411701883564;2.57239983780698;-515.473308235991;64.8263365464447;"T9";24.4459413574077;1;1;2;"S-7";2;"S-1"
-21.1346654066173;2.89341328027966;-519.123231820091;65.2746908051274;"T9";24.6202355134301;1;1;2;"S-7";2;"S-1"
-21.0625657174821;3.15552351293738;-520.193449233628;65.4212074978471;"T9";24.6708735241555;1;1;2;"S-7";2;"S-1"
-21.0970885244066;3.12713253374419;-520.454447550454;65.4603093972371;"T9";24.6832650969736;1;1;2;"S-7";2;"S-1"
-21.2400901168523;3.00688821241957;-521.179082307624;65.5677189538499;"T9";24.7176127159037;1;1;2;"S-7";2;"S-1"
-21.1763063886446;3.06102576606399;-521.248535953034;65.5775512731359;"T9";24.7208826476708;1;1;2;"S-7";2;"S-1"
-21.1820795632526;3.07214131733782;-521.578612000963;65.6252636205552;"T9";24.7364696930163;1;1;2;"S-7";2;"S-1"
-21.9278405061083;2.81564610391793;-523.878478856825;65.9588246371292;"T9";24.8450457584113;1;1;2;"S-7";2;"S-1"
-22.0505416707716;2.75921441261748;-525.705288140653;66.1933962284894;"T9";24.9283557990566;1;1;2;"S-7";2;"S-1"
-22.1432238726262;2.45593097167224;-526.672093929234;66.3143739580112;"T9";24.9722007894889;1;1;2;"S-7";2;"S-1"
-21.8074129659089;2.54365014869976;-528.77097845705;66.5471637065807;"T9";25.0669875531457;1;1;2;"S-7";2;"S-1"
-21.6389329614725;2.41410773043108;-535.25350345798;67.3032953810871;"T9";25.3642500028946;1;1;2;"S-7";2;"S-1"
-21.3239523152317;2.60076841151023;-537.28992695283;67.5304852203506;"T9";25.4583592410199;1;1;2;"S-7";2;"S-1"
-21.1801336456057;2.49487496246006;-537.714292722671;67.5822428435534;"T9";25.4782601376064;1;1;2;"S-7";2;"S-1"
-21.1883927856677;2.63009733477534;-538.675454999351;67.6954611895315;"T9";25.5236405064352;1;1;2;"S-7";2;"S-1"
-21.4691401410246;2.65993912520235;-542.650248427401;68.1888489470243;"T9";25.7112334715202;1;1;2;"S-7";2;"S-1"
-21.1194274694187;2.30280835398648;-543.91133957608;68.3450930101206;"T9";25.7699731853791;1;1;2;"S-7";2;"S-1"
-18.3737852720029;-1.13276589612039;-545.465951977878;68.5146039701718;"T9";25.8435837225989;2;1;1;"S-8-NA";8;"S-2"
-17.0615716043388;-2.76181263831986;-546.13529717413;68.4733380361347;"T9";25.8800130803138;2;1;1;"S-8-NA";8;"S-2"
-11.903375274129;-6.34254444874091;-548.471883690881;68.0951071016028;"T9";26.0169633314945;2;1;1;"S-8-NA";8;"S-2"
-5.18349544931119;-7.829594290676;-550.980990188727;66.7581653415796;"T9";26.2277528294362;2;1;1;"S-8-NA";8;"S-2"
-1.61006179638349;-7.64542535154804;-551.650388750288;65.7470485754829;"T9";26.3568932074122;2;1;1;"S-8-NA";8;"S-2"
1.20814548528678;-6.44688068397771;-551.920682940816;64.4635487363573;"T9";26.5247713541612;2;1;1;"S-8-NA";8;"S-2"
2.07776266859261;-5.89786287119999;-551.833595311489;63.9988335491901;"T9";26.5968550811522;2;1;1;"S-8-NA";8;"S-2"
2.39931055674907;-5.87084090560687;-551.785438404806;63.8621370745594;"T9";26.6200323705561;2;1;1;"S-8-NA";8;"S-2"
2.43675705191477;-5.85503468484587;-551.781095144793;63.851509609732;"T9";26.6218425822444;2;1;1;"S-8-NA";8;"S-2"
3.63226105256409;-4.53080496899632;-551.370828909088;62.8657227672631;"T9";26.7902082530782;2;1;1;"S-8-NA";8;"S-2"
3.73911440937115;-4.32483479937378;-551.29767926582;62.7744774623682;"T9";26.8103471258655;2;1;1;"S-8-NA";8;"S-2"
4.10729982752106;-3.45982648123485;-551.001552208364;62.4319630423999;"T9";26.8895442364737;2;1;1;"S-8-NA";8;"S-2"
4.30579077388145;-2.89374469902013;-550.70982908853;62.1862270558455;"T9";26.9605697598308;2;1;1;"S-8-NA";8;"S-2"
3.81189660968644;-2.12198015694735;-550.12838756741;61.7954641488931;"T9";27.0956068648957;2;1;1;"S-8-NA";8;"S-2"
3.78693661241797;-2.01972344446368;-550.085956885597;61.771844131334;"T9";27.1067379857413;2;1;1;"S-8-NA";8;"S-2"
3.5261283292793;-2.05337972349371;-549.987855126851;61.7195225737373;"T9";27.1326432935894;2;1;1;"S-8-NA";8;"S-2"
3.71561098801122;-1.67847668035379;-549.831570059236;61.6285126730876;"T9";27.1769652958028;2;1;1;"S-8-NA";8;"S-2"
3.65985784917032;-1.59672356412795;-549.683846103675;61.5617803872433;"T9";27.2167229442857;2;1;1;"S-8-NA";8;"S-2"
3.20310558505457;-1.59343772855407;-549.417198461859;61.4454472971198;"T9";27.2895803209394;2;1;8;"S-9-NA";8;"S-2"
3.21533769016171;-1.44327045945256;-549.141875084214;61.3084831397284;"T9";27.375535457395;2;1;8;"S-9-NA";8;"S-2"
3.16352406817477;-1.34415748299618;-549.094149938855;61.2870607265614;"T9";27.3903784225695;2;1;8;"S-9-NA";8;"S-2"
3.29267608144155;-1.33568676811051;-549.021466628145;61.2561781368055;"T9";27.4133538478054;2;1;8;"S-9-NA";8;"S-2"
2.9061891483912;-1.01367673827491;-548.73762290923;61.1410358360786;"T9";27.4995584157296;2;1;8;"S-9-NA";8;"S-2"
3.08193327440159;-0.922725862312658;-548.592875081234;61.090547895114;"T9";27.5493651628494;2;1;8;"S-9-NA";8;"S-2"
2.69424226746889;-0.958060857130725;-548.088977880716;60.9396818842478;"T9";27.7128655230626;2;1;8;"S-9-NA";8;"S-2"
2.6947781673365;-1.01637390003387;-548.040751549223;60.9225328100742;"T9";27.7307652984746;2;1;8;"S-9-NA";8;"S-2"
3.00214231829656;-0.788750430396032;-547.878975631393;60.8615167225426;"T9";27.790798409842;2;1;8;"S-9-NA";8;"S-2"
2.8937115014594;-0.84829459965144;-547.80970918012;60.8433184036554;"T9";27.8138707508333;2;1;8;"S-9-NA";8;"S-2"
2.99567824393624;-0.659557780305183;-547.369143740344;60.7141661771231;"T9";27.9661200125702;2;1;8;"S-9-NA";8;"S-2"
2.98408521270808;-0.713166434078301;-547.324422666503;60.7043199487255;"T9";27.9810485430062;2;1;8;"S-9-NA";8;"S-2"
2.36597970386874;-1.12129403530715;-547.035868009801;60.6353582801108;"T9";28.0777464038692;2;1;8;"S-9-NA";8;"S-2"
2.34462327335463;-1.00642004030543;-546.906468729978;60.5740328847996;"T9";28.1324380310252;2;1;8;"S-9-NA";8;"S-2"
2.18395009850242;-1.07197946117372;-546.845563223899;60.5478894430881;"T9";28.1584147014655;2;1;8;"S-9-NA";8;"S-2"
1.80048253211247;-1.04373327477222;-546.408243336344;60.3332334682361;"T9";28.3586573204957;2;1;1;"S-10-NA";8;"S-2"
1.47535570991544;-1.09488519580952;-546.213456681857;60.2203163423305;"T9";28.4668431268074;2;1;1;"S-10-NA";8;"S-2"
1.60527145437096;-1.2037872595314;-546.176245677552;60.1927014576887;"T9";28.4920648438856;2;1;1;"S-10-NA";8;"S-2"
1.52940217922408;-1.27299687201816;-546.156153449946;60.1776343688534;"T9";28.5045812488534;2;1;1;"S-10-NA";8;"S-2"
1.51091650131834;-1.31946035779449;-546.121197726629;60.1485389961347;"T9";28.5274370573461;2;1;1;"S-10-NA";8;"S-2"
1.53398007505599;-1.34646203963842;-546.092936900021;60.1238592468858;"T9";28.546141483821;2;1;1;"S-10-NA";8;"S-2"
1.86690564113813;-1.47060766889397;-545.845799702745;59.906932795151;"T9";28.7072499631904;2;1;8;"S-11";8;"S-2"
2.30824375760058;-1.39756030634455;-545.610256814119;59.7213898460407;"T9";28.8334175013006;2;1;8;"S-11";8;"S-2"
2.57430316653076;-1.19474550259719;-545.5195578904;59.6664748418516;"T9";28.8727109786123;2;1;8;"S-11";8;"S-2"
2.55354315737151;-1.21712041877212;-545.514683459686;59.6642125969658;"T9";28.8746044738218;2;1;8;"S-11";8;"S-2"
2.61712095776594;-1.02845340565221;-545.265929630374;59.5456466099255;"T9";28.9720196393318;2;1;8;"S-11";8;"S-2"
2.51382317504758;-1.14537822873319;-545.17553096399;59.5101225291478;"T9";29.0065609035082;2;1;8;"S-11";8;"S-2"
2.51073093698435;-1.1162997763023;-545.168147525238;59.5067583983356;"T9";29.0094980387948;2;1;8;"S-11";8;"S-2"
1.99478098208274;-1.19662229899494;-544.973145752523;59.4200583732339;"T9";29.0871653705835;2;1;8;"S-11";8;"S-2"
2.00784207733125;-1.172790383792;-544.86153481673;59.3531055920605;"T9";29.1431168443523;2;1;8;"S-11";8;"S-2"
2.15233756396325;-1.21736661878079;-544.811836583649;59.3240766108937;"T9";29.1678689070977;2;1;8;"S-11";8;"S-2"
2.49841822993911;-1.26573602727956;-544.499111806921;59.1471988244218;"T9";29.3131643207744;2;1;8;"S-11";8;"S-2"
2.40307443389628;-1.19099571974204;-544.420920988019;59.1075861865932;"T9";29.3444604496472;2;1;8;"S-11";8;"S-2"
2.25069861632783;-1.16331116833538;-544.139370279354;58.9680459026218;"T9";29.4616231578402;2;1;8;"S-11";8;"S-2"
2.11734317473599;-1.11263330416123;-543.778251242485;58.7813954974359;"T9";29.62207068922;2;1;8;"S-11";8;"S-2"
2.58743398537937;-1.20232840416544;-543.366645148347;58.5651024307296;"T9";29.8164681298658;2;1;8;"S-11";8;"S-2"
2.07265685519419;-1.2468971220237;-543.263183478226;58.5170258786583;"T9";29.8564543365501;2;1;8;"S-11";8;"S-2"
1.86955209797621;-1.15469068836035;-543.152998342895;58.4507392052084;"T9";29.9096156377345;2;1;8;"S-11";8;"S-2"
1.96109233726372;-0.915685316628853;-543.107452289988;58.4226086154056;"T9";29.9339776509441;2;1;8;"S-11";8;"S-2"
2.09888035201951;-1.21296498621175;-542.808411466701;58.282978631772;"T9";30.0864645163529;2;1;8;"S-11";8;"S-2"
1.95814209670992;-1.46862172360754;-542.681558423826;58.2096689267888;"T9";30.1469029509462;2;1;8;"S-11";8;"S-2"
2.04877035356729;-1.44772535400426;-542.663878568427;58.1964088984416;"T9";30.1559318439104;2;1;8;"S-11";8;"S-2"
2.58340788651246;-1.51591231037715;-542.290883180485;57.9328386651502;"T9";30.3379900171421;2;1;8;"S-11";8;"S-2"
2.58722536827659;-1.45530689228167;-542.210056123076;57.8854103314453;"T9";30.3692770074122;2;1;8;"S-11";8;"S-2"
2.6821261462856;-1.54178157571027;-542.036560167376;57.7878193510808;"T9";30.4363357019611;2;1;8;"S-11";8;"S-2"
2.64037134259656;-1.5769859336758;-541.961368826738;57.7445966921432;"T9";30.4643699317239;2;1;8;"S-11";8;"S-2"
2.57999817849316;-1.47450191675036;-541.938340832544;57.7308430119928;"T9";30.4730914300308;2;1;8;"S-11";8;"S-2"
2.78598234661856;-1.52630950514928;-541.740485903395;57.6177663925207;"T9";30.5497794412076;2;1;8;"S-11";8;"S-2"
2.3955905793427;-1.4255181744167;-541.509991428664;57.491489243603;"T9";30.6325130863115;2;1;8;"S-11";8;"S-2"
2.50405147423786;-1.35634376002486;-541.453142041717;57.4576604938172;"T9";30.6562439305708;2;1;8;"S-11";8;"S-2"
2.75449143713366;-1.24460385511168;-541.363493342936;57.4091014068987;"T9";30.6920453906059;2;1;8;"S-11";8;"S-2"
2.94232747911283;-1.1809146339527;-541.262031439434;57.3632563283685;"T9";30.728880467359;2;1;8;"S-11";8;"S-2"
2.61174711364157;-1.22197156692288;-540.975069570067;57.2480830604954;"T9";30.8264093357138;2;1;8;"S-11";8;"S-2"
2.02455871667626;-1.13409101046784;-540.305911544035;56.9350006501355;"T9";31.0826202156022;2;1;8;"S-11";8;"S-2"
2.08673361853218;-1.14290596861985;-540.286210670051;56.9239648703882;"T9";31.0923511628062;2;1;8;"S-11";8;"S-2"
2.34432676640441;-0.893883488424522;-540.023578717395;56.7801211025133;"T9";31.2182090827264;2;1;8;"S-11";8;"S-2"
2.24898023312768;-1.18217556175959;-539.907702811902;56.7359380303787;"T9";31.2676373054273;2;1;8;"S-11";8;"S-2"
2.29446188160848;-1.22831077898582;-539.818279901702;56.6889329133294;"T9";31.307398842182;2;1;8;"S-11";8;"S-2"
2.2244488310727;-1.36301555727147;-539.726608399841;56.6398577490112;"T9";31.3473522197455;2;1;8;"S-11";8;"S-2"
2.11486487180478;-1.7819978322988;-538.808396061053;56.0772295216662;"T9";31.7601341754198;2;1;8;"S-11";8;"S-2"
1.99455205931645;-1.7280958357046;-538.782657836481;56.0555423391864;"T9";31.7723043262959;2;1;8;"S-11";8;"S-2"
2.21900685646387;-1.69985075501252;-538.727810487943;56.0080221583193;"T9";31.7998029058799;2;1;8;"S-11";8;"S-2"
2.08552729411663;-1.65659864262275;-538.698222479874;55.9853565240474;"T9";31.8131368025206;2;1;8;"S-11";8;"S-2"
2.05588341239466;-1.60639360685403;-538.585324040143;55.8956778118388;"T9";31.8672710447572;2;1;8;"S-11";8;"S-2"
1.82398347684996;-1.6066041503658;-538.488803910939;55.8202604425704;"T9";31.9142192951404;2;1;8;"S-11";8;"S-2"
2.43296794187405;-2.01738452969232;-538.131665035657;55.505684786284;"T9";32.1100208908319;2;1;8;"S-11";8;"S-2"
2.43128585821131;-1.89567278087117;-537.949127832585;55.3543273749375;"T9";32.1850474458188;2;1;8;"S-11";8;"S-2"
2.56949860684756;-1.87746789711202;-537.891562470164;55.3094436808654;"T9";32.208724366501;2;1;8;"S-11";8;"S-2"
2.97327929998131;-1.82886003087667;-537.470686730535;55.0019203812916;"T9";32.3725212016143;2;1;8;"S-11";8;"S-2"
3.10091771813043;-1.65786048656497;-537.305246049385;54.9001580445893;"T9";32.4281636974774;2;1;8;"S-11";8;"S-2"
2.96061505060217;-1.60910206573722;-537.049352147196;54.7633480974204;"T9";32.5106856878847;2;1;8;"S-11";8;"S-2"
2.75171675712908;-1.63456793365638;-536.930623410721;54.6988187169172;"T9";32.5507884146646;2;1;8;"S-11";8;"S-2"
2.7561372413999;-1.55831356916528;-536.857906579425;54.6556236459249;"T9";32.577214401681;2;1;8;"S-11";8;"S-2"
2.98073051083729;-1.58163949058694;-536.804659238829;54.6255177237211;"T9";32.5965339550748;2;1;8;"S-11";8;"S-2"
2.59943530432983;-1.84672149359477;-536.684164008075;54.5615803718893;"T9";32.6369586866349;2;1;8;"S-11";8;"S-2"
2.72073505881251;-1.6605889974918;-535.771755843745;53.9133766004034;"T9";32.987961138133;2;1;8;"S-11";8;"S-2"
2.97900372773321;-1.48243910445025;-535.612730424244;53.816316116293;"T9";33.0464105703868;2;1;8;"S-11";8;"S-2"
2.91247274212994;-1.37066102193235;-535.39842918274;53.7096735708072;"T9";33.1183477886952;2;1;8;"S-11";8;"S-2"
3.10465704470959;-1.33794415445566;-535.344176726016;53.6841414081537;"T9";33.1369754159823;2;1;8;"S-11";8;"S-2"
2.5405807738336;-0.951407564162529;-534.912385398641;53.4980620202901;"T9";33.2760540070012;2;1;8;"S-11";8;"S-2"
2.67882462508629;-0.957824917848627;-534.878551851237;53.4853918886201;"T9";33.2893712562509;2;1;8;"S-11";8;"S-2"
2.62649921216583;-1.07662367248544;-534.550996154016;53.368272982872;"T9";33.4116471582092;2;1;8;"S-11";8;"S-2"
2.70121895477506;-1.08425166223657;-534.53311255468;53.3609423481222;"T9";33.4184560691938;2;1;8;"S-11";8;"S-2"
2.42469947880254;-1.25656879369073;-534.378969638876;53.2990703875444;"T9";33.4755202755332;2;1;8;"S-11";8;"S-2"
2.26536385074476;-1.08998027480878;-534.13497176845;53.1726216822984;"T9";33.5761504247785;2;1;8;"S-11";8;"S-2"
2.27209255856541;-1.11395621680595;-534.130414633943;53.170429016109;"T9";33.5781620815396;2;1;8;"S-11";8;"S-2"
2.39613527578759;-0.554208437748459;-533.838092808822;53.0271101565079;"T9";33.7068196153268;2;1;8;"S-11";8;"S-2"
2.9331366605547;-0.483202577986616;-533.326069195501;52.9086828666565;"T9";33.9205068885349;2;1;8;"S-11";8;"S-2"
2.93684401767987;-0.78935329899193;-533.133675819006;52.8769881363155;"T9";33.986099937465;2;1;8;"S-11";8;"S-2"
2.97930169001404;-0.776467974908189;-533.100154104762;52.8679783027774;"T9";33.9975141338073;2;1;8;"S-11";8;"S-2"
3.06817427257376;-0.776130982635516;-533.059049417262;52.8572655664441;"T9";34.011310886126;2;1;8;"S-11";8;"S-2"
2.60524755759989;-0.949904203585325;-532.532097046024;52.7239667296255;"T9";34.1830587480217;2;1;8;"S-11";8;"S-2"
2.58771236185556;-0.935042679186407;-532.486823625168;52.7074595026417;"T9";34.2004365287721;2;1;8;"S-11";8;"S-2"
2.55368355081589;-0.948797408074524;-532.479025514168;52.7046417371477;"T9";34.2034500441514;2;1;8;"S-11";8;"S-2"
2.58619042998034;-1.11353078890292;-532.415286930577;52.6809602583341;"T9";34.2284095124342;2;1;8;"S-11";8;"S-2"
2.44889853959053;-0.76361178186949;-531.599163827949;52.3295637827396;"T9";34.5439791213721;2;1;8;"S-11";8;"S-2"
2.67840880173375;-0.867770190559685;-531.31298256726;52.2403271815168;"T9";34.6608403371647;2;1;8;"S-11";8;"S-2"
2.26393650923532;-1.05359576411799;-531.107547827411;52.17376895365;"T9";34.737540630158;2;1;8;"S-11";8;"S-2"
2.09717812143083;-1.50212906076913;-530.70955319234;51.9885493328954;"T9";34.9133382434957;2;1;8;"S-11";8;"S-2"
2.1560950226645;-1.79088926891769;-530.608345144632;51.9160578510838;"T9";34.9615974002518;2;1;8;"S-11";8;"S-2"
2.26613737375464;-1.69972419442684;-530.557692138142;51.8739846006898;"T9";34.9850903381594;2;1;8;"S-11";8;"S-2"
2.16844332851656;-1.65021813121565;-530.235561792691;51.632369618181;"T9";35.1272398605943;2;1;8;"S-11";8;"S-2"
1.98482534909078;-1.30724452091253;-530.091926395578;51.5230609111086;"T9";35.193478805013;2;1;8;"S-11";8;"S-2"
1.96593906810881;-1.078712404927;-530.038703788172;51.4880074682694;"T9";35.2202935609967;2;1;8;"S-11";8;"S-2"
1.94560446924148;-1.03290677611535;-530.011147635227;51.4728873841857;"T9";35.2343103499152;2;1;8;"S-11";8;"S-2"
1.75646728509156;-1.01506385268999;-529.96656613624;51.4492194017556;"T9";35.2572243078612;2;1;1;"S-12-NA";8;"S-2"
1.73367082724055;-1.12121531168291;-529.942179845812;51.4351265449605;"T9";35.2711080224253;2;1;1;"S-12-NA";8;"S-2"
1.76319445236565;-1.2038887558201;-529.930234439936;51.4274011037971;"T9";35.2779982611537;2;1;8;"S-13-NA";8;"S-2"
1.77608089087285;-1.16849095847939;-529.91534818282;51.4172369398079;"T9";35.286441037897;2;1;8;"S-13-NA";8;"S-2"
2.54351896708294;-1.25890249557441;-529.763528355911;51.3173540482275;"T9";35.3719212813303;2;1;8;"S-13-NA";8;"S-2"
2.31809826530253;-1.50439788945532;-529.700675598981;51.2862453780832;"T9";35.396632226184;2;1;8;"S-13-NA";8;"S-2"
2.75706832472264;-1.03475441644316;-529.275157140963;51.0100926887223;"T9";35.58019582415;2;1;8;"S-13-NA";8;"S-2"
2.76847064284113;-1.05921679881861;-529.073870972653;50.9345480423457;"T9";35.6532031437382;2;1;8;"S-13-NA";8;"S-2"
2.64152567443166;-0.306751284498659;-528.653909857932;50.7738709303405;"T9";35.8048974070698;2;1;1;"S-14-NA";8;"S-2"
2.28880196688888;-0.269640008507214;-528.554312603461;50.7623050439903;"T9";35.8426018501632;2;1;1;"S-14-NA";8;"S-2"
2.21872492431343;-0.270815174815829;-528.532294933591;50.7597111783886;"T9";35.8522215858102;2;1;1;"S-14-NA";8;"S-2"
2.38214856035872;-0.197499432718208;-528.515792505355;50.7576969097703;"T9";35.8596593840048;2;1;1;"S-14-NA";8;"S-2"
2.1111743302545;-0.962995310511824;-527.92988870541;50.7091207336064;"T9";36.1056154128164;2;1;8;"S-15-NA";8;"S-2"
1.91318577803528;-1.24141434377009;-527.827367628049;50.6623565629206;"T9";36.1541765742004;2;1;8;"S-15-NA";8;"S-2"
1.92366022463797;-1.20559914180846;-527.765755717005;50.6223782654677;"T9";36.186380404979;2;1;8;"S-15-NA";8;"S-2"
2.29501775619757;-0.972132103364008;-527.678894361594;50.5679403901098;"T9";36.2315346137621;2;1;8;"S-15-NA";8;"S-2"
2.3555706328563;-0.986424955355403;-527.668800588249;50.5636648322905;"T9";36.2359327380545;2;1;8;"S-15-NA";8;"S-2"
2.3631389239163;-1.59017827637536;-527.319487342833;50.4173854986511;"T9";36.3842251477763;2;1;8;"S-15-NA";8;"S-2"
2.38605359017263;-1.55718331923276;-527.311611015103;50.4120854440814;"T9";36.3875581417233;2;1;8;"S-15-NA";8;"S-2"
2.36318470473817;-1.48499227951515;-527.231365088561;50.3597154475473;"T9";36.4211893756874;2;1;8;"S-15-NA";8;"S-2"
2.23032716347367;-1.59871555357825;-526.924378152652;50.1668091424147;"T9";36.5510932868347;2;1;8;"S-15-NA";8;"S-2"
2.10561633138353;-1.59006268004565;-526.896512014788;50.1468344818572;"T9";36.563587479759;2;1;8;"S-15-NA";8;"S-2"
2.14027412152603;-1.48423960860571;-526.812931548667;50.0837184345613;"T9";36.6032815421931;2;1;8;"S-15-NA";8;"S-2"
2.2821113824418;-1.37029324694831;-526.799902686469;50.0746831651372;"T9";36.6093690157868;2;1;8;"S-15-NA";8;"S-2"
2.45051078778211;-1.37490401516621;-526.616275380176;49.9644241919318;"T9";36.6898327949457;2;1;8;"S-15-NA";8;"S-2"
2.48021581647482;-1.23359518759931;-526.271508252675;49.7709862726775;"T9";36.8305247393437;2;1;8;"S-15-NA";8;"S-2"
2.46322968636535;-1.20887521641185;-526.049798571235;49.6607136124309;"T9";36.9199160253629;2;1;8;"S-15-NA";8;"S-2"
2.62220834905296;-1.0265765917821;-525.90051197992;49.5874484754515;"T9";36.9805220630951;2;1;8;"S-15-NA";8;"S-2"
2.21410478156452;-0.94157616892361;-525.575264180767;49.4601161918593;"T9";37.1045578969643;2;1;8;"S-15-NA";8;"S-2"
2.16088196496077;-0.894718880232491;-525.54586103201;49.4476121295442;"T9";37.1178378234617;2;1;8;"S-15-NA";8;"S-2"
2.07155967078897;-0.967829059556201;-525.36088284459;49.3710214228792;"T9";37.2034409199841;2;1;8;"S-15-NA";8;"S-2"
2.10822016815006;-0.872459643415144;-525.344447510036;49.3633428632854;"T9";37.2113747172989;2;1;8;"S-15-NA";8;"S-2"
2.02757409454627;-0.827995334402513;-525.307634834094;49.3481084135769;"T9";37.2288362123072;2;1;1;"S-16-NA";8;"S-2"
1.87400762415979;-0.997625880510681;-525.255492241701;49.3268150742404;"T9";37.2545529506169;2;1;8;"S-17-NA";8;"S-2"
1.69433720502952;-1.01986946616063;-525.162041402019;49.2770666233698;"T9";37.3044197913259;2;1;1;"S-18-NA";8;"S-2"
1.48598263491709;-1.15904434465368;-524.936389827297;49.1412405609031;"T9";37.4375996412709;2;1;1;"S-18-NA";8;"S-2"
1.49628355930126;-1.33731469680598;-524.891323765285;49.1060897030907;"T9";37.4679270898923;2;1;1;"S-18-NA";8;"S-2"
1.45329508810797;-1.54145193651625;-524.705249942281;48.9397848228112;"T9";37.5922844163142;2;1;1;"S-18-NA";8;"S-2"
1.61419715455394;-1.54564790986188;-524.660214014792;48.8920170169407;"T9";37.6232732553035;2;1;8;"S-19";8;"S-2"
1.67970554665377;-1.37398928788354;-524.554499175099;48.7907915126388;"T9";37.6887639169581;2;1;8;"S-19";8;"S-2"
1.57212601222888;-1.41354024448875;-524.356557783393;48.6288766148912;"T9";37.8066068282351;2;1;8;"S-19";8;"S-2"
2.26339890564448;-1.75866561441584;-524.017811847641;48.3243011488545;"T9";38.0220767925493;2;1;8;"S-19";8;"S-2"
2.12460197258063;-1.65022684925693;-523.945317606153;48.2679729738124;"T9";38.0541057209484;2;1;8;"S-19";8;"S-2"
2.06324373093508;-1.62383540478551;-523.830053311986;48.1784445654565;"T9";38.1083579035476;2;1;8;"S-19";8;"S-2"
2.35318501383824;-1.75030959798626;-523.586184765014;47.9865126212326;"T9";38.2265545777045;2;1;8;"S-19";8;"S-2"
2.16342533891257;-1.63016448535997;-523.453341062743;47.8877028779482;"T9";38.2830073009245;2;1;8;"S-19";8;"S-2"
1.91283524352208;-1.80907744831016;-523.122605009022;47.6384896700295;"T9";38.4358834126033;2;1;8;"S-19";8;"S-2"
2.24652082693975;-2.10640324213285;-523.029663400161;47.550589486692;"T9";38.4844718151726;2;1;8;"S-19";8;"S-2"
2.43575510147704;-1.90008829421423;-522.980345328142;47.5043474285048;"T9";38.5064249043353;2;1;8;"S-19";8;"S-2"
2.79466848320551;-1.38005899084736;-522.797092010212;47.3613948451093;"T9";38.5816596099176;2;1;8;"S-19";8;"S-2"
2.92800467366029;-1.42827041837213;-522.69940914409;47.3131572389486;"T9";38.6166129028425;2;1;8;"S-19";8;"S-2"
2.98174286430984;-1.36567379383976;-522.661776430345;47.2948001330707;"T9";38.6294655851088;2;1;8;"S-19";8;"S-2"
2.99497783930789;-1.3710658156083;-522.586337726743;47.2602483070955;"T9";38.6547657893971;2;1;8;"S-19";8;"S-2"
2.5829864980341;-1.68220564485745;-522.183522726725;47.0758443127518;"T9";38.7892626109533;2;1;8;"S-19";8;"S-2"
2.3048940205381;-1.64957718812456;-521.503007620786;46.6326494476251;"T9";39.0527231851593;2;1;8;"S-19";8;"S-2"
1.86159954696477;-1.90500122740691;-521.242486175983;46.4461982578803;"T9";39.1657528700307;2;1;8;"S-19";8;"S-2"
2.47152013177748;-1.6287844600887;-521.01391917198;46.2123023999442;"T9";39.2885327688418;2;1;8;"S-19";8;"S-2"
2.6772564796315;-1.52195420139975;-520.516946838336;45.884787036535;"T9";39.4896123907529;2;1;8;"S-19";8;"S-2"
2.50804239972138;-1.47691094704563;-520.02163846293;45.6032164553549;"T9";39.6746183396317;2;1;8;"S-19";8;"S-2"
2.15566105505642;-1.27998895668895;-519.860905794392;45.5085658076071;"T9";39.7387052420527;2;1;8;"S-19";8;"S-2"
2.10148482085848;-1.25716468957532;-519.83235473719;45.4916127537705;"T9";39.7519499296322;2;1;8;"S-19";8;"S-2"
2.19112910865604;-1.11118008832498;-519.603670004823;45.3548074018005;"T9";39.8607704788446;2;1;8;"S-19";8;"S-2"
1.9230720048864;-1.3075059053911;-519.536170751099;45.3205767275706;"T9";39.8915761732496;2;1;8;"S-19";8;"S-2"
2.46230392339158;-0.95235799228066;-519.324909899466;45.1769394584578;"T9";40.0014320970513;2;1;8;"S-19";8;"S-2"
2.19083435243116;-0.995173960907824;-519.113757245454;45.0952708570602;"T9";40.0871861958876;2;1;8;"S-19";8;"S-2"
2.0422884696689;-1.1481143773097;-519.067199824634;45.0741224152186;"T9";40.1084371958859;2;1;8;"S-19";8;"S-2"
2.22517085551876;-1.33100298716806;-519.021101337706;45.0482072047082;"T9";40.1310091721825;2;1;8;"S-19";8;"S-2"
2.67023735224248;-1.26743102462806;-518.758527467726;44.8911466336382;"T9";40.2490108390339;2;1;8;"S-19";8;"S-2"
2.80464326286315;-1.52635388135342;-518.526601350576;44.7810626532571;"T9";40.3358668321744;2;1;8;"S-19";8;"S-2"
2.47053621134024;-1.36139496649776;-517.771589553236;44.3701671919353;"T9";40.6050674850121;2;1;8;"S-19";8;"S-2"
2.28543691063556;-1.36357028071779;-517.604736233717;44.2782222658523;"T9";40.6726047745906;2;1;8;"S-19";8;"S-2"
2.29964758903229;-1.39753784533693;-517.55213614352;44.2468392425795;"T9";40.6956201069988;2;1;8;"S-19";8;"S-2"
2.54100549275809;-1.29075937501452;-517.521328394897;44.2281168110051;"T9";40.7090168329887;2;1;8;"S-19";8;"S-2"
2.8750840859328;-0.874560440509558;-517.398036479284;44.16548798301;"T9";40.7575377495959;2;1;8;"S-19";8;"S-2"
2.6929607851807;-0.796678194443622;-517.360940549914;44.1542039191838;"T9";40.7704403041862;2;1;8;"S-19";8;"S-2"
2.78805678996259;-0.830651325271208;-517.317870844271;44.1414622946064;"T9";40.7864337437786;2;1;8;"S-19";8;"S-2"
2.42798410773297;-0.833746650893893;-517.167630213082;44.0967008034287;"T9";40.8403209643438;2;1;8;"S-19";8;"S-2"
2.73473594152219;-0.913983379362641;-517.036771585787;44.0517651953658;"T9";40.8942169626243;2;1;8;"S-19";8;"S-2"
2.85200007415129;-0.750497027545369;-516.670646584325;43.9294015839383;"T9";41.0280964337289;2;1;8;"S-19";8;"S-2"
2.86214408761427;-0.921944097072283;-516.534347134882;43.8935347084112;"T9";41.0758872632869;2;1;8;"S-19";8;"S-2"
2.99213866772941;-0.958096905013214;-516.299296976412;43.8178211526001;"T9";41.1580110667273;2;1;8;"S-19";8;"S-2"
2.76382079438339;-0.983083249500383;-516.214798964022;43.7907644907467;"T9";41.1862510722131;2;1;8;"S-19";8;"S-2"
2.63076998022557;-0.94953322924746;-516.049139786107;43.7318399891057;"T9";41.2461895379238;2;1;8;"S-19";8;"S-2"
2.01520382520614;-0.806399598816209;-515.422358629002;43.5056136216881;"T9";41.4844396174885;2;1;1;"S-20-NA";8;"S-2"
2.42142997701406;-0.960799192267454;-515.07052226484;43.3648235440988;"T9";41.6590305743739;2;1;8;"S-21-NA";8;"S-2"
2.62446755535776;-1.04135851698705;-515.004066275536;43.3384544723311;"T9";41.6864755097777;2;1;8;"S-21-NA";8;"S-2"
2.44145015707484;-1.09286674019289;-514.750814960273;43.2379672654884;"T9";41.7829717742279;2;1;8;"S-21-NA";8;"S-2"
2.35174648586755;-0.997130665706423;-514.731425349818;43.2292878909331;"T9";41.7909136158414;2;1;8;"S-21-NA";8;"S-2"
2.37175989502342;-0.960370383073997;-514.692086710578;43.2126084725649;"T9";41.8076410307549;2;1;8;"S-21-NA";8;"S-2"
2.15946245545804;-1.13205833429141;-514.469199222415;43.1223571183536;"T9";41.9016166008078;2;1;8;"S-21-NA";8;"S-2"
2.38203120042781;-1.31880132136909;-514.066497561095;42.9112482052175;"T9";42.0880989637226;2;1;8;"S-21-NA";8;"S-2"
2.61624547493275;-1.12305761173232;-513.959404172344;42.8519564114874;"T9";42.1330578159541;2;1;8;"S-21-NA";8;"S-2"
2.58689940035481;-1.1261419649548;-513.951836586614;42.8487079262675;"T9";42.1359503525309;2;1;8;"S-21-NA";8;"S-2"
2.59146825003734;-1.20508292065619;-513.905892572158;42.8287073484677;"T9";42.1537106158212;2;1;8;"S-21-NA";8;"S-2"
2.28304082001385;-1.41714966488029;-513.582756345518;42.6784427454713;"T9";42.2784029506147;2;1;8;"S-21-NA";8;"S-2"
2.25737896070331;-1.61228011888322;-513.329261323331;42.5210910316556;"T9";42.3894368926995;2;1;8;"S-21-NA";8;"S-2"
2.41467478038716;-1.60244884123554;-513.274744864689;42.4821539263;"T9";42.4135872279294;2;1;8;"S-21-NA";8;"S-2"
2.72292293679682;-1.36172582409565;-512.959394173471;42.272877979978;"T9";42.5441848114133;2;1;8;"S-21-NA";8;"S-2"
2.85458979494067;-1.43304873245686;-512.880846124296;42.2335963295325;"T9";42.5730317714624;2;1;8;"S-21-NA";8;"S-2"
2.90192299280218;-1.33493675551207;-512.852509203159;42.2193707518366;"T9";42.5829585641623;2;1;8;"S-21-NA";8;"S-2"
2.47111118733187;-1.40030745081266;-512.378789673409;42.0014512503077;"T9";42.7462018793449;2;1;8;"S-21-NA";8;"S-2"
2.60789280918493;-1.56525169066673;-512.304211372646;41.9591898778681;"T9";42.7763819461688;2;1;8;"S-21-NA";8;"S-2"
2.63983687262875;-1.55265616120958;-512.292551877834;41.9521918739997;"T9";42.7808527951129;2;1;8;"S-21-NA";8;"S-2"
2.4700440981171;-1.7139250513769;-511.628531627865;41.5616392822951;"T9";43.0323911597952;2;1;8;"S-21-NA";8;"S-2"
2.70675519523527;-1.93803407707953;-511.404180357395;41.4059654370148;"T9";43.1232200120576;2;1;8;"S-21-NA";8;"S-2"
2.58871386294756;-1.5574114699203;-511.004124785813;41.1195260383514;"T9";43.2710189605132;2;1;8;"S-21-NA";8;"S-2"
2.41723338149395;-1.47981087012831;-510.90625347883;41.0606451020482;"T9";43.3088258840144;2;1;8;"S-21-NA";8;"S-2"
2.96833850997577;-1.32630524897443;-510.386556923231;40.7424910429363;"T9";43.5238223173656;2;1;8;"S-21-NA";8;"S-2"
3.05866098206707;-1.30302615932917;-510.343666282186;40.7233267588902;"T9";43.5382716939785;2;1;8;"S-21-NA";8;"S-2"
3.14699843585904;-1.2776510195223;-510.317186515366;40.7120460615322;"T9";43.5469290008768;2;1;8;"S-21-NA";8;"S-2"
3.19244935964373;-1.15444025325445;-510.275035868878;40.6949333055025;"T9";43.5603229212575;2;1;8;"S-21-NA";8;"S-2"
3.22532729505038;-0.542292904056714;-509.589055003351;40.4468717593625;"T9";43.7751989578828;2;1;8;"S-21-NA";8;"S-2"
3.15572143551531;-0.541798308018884;-509.583154862323;40.4458797345787;"T9";43.7770282733254;2;1;8;"S-21-NA";8;"S-2"
3.10090387075558;-0.219219165110375;-509.244575776372;40.3877498965537;"T9";43.8843188225292;2;1;8;"S-21-NA";8;"S-2"
2.33495230013638;-0.799826850334656;-508.245925329546;40.3171500565344;"T9";44.2063702270389;2;1;8;"S-21-NA";8;"S-2"
1.99275794534701;-0.960343308176867;-508.155897636016;40.2863114965541;"T9";44.2449267720804;2;1;8;"S-21-NA";8;"S-2"
1.79627969602885;-0.966637082158482;-508.109714666603;40.2640551529118;"T9";44.2681021755561;2;1;1;"S-22-NA";8;"S-2"
1.87273521794985;-1.01315949646499;-508.096430481128;40.2569064965443;"T9";44.275497563649;2;1;8;"S-23-NA";8;"S-2"
1.80933122561637;-1.07895524004759;-507.717242990718;40.0517640913785;"T9";44.477975461632;2;1;8;"S-23-NA";8;"S-2"
1.75681489427971;-1.83112260029259;-506.644430838601;39.412015947575;"T9";45.0709084398113;2;1;8;"S-23-NA";8;"S-2"
2.20941232536408;-1.72165356453906;-506.571679352755;39.3361873042899;"T9";45.1123194536194;2;1;8;"S-23-NA";8;"S-2"
1.89698568485809;-1.54215020329143;-506.295750613839;39.1211737047637;"T9";45.2372072963044;2;1;8;"S-23-NA";8;"S-2"
2.01419352562471;-1.54402425944837;-506.276970577563;39.1059065169344;"T9";45.2471072319895;2;1;8;"S-23-NA";8;"S-2"
1.77379081891969;-1.76832240437697;-506.040065967003;38.9243020875548;"T9";45.3647248330526;2;1;8;"S-23-NA";8;"S-2"
1.53958068544687;-1.82635448250782;-505.851855994435;38.7366723469628;"T9";45.4708309029229;2;1;8;"S-23-NA";8;"S-2"
1.5910578723103;-1.8312279719645;-505.766767632937;38.6357347917564;"T9";45.5260981339961;2;1;8;"S-23-NA";8;"S-2"
1.66897888958606;-2.00819126420786;-505.681936467363;38.5380983663337;"T9";45.5794155946933;2;1;8;"S-23-NA";8;"S-2"
1.6170631219358;-2.07076245686811;-505.671183731552;38.5251601858353;"T9";45.5858582979999;2;1;8;"S-23-NA";8;"S-2"
1.85248870992306;-1.96903326453317;-505.53122001687;38.3459268573669;"T9";45.6724125659093;2;1;8;"S-23-NA";8;"S-2"
2.22737439670234;-2.46751121647382;-505.152804414403;37.9437042121847;"T9";45.8766867406666;2;1;8;"S-23-NA";8;"S-2"
2.62866053387442;-2.39382470709866;-505.055947040249;37.8364044885832;"T9";45.9201717399992;2;1;1;"S-24-NA";8;"S-2"
2.51260257858792;-2.3500769009934;-504.996087608096;37.7818926998628;"T9";45.9429435781203;2;1;8;"S-25-NA";8;"S-2"
2.66925872766445;-2.33552153492126;-504.937429181859;37.7270285467641;"T9";45.9662892622873;2;1;1;"S-26-NA";8;"S-2"
3.18726897759786;-2.13281574923002;-504.680160337847;37.5019260045386;"T9";46.0626713931561;2;1;1;"S-26-NA";8;"S-2"
3.30231804575948;-2.15429572836231;-504.440542785434;37.3415818060505;"T9";46.1378509760834;2;1;1;"S-26-NA";8;"S-2"
3.13781452092646;-1.76964563765491;-503.64792432968;36.8245103036115;"T9";46.3778697885573;2;1;8;"S-27-NA";8;"S-2"
3.19109254153588;-1.42626946260773;-503.389212913127;36.6786038051044;"T9";46.4603193453513;2;1;8;"S-27-NA";8;"S-2"
2.83540009857534;-0.92833052196812;-502.948267582996;36.481521818023;"T9";46.5984993963502;2;1;8;"S-27-NA";8;"S-2"
2.74518300723948;-0.841889238806944;-502.697954278737;36.3995674298169;"T9";46.6867808718234;2;1;8;"S-27-NA";8;"S-2"
2.60629119074958;-0.876629294267641;-502.342038048463;36.2904154922615;"T9";46.8164320569485;2;1;8;"S-27-NA";8;"S-2"
2.33452402337043;-1.17322407613999;-502.145277767432;36.2242349262097;"T9";46.8919264152646;2;1;8;"S-27-NA";8;"S-2"
1.98729246670428;-1.39176578316292;-501.985655741201;36.1440162596286;"T9";46.9603009638377;2;1;8;"S-27-NA";8;"S-2"
1.96845926499588;-1.3940266941984;-501.937865736149;36.1105473591401;"T9";46.9843487604521;2;1;8;"S-27-NA";8;"S-2"
1.10106437595239;-1.68106424492517;-501.616582505559;35.883020476667;"T9";47.1475643455051;2;1;1;"S-28-NA";8;"S-2"
1.22605390070457;-1.64267404724938;-501.609468268086;35.8721587227972;"T9";47.154025582131;2;1;1;"S-28-NA";8;"S-2"
1.20125504555034;-1.85126015039996;-501.584529813574;35.8387460384262;"T9";47.174366004765;2;1;1;"S-28-NA";8;"S-2"
1.16016595630739;-1.90167306254241;-501.573110322064;35.8211474030266;"T9";47.1838723053224;2;1;1;"S-28-NA";8;"S-2"
1.75679340509205;-1.73558996985019;-501.358874295609;35.4699848143287;"T9";47.3685321165249;2;1;8;"S-29-NA";8;"S-2"
1.67260727395185;-2.0531414520371;-501.273228247029;35.3853724618223;"T9";47.4172834656201;2;1;8;"S-29-NA";8;"S-2"
2.08906146789229;-2.00005806188809;-501.086503997871;35.1561666571981;"T9";47.5289201014675;2;1;8;"S-29-NA";8;"S-2"
1.63063030085027;-1.95118955331185;-500.685569897486;34.7723141511391;"T9";47.7208407828584;2;1;8;"S-29-NA";8;"S-2"
1.54551583530572;-2.00490692423265;-500.678867785071;34.7642944965779;"T9";47.7249509189278;2;1;8;"S-29-NA";8;"S-2"
1.79679792004096;-1.69579181693922;-500.628658936904;34.6991615066418;"T9";47.7574377087876;2;1;8;"S-29-NA";8;"S-2"
1.938778334419;-1.53447453122333;-500.465239172735;34.54492830339;"T9";47.8483882616274;2;1;8;"S-29-NA";8;"S-2"
1.90105687692924;-1.95992224525263;-500.278573346992;34.3971888994736;"T9";47.9446683893912;2;1;8;"S-29-NA";8;"S-2"
1.79314019066765;-2.27244910202829;-500.062418834203;34.1743412597379;"T9";48.058370675426;2;1;8;"S-29-NA";8;"S-2"
1.76422581864585;-2.4034133015804;-500.018301780404;34.1184316550059;"T9";48.0829739128239;2;1;8;"S-29-NA";8;"S-2"
1.8935352776266;-2.44166732040188;-499.947794235951;34.0223788887399;"T9";48.1229390599765;2;1;8;"S-29-NA";8;"S-2"
2.34705518912985;-2.24769984927897;-499.825954695578;33.8652697883296;"T9";48.1872840668075;2;1;8;"S-29-NA";8;"S-2"
2.83179097170075;-2.07973006236949;-499.447185083317;33.5025342189523;"T9";48.3486648532562;2;1;8;"S-29-NA";8;"S-2"
2.75330629998681;-2.08285675955641;-499.405598910775;33.4719924119904;"T9";48.3633503201418;2;1;8;"S-29-NA";8;"S-2"
2.54827489618846;-2.0387713852948;-499.230973536238;33.3398895501525;"T9";48.4267742023803;2;1;8;"S-29-NA";8;"S-2"
2.66035898799297;-1.82997233727949;-499.156266536107;33.2801195094959;"T9";48.456090898253;2;1;8;"S-29-NA";8;"S-2"
2.31877235845831;-1.66660073150953;-498.873456577368;33.0855839586413;"T9";48.5623960848898;2;1;8;"S-29-NA";8;"S-2"
1.89152363579258;-1.82106188168629;-498.721884589495;32.9766426971403;"T9";48.627763427794;2;1;8;"S-29-NA";8;"S-2"
1.85171698397874;-2.12858185936386;-498.492443976102;32.7557490496831;"T9";48.7490627914667;2;1;8;"S-29-NA";8;"S-2"
1.8853229691;-2.11697429998938;-498.478713206882;32.7399652843835;"T9";48.7564779468812;2;1;8;"S-29-NA";8;"S-2"
2.23470854770902;-2.00138639196544;-498.417733540394;32.671492991364;"T9";48.7888223608024;2;1;8;"S-29-NA";8;"S-2"
2.18415795055533;-2.05305363944675;-498.395140647051;32.6512589839639;"T9";48.7989323562942;2;1;8;"S-29-NA";8;"S-2"
2.20201207086809;-2.04205923106828;-498.390138912686;32.6465574792307;"T9";48.8012223620899;2;1;8;"S-29-NA";8;"S-2"
2.57455931583764;-1.66624711512361;-497.455753758992;31.7800455042433;"T9";49.2255548015237;2;1;8;"S-29-NA";8;"S-2"
2.48709057163778;-1.56384758523843;-497.412610110377;31.7521230634597;"T9";49.2423124844208;2;1;8;"S-29-NA";8;"S-2"
2.92169196286411;-2.16832704587946;-496.460514217844;31.1534585518281;"T9";49.6251276112162;2;1;1;"S-30-NA";8;"S-2"
2.99767001883277;-1.72604426543608;-495.961627877087;30.7832111885767;"T9";49.7958801570348;2;1;8;"S-31-NA";8;"S-2"
2.49383122668524;-1.7254326722195;-495.478019861764;30.5047519731453;"T9";49.957208125852;2;1;8;"S-31-NA";8;"S-2"
2.53974307931062;-1.67092646337576;-495.409844703256;30.4575829247089;"T9";49.9845456448384;2;1;8;"S-31-NA";8;"S-2"
2.34107402683251;-1.62867237662414;-495.370594611689;30.4317598336949;"T9";50;2;1;8;"S-31-NA";8;"S-2"
